数据由邢不行整理，对数据字段有疑问的，可以直接微信私信邢不行，微信号：xbx9585
股票代码,股票名称,交易日期,开盘价,最高价,最低价,收盘价,前收盘价,成交量,成交额,流通市值,总市值
sh600971,N恒源,2004-08-17,15.75,17.49,15.74,17.24,9.99,29278135.0,494310715.0,758560000.0,2165344000.0
sh600971,恒源煤电,2004-08-18,17.19,17.58,17.12,17.47,17.24,8998906.0,156173041.0,768680000.0,2194232000.0
sh600971,恒源煤电,2004-08-19,17.44,17.7,17.3,17.56,17.47,3976053.0,69600954.0,772640000.0,2205536000.0
sh600971,恒源煤电,2004-08-20,17.5,18.16,17.41,17.52,17.56,4061525.0,72209934.0,770880000.0,2200512000.0
sh600971,恒源煤电,2004-08-23,17.56,17.9,17.48,17.78,17.52,2421968.0,42878572.0,782320000.0,2233168000.0
sh600971,恒源煤电,2004-08-24,17.78,17.88,17.0,17.48,17.78,2721566.0,47402974.0,769120000.0,2195488000.0
sh600971,恒源煤电,2004-08-25,17.28,17.65,17.28,17.57,17.48,1477159.0,25829897.0,773080000.0,2206792000.0
sh600971,恒源煤电,2004-08-26,17.55,18.09,17.36,18.03,17.57,1727293.0,30817944.0,793320000.0,2264568000.0
sh600971,恒源煤电,2004-08-27,18.04,18.2,17.8,18.18,18.03,1818620.0,32715504.0,799920000.0,2283408000.0
sh600971,恒源煤电,2004-08-30,18.01,18.18,17.62,18.0,18.18,1133079.0,20230914.0,792000000.0,2260800000.0
sh600971,恒源煤电,2004-08-31,18.47,18.47,17.75,17.9,18.0,1883295.0,33884826.0,787600000.0,2248240000.0
sh600971,恒源煤电,2004-09-01,17.89,17.89,17.36,17.61,17.9,1018554.0,17926714.0,774840000.0,2211816000.0
sh600971,恒源煤电,2004-09-02,17.55,17.78,17.3,17.6,17.61,728991.0,12778190.0,774400000.0,2210560000.0
sh600971,恒源煤电,2004-09-03,17.6,17.67,17.36,17.52,17.6,394335.0,6901829.0,770880000.0,2200512000.0
sh600971,恒源煤电,2004-09-06,17.49,17.5,17.1,17.12,17.52,899508.0,15617520.0,753280000.0,2150272000.0
sh600971,恒源煤电,2004-09-07,17.0,17.6,16.88,17.59,17.12,701078.0,12151502.0,773960000.0,2209304000.0
sh600971,恒源煤电,2004-09-08,17.61,17.63,17.39,17.56,17.59,326688.0,5726712.0,772640000.0,2205536000.0
sh600971,恒源煤电,2004-09-09,17.38,17.56,17.14,17.49,17.56,708294.0,12321758.0,769560000.0,2196744000.0
sh600971,恒源煤电,2004-09-10,17.3,17.61,17.3,17.59,17.49,361171.0,6324282.0,773960000.0,2209304000.0
sh600971,恒源煤电,2004-09-13,17.45,17.57,17.3,17.49,17.59,440677.0,7676658.0,769560000.0,2196744000.0
sh600971,恒源煤电,2004-09-14,17.65,17.93,17.47,17.54,17.49,494802.0,8732546.0,771760000.0,2203024000.0
sh600971,恒源煤电,2004-09-15,17.66,19.29,17.6,18.88,17.54,6069553.0,114417027.0,830720000.0,2371328000.0
sh600971,恒源煤电,2004-09-16,18.8,19.35,18.71,19.13,18.88,2341048.0,44638145.0,841720000.0,2402728000.0
sh600971,恒源煤电,2004-09-17,19.15,19.88,18.92,19.83,19.13,2331558.0,45437772.0,872520000.0,2490648000.0
sh600971,恒源煤电,2004-09-20,20.08,20.28,19.78,20.1,19.83,2920132.0,58440562.0,884400000.0,2524560000.0
sh600971,恒源煤电,2004-09-21,20.01,20.58,19.61,20.55,20.1,2509155.0,50095666.0,904200000.0,2581080000.0
sh600971,恒源煤电,2004-09-22,20.5,21.5,20.39,21.05,20.55,2459069.0,51740008.0,926200000.0,2643880000.0
sh600971,恒源煤电,2004-09-23,21.0,22.1,20.45,22.03,21.05,1943643.0,40679219.0,969320000.0,2766968000.0
sh600971,恒源煤电,2004-09-24,22.0,22.3,19.98,20.03,22.03,4600965.0,98734716.0,881320000.0,2515768000.0
sh600971,恒源煤电,2004-09-27,20.5,21.18,20.18,20.81,20.03,4670241.0,96475908.0,915640000.0,2613736000.0
sh600971,恒源煤电,2004-09-28,20.82,20.98,20.6,20.82,20.81,1219441.0,25354452.0,916080000.0,2614992000.0
sh600971,恒源煤电,2004-09-29,20.9,21.72,20.8,21.33,20.82,1369593.0,29317548.0,938520000.0,2679048000.0
sh600971,恒源煤电,2004-09-30,21.35,21.71,21.35,21.6,21.33,1440034.0,31014961.0,950400000.0,2712960000.0
sh600971,恒源煤电,2004-10-08,21.51,23.38,21.51,23.2,21.6,2112407.0,48060688.0,1020800000.0,2913920000.0
sh600971,恒源煤电,2004-10-11,23.41,23.79,22.7,22.81,23.2,2121819.0,49238320.0,1003640000.0,2864936000.0
sh600971,恒源煤电,2004-10-12,22.8,23.29,22.36,22.49,22.81,1464773.0,33227439.0,989560000.0,2824744000.0
sh600971,恒源煤电,2004-10-13,22.49,22.88,22.11,22.69,22.49,1512520.0,33864437.0,998360000.0,2849864000.0
sh600971,恒源煤电,2004-10-14,22.75,22.8,21.2,21.55,22.69,2078295.0,45100054.0,948200000.0,2706680000.0
sh600971,恒源煤电,2004-10-15,21.47,22.38,21.1,22.08,21.55,1073394.0,23300120.0,971520000.0,2773248000.0
sh600971,恒源煤电,2004-10-18,22.08,23.29,21.6,22.99,22.08,1739079.0,39380084.0,1011560000.0,2887544000.0
sh600971,恒源煤电,2004-10-19,23.0,23.35,22.4,22.51,22.99,1072729.0,24535235.0,990440000.0,2827256000.0
sh600971,恒源煤电,2004-10-20,22.48,23.54,22.2,23.39,22.51,1523946.0,35182477.0,1029160000.0,2937784000.0
sh600971,恒源煤电,2004-10-21,23.2,23.98,22.81,23.28,23.39,1378798.0,32111079.0,1024320000.0,2923968000.0
sh600971,恒源煤电,2004-10-22,23.31,24.09,22.89,23.93,23.28,1931874.0,45739068.0,1052920000.0,3005608000.0
sh600971,恒源煤电,2004-10-25,24.2,24.7,23.66,23.99,23.93,2024961.0,49174584.0,1055560000.0,3013144000.0
sh600971,恒源煤电,2004-10-26,24.01,24.6,23.8,24.39,23.99,1578193.0,38294601.0,1073160000.0,3063384000.0
sh600971,恒源煤电,2004-10-27,24.55,24.8,24.03,24.25,24.39,1842574.0,44900646.0,1067000000.0,3045800000.0
sh600971,恒源煤电,2004-10-28,24.08,24.3,23.63,24.2,24.25,1426858.0,34173488.0,1064800000.0,3039520000.0
sh600971,恒源煤电,2004-10-29,23.6,24.5,23.41,23.92,24.2,981364.0,23546098.0,1052480000.0,3004352000.0
sh600971,恒源煤电,2004-11-01,23.8,24.7,23.7,23.96,23.92,874446.0,21281563.0,1054240000.0,3009376000.0
sh600971,恒源煤电,2004-11-02,24.0,24.25,23.75,24.0,23.96,482741.0,11565758.0,1056000000.0,3014400000.0
sh600971,恒源煤电,2004-11-03,24.0,24.38,23.83,24.14,24.0,598834.0,14445718.0,1062160000.0,3031984000.0
sh600971,恒源煤电,2004-11-04,24.14,24.95,24.07,24.2,24.14,1255345.0,30819145.0,1064800000.0,3039520000.0
sh600971,恒源煤电,2004-11-05,24.3,24.4,22.9,23.26,24.2,2167060.0,50666674.0,1023440000.0,2921456000.0
sh600971,恒源煤电,2004-11-08,23.01,23.66,22.9,23.49,23.26,364169.0,8485974.0,1033560000.0,2950344000.0
sh600971,恒源煤电,2004-11-09,23.4,23.74,23.13,23.46,23.49,500123.0,11712345.0,1032240000.0,2946576000.0
sh600971,恒源煤电,2004-11-10,23.53,25.75,23.5,25.4,23.46,1905212.0,47206688.0,1117600000.0,3190240000.0
sh600971,恒源煤电,2004-11-11,25.4,25.97,24.96,25.04,25.4,1157922.0,29672144.0,1101760000.0,3145024000.0
sh600971,恒源煤电,2004-11-12,25.06,26.35,25.06,26.27,25.04,1140175.0,29505502.0,1155880000.0,3299512000.0
sh600971,恒源煤电,2004-11-15,26.4,27.37,25.88,26.35,26.27,1381823.0,36449621.0,1159400000.0,3309560000.0
sh600971,恒源煤电,2004-11-16,26.3,27.28,25.9,27.17,26.35,741796.0,19811258.0,1195480000.0,3412552000.0
sh600971,恒源煤电,2004-11-17,27.17,27.89,26.9,27.49,27.17,1142425.0,31444262.0,1209560000.0,3452744000.0
sh600971,恒源煤电,2004-11-18,27.28,27.64,27.11,27.52,27.49,538663.0,14757609.0,1210880000.0,3456512000.0
sh600971,恒源煤电,2004-11-19,27.5,27.78,26.7,27.01,27.52,467917.0,12702331.0,1188440000.0,3392456000.0
sh600971,恒源煤电,2004-11-22,26.86,27.15,26.51,26.66,27.01,777718.0,20855420.0,1173040000.0,3348496000.0
sh600971,恒源煤电,2004-11-23,26.66,26.89,26.02,26.23,26.66,604337.0,16022584.0,1154120000.0,3294488000.0
sh600971,恒源煤电,2004-11-24,26.25,26.6,25.82,26.47,26.23,905307.0,23674429.0,1164680000.0,3324632000.0
sh600971,恒源煤电,2004-11-25,26.47,26.77,26.23,26.48,26.47,451327.0,11941665.0,1165120000.0,3325888000.0
sh600971,恒源煤电,2004-11-26,26.52,26.69,26.03,26.31,26.48,265332.0,6992892.0,1157640000.0,3304536000.0
sh600971,恒源煤电,2004-11-29,26.21,26.21,25.66,25.81,26.31,318726.0,8266721.0,1135640000.0,3241736000.0
sh600971,恒源煤电,2004-11-30,25.81,26.2,25.76,25.97,25.81,352896.0,9169602.0,1142680000.0,3261832000.0
sh600971,恒源煤电,2004-12-01,26.0,26.9,26.0,26.68,25.97,718790.0,19121291.0,1173920000.0,3351008000.0
sh600971,恒源煤电,2004-12-02,26.7,26.7,25.88,25.95,26.68,502637.0,13167612.0,1141800000.0,3259320000.0
sh600971,恒源煤电,2004-12-03,25.84,25.84,23.66,24.98,25.95,2761735.0,68215919.0,1099120000.0,3137488000.0
sh600971,恒源煤电,2004-12-06,24.5,24.8,23.87,23.99,24.98,1614781.0,38873233.0,1055560000.0,3013144000.0
sh600971,恒源煤电,2004-12-07,24.0,24.3,23.77,23.9,23.99,796829.0,19095718.0,1051600000.0,3001840000.0
sh600971,恒源煤电,2004-12-08,24.01,24.43,23.78,24.27,23.9,696143.0,16754287.0,1067880000.0,3048312000.0
sh600971,恒源煤电,2004-12-09,24.2,24.99,24.05,24.52,24.27,633130.0,15563706.0,1078880000.0,3079712000.0
sh600971,恒源煤电,2004-12-10,24.17,24.58,24.17,24.24,24.52,478782.0,11634315.0,1066560000.0,3044544000.0
sh600971,恒源煤电,2004-12-13,23.8,23.97,23.16,23.18,24.24,2058330.0,48074201.0,1019920000.0,2911408000.0
sh600971,恒源煤电,2004-12-14,23.18,24.14,23.18,23.6,23.18,599471.0,14248508.0,1038400000.0,2964160000.0
sh600971,恒源煤电,2004-12-15,23.71,24.07,23.61,23.96,23.6,494683.0,11803550.0,1054240000.0,3009376000.0
sh600971,恒源煤电,2004-12-16,23.85,24.09,23.72,23.87,23.96,229013.0,5468769.0,1050280000.0,2998072000.0
sh600971,恒源煤电,2004-12-17,23.8,23.85,22.95,23.18,23.87,367184.0,8555892.0,1019920000.0,2911408000.0
sh600971,恒源煤电,2004-12-20,23.0,23.0,22.11,22.41,23.18,470586.0,10587490.0,986040000.0,2814696000.0
sh600971,恒源煤电,2004-12-21,22.41,22.79,22.2,22.5,22.41,518786.0,11649227.0,990000000.0,2826000000.0
sh600971,恒源煤电,2004-12-22,22.45,23.45,22.45,23.44,22.5,580639.0,13361281.0,1031360000.0,2944064000.0
sh600971,恒源煤电,2004-12-23,23.3,23.46,22.88,23.1,23.44,525087.0,12099211.0,1016400000.0,2901360000.0
sh600971,恒源煤电,2004-12-24,23.08,23.94,23.07,23.53,23.1,460744.0,10896136.0,1035320000.0,2955368000.0
sh600971,恒源煤电,2004-12-27,23.9,23.9,23.43,23.6,23.53,354175.0,8348813.0,1038400000.0,2964160000.0
sh600971,恒源煤电,2004-12-28,23.54,23.85,23.54,23.66,23.6,371963.0,8794378.0,1041040000.0,2971696000.0
sh600971,恒源煤电,2004-12-29,23.67,24.2,23.67,23.79,23.66,501715.0,12002096.0,1046760000.0,2988024000.0
sh600971,恒源煤电,2004-12-30,23.75,24.6,23.75,24.57,23.79,615846.0,14972947.0,1081080000.0,3085992000.0
sh600971,恒源煤电,2004-12-31,24.67,24.86,24.03,24.5,24.57,528904.0,12904819.0,1078000000.0,3077200000.0
sh600971,恒源煤电,2005-01-04,24.27,24.27,23.01,23.16,24.5,432909.0,10167781.0,1019040000.0,2908896000.0
sh600971,恒源煤电,2005-01-05,23.16,23.45,22.81,22.9,23.16,437350.0,10066001.0,1007600000.0,2876240000.0
sh600971,恒源煤电,2005-01-06,22.95,23.0,22.26,22.41,22.9,579087.0,13009732.0,986040000.0,2814696000.0
sh600971,恒源煤电,2005-01-07,22.3,22.6,21.03,21.27,22.41,967921.0,21032219.0,935880000.0,2671512000.0
sh600971,恒源煤电,2005-01-11,21.45,21.69,21.07,21.2,21.27,1302182.0,27796023.0,932800000.0,2662720000.0
sh600971,恒源煤电,2005-01-12,20.95,21.44,20.82,21.39,21.2,560454.0,11864276.0,941160000.0,2686584000.0
sh600971,恒源煤电,2005-01-13,21.36,21.52,20.9,21.48,21.39,632701.0,13432473.0,945120000.0,2697888000.0
sh600971,恒源煤电,2005-01-14,21.48,21.75,21.22,21.41,21.48,533745.0,11472465.0,942040000.0,2689096000.0
sh600971,恒源煤电,2005-01-17,21.01,21.18,20.5,21.04,21.41,567742.0,11850254.0,925760000.0,2642624000.0
sh600971,恒源煤电,2005-01-18,21.18,21.25,20.7,21.05,21.04,356633.0,7489476.0,926200000.0,2643880000.0
sh600971,恒源煤电,2005-01-19,21.03,21.03,18.95,19.24,21.05,2183715.0,42653253.0,846560000.0,2416544000.0
sh600971,恒源煤电,2005-01-20,18.98,19.33,18.75,19.27,19.24,1669139.0,31708294.0,847880000.0,2420312000.0
sh600971,恒源煤电,2005-01-21,19.03,20.25,19.03,19.99,19.27,1430720.0,28215934.0,879560000.0,2510744000.0
sh600971,恒源煤电,2005-01-24,20.28,20.47,20.02,20.19,19.99,1403662.0,28379965.0,888360000.0,2535864000.0
sh600971,恒源煤电,2005-01-25,20.13,20.3,19.21,20.25,20.19,978480.0,19417593.0,891000000.0,2543400000.0
sh600971,恒源煤电,2005-01-26,20.11,20.39,19.6,19.7,20.25,781690.0,15599344.0,866800000.0,2474320000.0
sh600971,恒源煤电,2005-01-27,19.7,19.7,19.01,19.24,19.7,1078116.0,20746039.0,846560000.0,2416544000.0
sh600971,恒源煤电,2005-01-28,19.1,19.59,18.88,19.55,19.24,465669.0,8977964.0,860200000.0,2455480000.0
sh600971,恒源煤电,2005-01-31,19.3,20.3,18.94,20.22,19.55,1009234.0,20008448.0,889680000.0,2539632000.0
sh600971,恒源煤电,2005-02-01,20.03,20.75,20.03,20.46,20.22,1047642.0,21482497.0,900240000.0,2569776000.0
sh600971,恒源煤电,2005-02-02,20.5,21.68,20.4,21.63,20.46,1183443.0,24910555.0,951720000.0,2716728000.0
sh600971,恒源煤电,2005-02-03,21.63,21.72,20.91,21.4,21.63,1220092.0,26086769.0,941600000.0,2687840000.0
sh600971,恒源煤电,2005-02-04,21.28,22.38,21.27,22.27,21.4,984487.0,21556471.0,979880000.0,2797112000.0
sh600971,恒源煤电,2005-02-16,22.3,22.6,21.8,21.82,22.27,1101702.0,24526798.0,960080000.0,2740592000.0
sh600971,恒源煤电,2005-02-17,21.8,21.88,21.4,21.88,21.82,650717.0,14076949.0,962720000.0,2748128000.0
sh600971,恒源煤电,2005-02-18,21.88,22.4,21.66,21.88,21.88,1169625.0,25814045.0,962720000.0,2748128000.0
sh600971,恒源煤电,2005-02-21,21.7,22.2,21.45,22.0,21.88,439344.0,9602836.0,968000000.0,2763200000.0
sh600971,恒源煤电,2005-02-22,21.9,22.48,21.6,22.4,22.0,1241733.0,27570397.0,985600000.0,2813440000.0
sh600971,恒源煤电,2005-02-23,22.5,23.56,22.2,23.0,22.4,1238604.0,28404593.0,1012000000.0,2888800000.0
sh600971,恒源煤电,2005-02-24,22.9,22.99,22.78,22.89,23.0,543397.0,12421549.0,1007160000.0,2874984000.0
sh600971,恒源煤电,2005-02-25,22.9,23.77,22.9,22.96,22.89,783854.0,18308507.0,1010240000.0,2883776000.0
sh600971,恒源煤电,2005-02-28,22.94,23.15,22.67,22.77,22.96,988812.0,22711039.0,1001880000.0,2859912000.0
sh600971,恒源煤电,2005-03-01,22.77,22.77,22.01,22.24,22.77,704165.0,15690336.0,978560000.0,2793344000.0
sh600971,恒源煤电,2005-03-02,22.2,22.69,21.9,22.04,22.24,781071.0,17338700.0,969760000.0,2768224000.0
sh600971,恒源煤电,2005-03-03,21.89,22.25,21.82,22.24,22.04,553753.0,12218846.0,978560000.0,2793344000.0
sh600971,恒源煤电,2005-03-04,22.01,22.23,21.21,21.42,22.24,1395348.0,30125993.0,942480000.0,2690352000.0
sh600971,恒源煤电,2005-03-07,21.35,21.43,21.07,21.14,21.42,620537.0,13181466.0,930160000.0,2655184000.0
sh600971,恒源煤电,2005-03-08,21.1,21.98,21.03,21.75,21.14,1368520.0,29766964.0,957000000.0,2731800000.0
sh600971,恒源煤电,2005-03-09,21.88,22.6,21.8,22.09,21.75,1758089.0,38949342.0,971960000.0,2774504000.0
sh600971,恒源煤电,2005-03-10,22.09,22.1,21.05,21.22,22.09,988653.0,21242387.0,933680000.0,2665232000.0
sh600971,恒源煤电,2005-03-11,21.1,21.5,20.4,21.47,21.22,2003829.0,41819124.0,944680000.0,2696632000.0
sh600971,恒源煤电,2005-03-14,21.27,22.26,20.68,22.08,21.47,2020561.0,44145244.0,971520000.0,2773248000.0
sh600971,恒源煤电,2005-03-15,22.07,22.43,21.75,21.98,22.08,1402239.0,30919404.0,967120000.0,2760688000.0
sh600971,恒源煤电,2005-03-16,21.96,21.96,20.91,21.4,21.98,1470095.0,31124391.0,941600000.0,2687840000.0
sh600971,恒源煤电,2005-03-17,21.3,21.3,20.71,20.71,21.4,725602.0,15193043.0,911240000.0,2601176000.0
sh600971,恒源煤电,2005-03-18,20.7,21.04,19.91,19.96,20.71,948999.0,19262616.0,878240000.0,2506976000.0
sh600971,恒源煤电,2005-03-21,19.81,20.23,19.81,20.11,19.96,395189.0,7936385.0,884840000.0,2525816000.0
sh600971,恒源煤电,2005-03-22,20.01,20.79,19.96,20.52,20.11,643385.0,13077090.0,902880000.0,2577312000.0
sh600971,恒源煤电,2005-03-23,20.51,20.88,20.06,20.16,20.52,848845.0,17489598.0,887040000.0,2532096000.0
sh600971,恒源煤电,2005-03-24,20.06,20.38,19.52,19.9,20.16,592084.0,11811280.0,875600000.0,2499440000.0
sh600971,恒源煤电,2005-03-25,19.9,20.08,19.71,19.94,19.9,304887.0,6064471.0,877360000.0,2504464000.0
sh600971,恒源煤电,2005-03-28,19.93,20.23,19.8,20.18,19.94,452072.0,9072831.0,887920000.0,2534608000.0
sh600971,恒源煤电,2005-03-29,20.29,20.32,19.76,19.94,20.18,565036.0,11287043.0,877360000.0,2504464000.0
sh600971,恒源煤电,2005-03-30,19.92,20.16,19.52,20.13,19.94,768245.0,15293262.0,885720000.0,2528328000.0
sh600971,恒源煤电,2005-03-31,20.08,20.16,19.8,20.13,20.13,318365.0,6359450.0,885720000.0,2528328000.0
sh600971,恒源煤电,2005-04-01,20.02,21.78,19.9,21.26,20.13,1711116.0,35945337.0,935440000.0,2670256000.0
sh600971,恒源煤电,2005-04-04,20.9,21.43,20.51,20.91,21.26,1048035.0,22037747.0,920040000.0,2626296000.0
sh600971,恒源煤电,2005-04-05,20.9,21.4,20.85,20.93,20.91,631435.0,13300223.0,920920000.0,2628808000.0
sh600971,恒源煤电,2005-04-06,21.05,22.75,20.96,22.5,20.93,2500669.0,55067589.0,990000000.0,2826000000.0
sh600971,恒源煤电,2005-04-07,22.49,23.65,22.01,22.15,22.5,4242686.0,97691617.0,974600000.0,2782040000.0
sh600971,恒源煤电,2005-04-08,22.05,22.59,21.8,22.44,22.15,2789610.0,61807801.0,987360000.0,2818464000.0
sh600971,恒源煤电,2005-04-11,22.45,22.87,21.9,21.96,22.44,2257284.0,50497423.0,966240000.0,2758176000.0
sh600971,恒源煤电,2005-04-12,21.82,22.25,21.41,22.06,21.96,1097159.0,23892832.0,970640000.0,2770736000.0
sh600971,恒源煤电,2005-04-13,22.22,22.77,22.01,22.4,22.06,2373500.0,53229176.0,985600000.0,2813440000.0
sh600971,恒源煤电,2005-04-14,22.42,22.6,21.75,21.91,22.4,1554318.0,34490102.0,964040000.0,2751896000.0
sh600971,恒源煤电,2005-04-15,22.56,22.56,20.92,21.01,21.91,2792724.0,59487171.0,924440000.0,2638856000.0
sh600971,恒源煤电,2005-04-18,20.8,20.8,19.82,19.94,21.01,1818322.0,36709489.0,877360000.0,2504464000.0
sh600971,恒源煤电,2005-04-19,19.85,20.27,19.84,19.98,19.94,1072871.0,21477867.0,879120000.0,2509488000.0
sh600971,恒源煤电,2005-04-20,19.98,20.29,19.86,20.25,19.98,785893.0,15771662.0,891000000.0,2543400000.0
sh600971,恒源煤电,2005-04-21,20.16,20.7,20.16,20.55,20.25,1150839.0,23550845.0,904200000.0,2581080000.0
sh600971,恒源煤电,2005-04-22,20.55,20.62,19.89,20.05,20.55,946872.0,19115435.0,882200000.0,2518280000.0
sh600971,恒源煤电,2005-04-25,19.86,19.89,18.95,19.21,20.05,1509504.0,29093215.0,845240000.0,2412776000.0
sh600971,恒源煤电,2005-04-26,19.26,19.5,18.89,19.09,19.21,1240552.0,23759025.0,839960000.0,2397704000.0
sh600971,恒源煤电,2005-04-27,19.8,19.8,18.99,19.0,19.09,1189813.0,22798973.0,836000000.0,2386400000.0
sh600971,恒源煤电,2005-04-28,19.05,19.7,18.75,19.61,19.0,2240836.0,42861670.0,862840000.0,2463016000.0
sh600971,恒源煤电,2005-04-29,19.59,19.59,18.86,18.88,19.61,1284796.0,24555336.0,830720000.0,2371328000.0
sh600971,恒源煤电,2005-05-09,19.1,19.21,18.76,19.06,18.88,700916.0,13257651.0,838640000.0,2393936000.0
sh600971,恒源煤电,2005-05-10,18.9,19.0,17.15,17.51,19.06,2200971.0,38623330.0,770440000.0,2199256000.0
sh600971,恒源煤电,2005-05-11,17.47,17.79,17.07,17.68,17.51,1136983.0,19884465.0,777920000.0,2220608000.0
sh600971,恒源煤电,2005-05-12,17.5,17.69,17.24,17.51,17.68,532956.0,9327047.0,770440000.0,2199256000.0
sh600971,恒源煤电,2005-05-13,17.5,17.78,17.26,17.69,17.51,676066.0,11863390.0,778360000.0,2221864000.0
sh600971,恒源煤电,2005-05-16,17.69,17.69,15.92,16.19,17.69,2477120.0,40636421.0,712360000.0,2033464000.0
sh600971,恒源煤电,2005-05-17,16.05,16.48,15.9,16.28,16.19,1265155.0,20400865.0,716320000.0,2044768000.0
sh600971,恒源煤电,2005-05-18,16.25,16.38,15.46,15.91,16.28,1656757.0,26136085.0,700040000.0,1998296000.0
sh600971,恒源煤电,2005-05-19,15.8,15.95,15.61,15.86,15.91,821108.0,12960410.0,697840000.0,1992016000.0
sh600971,恒源煤电,2005-05-23,15.86,15.86,15.15,15.56,15.86,481559.0,7457008.0,684640000.0,1954336000.0
sh600971,恒源煤电,2005-05-24,15.55,15.65,14.6,14.92,15.56,1903304.0,28453770.0,656480000.0,1873952000.0
sh600971,恒源煤电,2005-05-25,14.92,15.14,14.81,14.9,14.92,654959.0,9800476.0,655600000.0,1871440000.0
sh600971,恒源煤电,2005-05-26,14.9,15.05,14.45,14.79,14.9,863578.0,12687076.0,650760000.0,1857624000.0
sh600971,恒源煤电,2005-05-27,14.78,14.97,14.45,14.67,14.79,888344.0,13026033.0,645480000.0,1842552000.0
sh600971,恒源煤电,2005-05-30,14.6,14.97,14.51,14.94,14.67,637419.0,9431198.0,657360000.0,1876464000.0
sh600971,恒源煤电,2005-05-31,14.95,15.25,14.85,15.0,14.94,780079.0,11755767.0,660000000.0,1884000000.0
sh600971,恒源煤电,2005-06-01,14.92,14.92,13.96,13.99,15.0,1289700.0,18488593.0,615560000.0,1757144000.0
sh600971,恒源煤电,2005-06-02,13.9,13.9,13.39,13.49,13.99,1261188.0,17104752.0,593560000.0,1694344000.0
sh600971,恒源煤电,2005-06-03,13.51,13.8,13.45,13.51,13.49,832460.0,11311623.0,594440000.0,1696856000.0
sh600971,恒源煤电,2005-06-06,13.52,13.95,13.04,13.94,13.51,1128527.0,15420342.0,613360000.0,1750864000.0
sh600971,恒源煤电,2005-06-07,14.0,14.88,14.0,14.17,13.94,2843204.0,41000734.0,623480000.0,1779752000.0
sh600971,恒源煤电,2005-06-08,14.01,15.59,14.01,15.59,14.17,3910311.0,59389279.0,685960000.0,1958104000.0
sh600971,恒源煤电,2005-06-09,15.8,17.04,15.7,16.89,15.59,4895661.0,81076310.0,743160000.0,2121384000.0
sh600971,恒源煤电,2005-06-10,16.98,17.0,15.63,15.86,16.89,3863577.0,62427787.0,697840000.0,1992016000.0
sh600971,DR恒源煤,2005-06-13,10.51,10.88,10.11,10.51,10.51,1630921.0,17159922.0,462440000.0,1320056000.0
sh600971,恒源煤电,2005-06-14,10.45,10.55,9.87,9.91,10.51,3540247.0,35522621.0,654060000.0,1867044000.0
sh600971,恒源煤电,2005-06-15,9.85,9.85,9.26,9.3,9.91,2667100.0,25181143.0,613800000.0,1752120000.0
sh600971,恒源煤电,2005-06-16,9.26,9.52,9.02,9.5,9.3,2537514.0,23573895.0,627000000.0,1789800000.0
sh600971,恒源煤电,2005-06-17,9.5,9.6,9.03,9.22,9.5,2196550.0,20406478.0,608520000.0,1737048000.0
sh600971,恒源煤电,2005-06-20,9.2,10.1,9.07,10.08,9.22,3816705.0,36950467.0,665280000.0,1899072000.0
sh600971,恒源煤电,2005-06-21,10.08,10.25,9.71,9.94,10.08,3341565.0,33271195.0,656040000.0,1872696000.0
sh600971,恒源煤电,2005-06-22,9.96,9.96,9.37,9.61,9.94,3213616.0,30685265.0,634260000.0,1810524000.0
sh600971,恒源煤电,2005-06-23,9.58,10.34,9.4,10.06,9.61,5817904.0,57748558.0,663960000.0,1895304000.0
sh600971,恒源煤电,2005-06-24,10.0,10.0,9.73,9.9,10.06,2749276.0,27097463.0,653400000.0,1865160000.0
sh600971,恒源煤电,2005-06-27,10.09,10.55,10.05,10.31,9.9,4592069.0,47426747.0,680460000.0,1942404000.0
sh600971,恒源煤电,2005-06-28,10.19,10.19,9.95,10.0,10.31,2162118.0,21735549.0,660000000.0,1884000000.0
sh600971,恒源煤电,2005-06-29,10.05,10.26,9.9,10.1,10.0,1411483.0,14234304.0,666600000.0,1902840000.0
sh600971,恒源煤电,2005-06-30,9.95,10.0,9.46,9.48,10.1,3037034.0,29350689.0,625680000.0,1786032000.0
sh600971,恒源煤电,2005-07-01,9.39,9.39,9.1,9.1,9.48,2204042.0,20267678.0,600600000.0,1714440000.0
sh600971,恒源煤电,2005-07-04,9.1,9.12,8.78,9.12,9.1,1593561.0,14237070.0,601920000.0,1718208000.0
sh600971,恒源煤电,2005-07-05,9.03,9.17,8.69,8.74,9.12,2624220.0,23345038.0,576840000.0,1646616000.0
sh600971,恒源煤电,2005-07-06,8.74,8.85,8.4,8.5,8.74,2121965.0,18323945.0,561000000.0,1601400000.0
sh600971,恒源煤电,2005-07-07,8.47,8.6,8.31,8.36,8.5,2547889.0,21420413.0,551760000.0,1575024000.0
sh600971,恒源煤电,2005-07-08,8.36,8.36,8.03,8.06,8.36,1875229.0,15224647.0,531960000.0,1518504000.0
sh600971,恒源煤电,2005-07-11,8.12,8.36,7.59,7.62,8.06,2965555.0,23726215.0,502920000.0,1435608000.0
sh600971,恒源煤电,2005-07-12,7.4,8.01,7.35,7.85,7.62,4429847.0,34185043.0,518100000.0,1478940000.0
sh600971,恒源煤电,2005-07-13,7.84,8.06,7.68,7.87,7.85,3286487.0,25815359.0,519420000.0,1482708000.0
sh600971,恒源煤电,2005-07-14,7.84,7.95,7.71,7.79,7.87,1425381.0,11144428.0,514140000.0,1467636000.0
sh600971,恒源煤电,2005-07-15,7.75,7.9,7.52,7.54,7.79,1894557.0,14635349.0,497640000.0,1420536000.0
sh600971,恒源煤电,2005-07-18,7.54,7.54,7.1,7.14,7.54,2410808.0,17559761.0,471240000.0,1345176000.0
sh600971,恒源煤电,2005-07-19,7.1,7.46,7.06,7.42,7.14,2130242.0,15641152.0,489720000.0,1397928000.0
sh600971,恒源煤电,2005-07-20,7.4,7.55,7.32,7.55,7.42,1561143.0,11655405.0,498300000.0,1422420000.0
sh600971,恒源煤电,2005-07-21,7.55,7.59,7.4,7.51,7.55,1346463.0,10087558.0,495660000.0,1414884000.0
sh600971,恒源煤电,2005-07-22,7.49,8.22,7.41,7.83,7.51,6086438.0,47911053.0,516780000.0,1475172000.0
sh600971,恒源煤电,2005-07-25,7.83,7.89,7.62,7.7,7.83,2591619.0,20012184.0,508200000.0,1450680000.0
sh600971,恒源煤电,2005-07-26,7.77,8.2,7.75,8.09,7.7,5940965.0,47799811.0,533940000.0,1524156000.0
sh600971,恒源煤电,2005-07-27,8.05,8.59,8.0,8.58,8.09,6738536.0,56108912.0,566280000.0,1616472000.0
sh600971,恒源煤电,2005-07-28,8.56,8.64,8.36,8.4,8.58,5147085.0,43609908.0,554400000.0,1582560000.0
sh600971,恒源煤电,2005-07-29,8.35,8.48,8.21,8.29,8.4,2958297.0,24606258.0,547140000.0,1561836000.0
sh600971,恒源煤电,2005-08-01,8.29,8.47,8.17,8.36,8.29,2332753.0,19384754.0,551760000.0,1575024000.0
sh600971,恒源煤电,2005-08-02,8.36,8.56,8.22,8.54,8.36,2951611.0,24846686.0,563640000.0,1608936000.0
sh600971,恒源煤电,2005-08-03,8.54,8.76,8.51,8.56,8.54,4356286.0,37611992.0,564960000.0,1612704000.0
sh600971,恒源煤电,2005-08-04,8.49,8.68,8.41,8.46,8.56,2407952.0,20507045.0,558360000.0,1593864000.0
sh600971,恒源煤电,2005-08-05,8.4,8.88,8.38,8.86,8.46,5259105.0,45915025.0,584760000.0,1669224000.0
sh600971,恒源煤电,2005-08-08,8.89,9.2,8.89,9.0,8.86,5494888.0,49753735.0,594000000.0,1695600000.0
sh600971,恒源煤电,2005-08-09,9.0,9.07,8.88,9.04,9.0,3170467.0,28435340.0,596640000.0,1703136000.0
sh600971,恒源煤电,2005-08-10,9.05,9.27,8.96,9.23,9.04,3892426.0,35593084.0,609180000.0,1738932000.0
sh600971,恒源煤电,2005-08-11,9.23,9.45,9.2,9.44,9.23,5578953.0,52068533.0,623040000.0,1778496000.0
sh600971,恒源煤电,2005-08-12,9.44,9.51,9.0,9.06,9.44,6222606.0,57680424.0,597960000.0,1706904000.0
sh600971,恒源煤电,2005-08-15,9.07,9.44,9.07,9.4,9.06,3590098.0,33101848.0,620400000.0,1770960000.0
sh600971,恒源煤电,2005-08-16,9.4,9.44,9.04,9.12,9.4,3728903.0,34403045.0,601920000.0,1718208000.0
sh600971,恒源煤电,2005-08-17,9.08,9.38,8.95,9.37,9.12,4564669.0,41784494.0,618420000.0,1765308000.0
sh600971,恒源煤电,2005-08-18,9.35,9.37,8.76,8.82,9.37,4276779.0,38957006.0,582120000.0,1661688000.0
sh600971,恒源煤电,2005-08-19,8.8,8.94,8.5,8.6,8.82,3055354.0,26562335.0,567600000.0,1620240000.0
sh600971,恒源煤电,2005-08-22,8.6,8.88,8.57,8.87,8.6,1804286.0,15840241.0,585420000.0,1671108000.0
sh600971,恒源煤电,2005-08-23,8.88,8.89,8.59,8.7,8.87,1419682.0,12361164.0,574200000.0,1639080000.0
sh600971,恒源煤电,2005-08-24,8.68,8.86,8.6,8.82,8.7,1370134.0,12040414.0,582120000.0,1661688000.0
sh600971,恒源煤电,2005-08-25,8.8,8.8,8.3,8.41,8.82,6040911.0,51076237.0,555060000.0,1584444000.0
sh600971,恒源煤电,2005-08-26,8.4,8.4,8.01,8.14,8.41,4145133.0,33741053.0,537240000.0,1533576000.0
sh600971,恒源煤电,2005-08-29,8.09,8.09,7.93,7.98,8.14,2233686.0,17825264.0,526680000.0,1503432000.0
sh600971,恒源煤电,2005-08-30,7.98,8.18,7.93,8.07,7.98,1661821.0,13447462.0,532620000.0,1520388000.0
sh600971,恒源煤电,2005-08-31,8.07,8.17,7.97,8.15,8.07,1630679.0,13194665.0,537900000.0,1535460000.0
sh600971,恒源煤电,2005-09-01,8.15,8.37,8.1,8.32,8.15,2643172.0,21866428.0,549120000.0,1567488000.0
sh600971,恒源煤电,2005-09-02,8.37,8.38,8.24,8.31,8.32,1711443.0,14192298.0,548460000.0,1565604000.0
sh600971,恒源煤电,2005-09-05,8.32,8.64,8.32,8.59,8.31,3191116.0,27209863.0,566940000.0,1618356000.0
sh600971,恒源煤电,2005-09-06,8.62,8.64,8.3,8.31,8.59,2795210.0,23832091.0,548460000.0,1565604000.0
sh600971,恒源煤电,2005-09-07,8.28,8.6,8.25,8.59,8.31,2317727.0,19585017.0,566940000.0,1618356000.0
sh600971,恒源煤电,2005-09-08,8.63,9.16,8.59,9.15,8.59,8110613.0,72822626.0,603900000.0,1723860000.0
sh600971,恒源煤电,2005-09-09,9.15,9.23,8.96,9.11,9.15,4655522.0,42412543.0,601260000.0,1716324000.0
sh600971,恒源煤电,2005-09-12,9.12,9.15,8.93,9.1,9.11,1888264.0,17100663.0,600600000.0,1714440000.0
sh600971,恒源煤电,2005-09-13,9.11,9.35,9.02,9.33,9.1,4173360.0,38543422.0,615780000.0,1757772000.0
sh600971,恒源煤电,2005-09-14,9.35,9.37,9.13,9.23,9.33,2897943.0,26746437.0,609180000.0,1738932000.0
sh600971,恒源煤电,2005-09-15,9.23,9.34,9.11,9.23,9.23,2959080.0,27319391.0,609180000.0,1738932000.0
sh600971,恒源煤电,2005-09-16,9.25,9.39,9.2,9.27,9.23,2202014.0,20485298.0,611820000.0,1746468000.0
sh600971,恒源煤电,2005-09-19,9.23,9.37,9.23,9.35,9.27,2433453.0,22659551.0,617100000.0,1761540000.0
sh600971,恒源煤电,2005-09-20,9.36,9.38,8.96,9.01,9.35,4059586.0,37043495.0,594660000.0,1697484000.0
sh600971,恒源煤电,2005-09-21,9.0,9.0,8.72,8.84,9.01,3170431.0,28007370.0,583440000.0,1665456000.0
sh600971,恒源煤电,2005-09-22,8.84,8.94,8.6,8.74,8.84,2374021.0,20850987.0,576840000.0,1646616000.0
sh600971,恒源煤电,2005-09-23,8.78,8.88,8.6,8.61,8.74,1519593.0,13284883.0,568260000.0,1622124000.0
sh600971,恒源煤电,2005-09-26,8.63,8.74,8.55,8.69,8.61,1159244.0,10032889.0,573540000.0,1637196000.0
sh600971,恒源煤电,2005-09-27,8.63,8.77,8.56,8.58,8.69,1180581.0,10231481.0,566280000.0,1616472000.0
sh600971,恒源煤电,2005-09-28,8.58,8.69,8.53,8.59,8.58,755351.0,6501410.0,566940000.0,1618356000.0
sh600971,恒源煤电,2005-09-29,8.6,8.83,8.6,8.78,8.59,1274475.0,11163531.0,579480000.0,1654152000.0
sh600971,恒源煤电,2005-09-30,8.78,8.95,8.73,8.93,8.78,1489914.0,13216383.0,589380000.0,1682412000.0
sh600971,恒源煤电,2005-10-10,8.92,9.15,8.83,8.98,8.93,1491009.0,13444175.0,592680000.0,1691832000.0
sh600971,恒源煤电,2005-10-11,8.98,9.07,8.91,9.07,8.98,1082919.0,9736154.0,598620000.0,1708788000.0
sh600971,恒源煤电,2005-10-12,9.08,9.39,9.0,9.33,9.07,4183351.0,38813186.0,615780000.0,1757772000.0
sh600971,恒源煤电,2005-10-13,9.33,9.56,9.14,9.17,9.33,5476747.0,51350691.0,605220000.0,1727628000.0
sh600971,恒源煤电,2005-10-14,9.16,9.28,9.11,9.23,9.17,2047430.0,18824433.0,609180000.0,1738932000.0
sh600971,恒源煤电,2005-10-17,9.2,9.32,9.13,9.29,9.23,1770760.0,16387461.0,613140000.0,1750236000.0
sh600971,恒源煤电,2005-10-18,9.25,9.48,9.25,9.44,9.29,2652870.0,24935730.0,623040000.0,1778496000.0
sh600971,恒源煤电,2005-10-19,9.44,9.45,8.88,8.9,9.44,4193478.0,38141576.0,587400000.0,1676760000.0
sh600971,恒源煤电,2005-10-20,8.88,8.95,8.75,8.88,8.9,2188669.0,19378169.0,586080000.0,1672992000.0
sh600971,恒源煤电,2005-10-21,9.0,9.07,8.89,8.98,8.88,2245976.0,20187221.0,592680000.0,1691832000.0
sh600971,恒源煤电,2005-10-24,8.99,9.1,8.85,9.04,8.98,1181793.0,10632441.0,596640000.0,1703136000.0
sh600971,恒源煤电,2005-10-25,9.0,9.04,8.79,8.81,9.04,1441177.0,12770662.0,581460000.0,1659804000.0
sh600971,恒源煤电,2005-10-26,8.8,8.81,8.29,8.3,8.81,3003232.0,25404020.0,547800000.0,1563720000.0
sh600971,恒源煤电,2005-10-27,8.3,8.44,8.22,8.36,8.3,1440319.0,12043016.0,551760000.0,1575024000.0
sh600971,恒源煤电,2005-10-31,8.0,8.19,7.98,8.12,8.36,1566913.0,12691328.0,535920000.0,1529808000.0
sh600971,恒源煤电,2005-11-01,8.12,8.12,7.64,7.83,8.12,2114660.0,16486660.0,516780000.0,1475172000.0
sh600971,恒源煤电,2005-11-02,7.81,8.01,7.77,7.99,7.83,1804298.0,14292024.0,527340000.0,1505316000.0
sh600971,恒源煤电,2005-11-03,7.96,8.04,7.78,7.82,7.99,1693155.0,13351561.0,516120000.0,1473288000.0
sh600971,恒源煤电,2005-11-04,7.8,7.91,7.73,7.9,7.82,919376.0,7200365.0,521400000.0,1488360000.0
sh600971,恒源煤电,2005-11-07,7.9,7.9,7.77,7.84,7.9,936941.0,7316655.0,517440000.0,1477056000.0
sh600971,恒源煤电,2005-11-08,7.85,8.13,7.84,8.1,7.84,2099351.0,16763664.0,534600000.0,1526040000.0
sh600971,恒源煤电,2005-11-09,8.15,8.73,8.15,8.4,8.1,5552953.0,47096786.0,554400000.0,1582560000.0
sh600971,恒源煤电,2005-11-10,8.41,8.55,8.16,8.26,8.4,2664771.0,22254872.0,545160000.0,1556184000.0
sh600971,恒源煤电,2005-11-11,8.15,8.4,8.15,8.35,8.26,1223152.0,10146454.0,551100000.0,1573140000.0
sh600971,恒源煤电,2005-11-14,8.38,8.59,8.23,8.5,8.35,2426513.0,20503879.0,561000000.0,1601400000.0
sh600971,恒源煤电,2005-11-15,8.53,8.61,8.38,8.43,8.5,2773502.0,23580324.0,556380000.0,1588212000.0
sh600971,恒源煤电,2005-11-16,8.43,8.45,8.19,8.38,8.43,1234175.0,10240589.0,553080000.0,1578792000.0
sh600971,恒源煤电,2005-11-17,8.37,8.55,8.25,8.48,8.38,1804646.0,15233839.0,559680000.0,1597632000.0
sh600971,恒源煤电,2005-11-18,8.53,8.78,8.53,8.67,8.48,3769355.0,32591429.0,572220000.0,1633428000.0
sh600971,恒源煤电,2005-11-21,8.7,8.7,8.49,8.56,8.67,1722435.0,14782678.0,564960000.0,1612704000.0
sh600971,恒源煤电,2005-11-22,8.59,8.59,8.37,8.46,8.56,1617849.0,13660974.0,558360000.0,1593864000.0
sh600971,恒源煤电,2005-11-23,8.46,8.55,8.4,8.49,8.46,899974.0,7628810.0,560340000.0,1599516000.0
sh600971,恒源煤电,2005-11-24,8.56,8.56,8.38,8.46,8.49,1161381.0,9827603.0,558360000.0,1593864000.0
sh600971,恒源煤电,2005-11-25,8.49,8.69,8.48,8.58,8.46,2830546.0,24326281.0,566280000.0,1616472000.0
sh600971,恒源煤电,2005-11-28,8.58,8.65,8.43,8.47,8.58,809150.0,6871166.0,559020000.0,1595748000.0
sh600971,恒源煤电,2005-11-29,8.48,8.48,8.27,8.35,8.47,1354659.0,11309078.0,551100000.0,1573140000.0
sh600971,恒源煤电,2005-11-30,8.35,8.51,8.31,8.5,8.35,1138123.0,9545772.0,561000000.0,1601400000.0
sh600971,恒源煤电,2005-12-01,8.53,8.54,8.41,8.43,8.5,884460.0,7515041.0,556380000.0,1588212000.0
sh600971,恒源煤电,2005-12-02,8.43,8.5,8.33,8.37,8.43,1279822.0,10749236.0,552420000.0,1576908000.0
sh600971,恒源煤电,2005-12-05,8.49,8.49,8.0,8.13,8.37,1215201.0,9952829.0,536580000.0,1531692000.0
sh600971,恒源煤电,2005-12-06,8.13,8.3,8.05,8.2,8.13,780412.0,6393811.0,541200000.0,1544880000.0
sh600971,恒源煤电,2005-12-07,8.23,8.28,8.14,8.23,8.2,997206.0,8193533.0,543180000.0,1550532000.0
sh600971,恒源煤电,2005-12-08,8.28,8.28,8.16,8.18,8.23,731186.0,6003805.0,539880000.0,1541112000.0
sh600971,恒源煤电,2005-12-09,8.28,8.4,8.2,8.36,8.18,1343365.0,11193937.0,551760000.0,1575024000.0
sh600971,恒源煤电,2005-12-12,8.39,8.52,8.31,8.49,8.36,1068112.0,9023420.0,560340000.0,1599516000.0
sh600971,恒源煤电,2005-12-13,8.42,8.49,8.3,8.43,8.49,918611.0,7698646.0,556380000.0,1588212000.0
sh600971,恒源煤电,2005-12-14,8.45,8.54,8.37,8.49,8.43,1195140.0,10120151.0,560340000.0,1599516000.0
sh600971,恒源煤电,2005-12-15,8.51,8.6,8.43,8.44,8.49,1264368.0,10775090.0,557040000.0,1590096000.0
sh600971,恒源煤电,2005-12-16,8.43,8.53,8.36,8.49,8.44,751928.0,6353584.0,560340000.0,1599516000.0
sh600971,恒源煤电,2005-12-29,9.16,9.34,8.96,9.34,8.49,8880694.0,81855933.0,616440000.0,1759656000.0
sh600971,恒源煤电,2005-12-30,9.47,9.77,9.27,9.59,9.34,7340156.0,69569463.0,632940000.0,1806756000.0
sh600971,恒源煤电,2006-01-04,9.6,9.94,9.59,9.78,9.59,5188195.0,50920230.0,645480000.0,1842552000.0
sh600971,恒源煤电,2006-01-05,9.79,9.94,9.71,9.86,9.78,3735342.0,36585894.0,650760000.0,1857624000.0
sh600971,恒源煤电,2006-01-06,9.86,9.99,9.74,9.95,9.86,4144092.0,40932532.0,656700000.0,1874580000.0
sh600971,恒源煤电,2006-01-09,9.98,10.75,9.98,10.69,9.95,6742408.0,70565215.0,705540000.0,2013996000.0
sh600971,G恒源,2006-02-15,8.81,9.6,8.7,9.28,9.69,18561409.0,173023305.0,747225600.0,1748352000.0
sh600971,G恒源,2006-02-16,9.21,9.28,8.68,8.69,9.28,9389101.0,83670845.0,699718800.0,1637196000.0
sh600971,G恒源,2006-02-17,8.6,8.82,8.34,8.66,8.69,6126541.0,52605156.0,697303200.0,1631544000.0
sh600971,G恒源,2006-02-20,8.63,8.97,8.55,8.65,8.66,3976035.0,34912352.0,696498000.0,1629660000.0
sh600971,G恒源,2006-02-21,8.66,8.84,8.46,8.8,8.65,3164939.0,27352316.0,708576000.0,1657920000.0
sh600971,G恒源,2006-02-22,8.8,8.96,8.72,8.77,8.8,3386114.0,30008713.0,706160400.0,1652268000.0
sh600971,G恒源,2006-02-23,8.78,8.8,8.51,8.59,8.77,3087349.0,26595499.0,691666800.0,1618356000.0
sh600971,G恒源,2006-02-24,8.6,8.68,8.55,8.6,8.59,2077277.0,17862830.0,692472000.0,1620240000.0
sh600971,G恒源,2006-02-27,8.6,8.7,8.53,8.54,8.6,1978333.0,17013126.0,687640800.0,1608936000.0
sh600971,G恒源,2006-02-28,8.51,8.62,8.32,8.49,8.54,3164880.0,26660633.0,683614800.0,1599516000.0
sh600971,G恒源,2006-03-01,8.48,8.6,8.39,8.55,8.49,2570839.0,21864154.0,688446000.0,1610820000.0
sh600971,G恒源,2006-03-02,8.55,8.6,8.18,8.26,8.55,2770991.0,23318468.0,665095200.0,1556184000.0
sh600971,G恒源,2006-03-03,8.45,8.56,8.33,8.5,8.26,3580084.0,30259030.0,684420000.0,1601400000.0
sh600971,G恒源,2006-03-06,8.5,8.55,8.29,8.31,8.5,2013886.0,16850641.0,669121200.0,1565604000.0
sh600971,G恒源,2006-03-07,8.29,8.29,7.78,7.8,8.31,3423307.0,27317318.0,628056000.0,1469520000.0
sh600971,G恒源,2006-03-08,7.8,7.96,7.69,7.9,7.8,2016116.0,15789384.0,636108000.0,1488360000.0
sh600971,G恒源,2006-03-09,7.9,7.96,7.76,7.82,7.9,1381763.0,10832650.0,629666400.0,1473288000.0
sh600971,G恒源,2006-03-10,7.8,7.88,7.77,7.8,7.82,1102814.0,8623358.0,628056000.0,1469520000.0
sh600971,G恒源,2006-03-13,7.8,7.85,7.74,7.81,7.8,1342521.0,10463924.0,628861200.0,1471404000.0
sh600971,G恒源,2006-03-14,7.81,7.98,7.76,7.94,7.81,1676293.0,13173458.0,639328800.0,1495896000.0
sh600971,G恒源,2006-03-15,7.94,8.12,7.87,8.1,7.94,2023093.0,16217764.0,652212000.0,1526040000.0
sh600971,G恒源,2006-03-16,8.1,8.12,8.0,8.05,8.1,1371190.0,11013139.0,648186000.0,1516620000.0
sh600971,G恒源,2006-03-17,8.03,8.05,7.88,7.93,8.05,1285407.0,10221413.0,638523600.0,1494012000.0
sh600971,G恒源,2006-03-20,7.9,8.04,7.85,8.01,7.93,1082852.0,8618873.0,644965200.0,1509084000.0
sh600971,G恒源,2006-03-21,8.01,8.3,8.0,8.16,8.01,2726409.0,22373748.0,657043200.0,1537344000.0
sh600971,G恒源,2006-03-22,8.17,8.41,8.13,8.4,8.16,2489329.0,20692123.0,676368000.0,1582560000.0
sh600971,G恒源,2006-03-23,8.4,8.47,8.31,8.42,8.4,2334165.0,19595448.0,677978400.0,1586328000.0
sh600971,G恒源,2006-03-24,8.43,8.45,8.23,8.24,8.42,2107775.0,17530775.0,663484800.0,1552416000.0
sh600971,G恒源,2006-03-27,8.24,8.4,8.2,8.39,8.24,1698752.0,14114771.0,675562800.0,1580676000.0
sh600971,G恒源,2006-03-28,8.38,8.39,8.13,8.19,8.39,3404203.0,28014664.0,659458800.0,1542996000.0
sh600971,G恒源,2006-03-29,8.19,8.26,8.11,8.16,8.19,3277263.0,26813178.0,657043200.0,1537344000.0
sh600971,G恒源,2006-03-30,8.14,8.36,8.11,8.23,8.16,3226057.0,26757876.0,662679600.0,1550532000.0
sh600971,G恒源,2006-03-31,8.3,8.63,8.23,8.62,8.23,6177106.0,52213405.0,694082400.0,1624008000.0
sh600971,G恒源,2006-04-03,8.68,9.15,8.68,8.95,8.62,8442424.0,75819303.0,720654000.0,1686180000.0
sh600971,G恒源,2006-04-04,8.98,9.03,8.7,8.92,8.95,5329517.0,47343801.0,718238400.0,1680528000.0
sh600971,G恒源,2006-04-05,8.9,9.0,8.8,8.94,8.92,4003922.0,35679026.0,719848800.0,1684296000.0
sh600971,G恒源,2006-04-06,8.95,9.1,8.76,8.8,8.94,4384942.0,38898642.0,708576000.0,1657920000.0
sh600971,G恒源,2006-04-07,8.78,8.81,8.5,8.63,8.8,4468911.0,38651503.0,694887600.0,1625892000.0
sh600971,G恒源,2006-04-10,8.61,9.08,8.61,9.04,8.63,6243336.0,55878832.0,727900800.0,1703136000.0
sh600971,G恒源,2006-04-11,9.08,9.41,8.92,9.27,9.04,8396883.0,77168541.0,746420400.0,1746468000.0
sh600971,G恒源,2006-04-12,9.25,9.25,9.0,9.02,9.27,4661684.0,42439142.0,726290400.0,1699368000.0
sh600971,G恒源,2006-04-13,9.03,9.03,8.58,8.6,9.02,4430544.0,38854381.0,692472000.0,1620240000.0
sh600971,G恒源,2006-04-14,8.6,8.94,8.56,8.83,8.6,2952117.0,25769096.0,710991600.0,1663572000.0
sh600971,G恒源,2006-04-17,8.8,8.95,8.65,8.83,8.83,2858934.0,25109724.0,710991600.0,1663572000.0
sh600971,G恒源,2006-04-18,8.85,8.89,8.72,8.78,8.83,2294083.0,20178438.0,706965600.0,1654152000.0
sh600971,G恒源,2006-04-19,8.78,8.85,8.52,8.7,8.78,3859467.0,33431085.0,700524000.0,1639080000.0
sh600971,G恒源,2006-04-20,8.7,8.98,8.54,8.96,8.7,5310647.0,46540202.0,721459200.0,1688064000.0
sh600971,G恒源,2006-04-21,8.96,9.17,8.79,9.01,8.96,7215673.0,65071309.0,725485200.0,1697484000.0
sh600971,G恒源,2006-04-24,8.9,8.9,8.61,8.63,9.01,8173137.0,71247070.0,694887600.0,1625892000.0
sh600971,G恒源,2006-04-25,8.51,9.17,8.02,8.93,8.63,12026644.0,104018464.0,719043600.0,1682412000.0
sh600971,G恒源,2006-04-26,8.86,9.1,8.64,8.69,8.93,7267633.0,64300024.0,699718800.0,1637196000.0
sh600971,G恒源,2006-04-27,8.64,8.68,8.31,8.35,8.69,4851154.0,41059467.0,672342000.0,1573140000.0
sh600971,G恒源,2006-04-28,8.25,8.46,8.15,8.42,8.35,2983819.0,24924202.0,677978400.0,1586328000.0
sh600971,G恒源,2006-05-09,8.7,8.78,8.48,8.65,8.42,5330140.0,45890274.0,696498000.0,1629660000.0
sh600971,G恒源,2006-05-10,8.65,8.88,8.5,8.83,8.65,6862722.0,59956587.0,710991600.0,1663572000.0
sh600971,G恒源,2006-05-11,8.9,9.7,8.9,9.25,8.83,14960401.0,140139959.0,744810000.0,1742700000.0
sh600971,G恒源,2006-05-12,9.2,9.43,9.1,9.39,9.25,7726047.0,71925472.0,756082800.0,1769076000.0
sh600971,G恒源,2006-05-15,9.5,10.15,9.5,10.14,9.39,10607206.0,104641440.0,816472800.0,1910376000.0
sh600971,G恒源,2006-05-16,10.12,10.51,9.5,9.56,10.14,10482689.0,104818857.0,769771200.0,1801104000.0
sh600971,G恒源,2006-05-17,9.53,9.88,9.19,9.38,9.56,7174149.0,67728269.0,755277600.0,1767192000.0
sh600971,G恒源,2006-05-18,9.37,9.37,9.02,9.24,9.38,5007439.0,45904424.0,744004800.0,1740816000.0
sh600971,G恒源,2006-05-19,9.25,9.58,9.12,9.51,9.24,4982879.0,46796559.0,765745200.0,1791684000.0
sh600971,G恒源,2006-05-22,9.55,9.9,9.51,9.7,9.51,5463295.0,53046484.0,781044000.0,1827480000.0
sh600971,G恒源,2006-05-23,9.68,9.7,9.1,9.1,9.7,5305153.0,49397320.0,732732000.0,1714440000.0
sh600971,G恒源,2006-05-24,9.06,9.29,8.68,8.85,9.1,4146026.0,37155909.0,712602000.0,1667340000.0
sh600971,G恒源,2006-05-25,8.85,9.15,8.8,9.11,8.85,2749546.0,24635731.0,733537200.0,1716324000.0
sh600971,G恒源,2006-05-26,9.12,9.18,9.05,9.17,9.11,2422661.0,22099796.0,738368400.0,1727628000.0
sh600971,G恒源,2006-05-29,9.18,9.32,9.06,9.31,9.17,2651791.0,24405338.0,749641200.0,1754004000.0
sh600971,G恒源,2006-05-30,9.32,9.67,9.21,9.57,9.31,5179522.0,49256849.0,770576400.0,1802988000.0
sh600971,G恒源,2006-05-31,9.58,9.85,9.35,9.38,9.57,5214689.0,50004343.0,755277600.0,1767192000.0
sh600971,G恒源,2006-06-01,9.36,9.73,9.3,9.67,9.38,4766153.0,45598272.0,778628400.0,1821828000.0
sh600971,G恒源,2006-06-02,9.79,9.85,9.38,9.42,9.67,4789022.0,45670009.0,758498400.0,1774728000.0
sh600971,G恒源,2006-06-05,9.4,9.72,9.28,9.7,9.42,3481543.0,33099955.0,781044000.0,1827480000.0
sh600971,G恒源,2006-06-06,9.6,9.82,9.51,9.74,9.7,4151107.0,40296238.0,784264800.0,1835016000.0
sh600971,G恒源,2006-06-07,9.71,9.83,8.9,8.97,9.74,4531722.0,42415850.0,722264400.0,1689948000.0
sh600971,G恒源,2006-06-08,8.95,9.14,8.73,9.04,8.97,2730856.0,24382617.0,727900800.0,1703136000.0
sh600971,G恒源,2006-06-09,9.08,9.24,8.8,8.82,9.04,2758204.0,24790251.0,710186400.0,1661688000.0
sh600971,G恒源,2006-06-12,8.82,8.95,8.76,8.87,8.82,1473539.0,13045125.0,714212400.0,1671108000.0
sh600971,G恒源,2006-06-13,8.9,9.08,8.8,8.91,8.87,1140048.0,10169639.0,717433200.0,1678644000.0
sh600971,G恒源,2006-06-14,8.92,8.99,8.58,8.62,8.91,1577589.0,13764597.0,694082400.0,1624008000.0
sh600971,G恒源,2006-06-15,8.66,8.85,8.61,8.74,8.62,1683348.0,14784349.0,703744800.0,1646616000.0
sh600971,G恒源,2006-06-16,8.8,9.0,8.74,8.97,8.74,1130958.0,10053821.0,722264400.0,1689948000.0
sh600971,G恒源,2006-06-19,8.9,9.15,8.8,9.06,8.97,1607798.0,14518105.0,729511200.0,1706904000.0
sh600971,G恒源,2006-06-20,9.02,9.12,8.91,9.0,9.06,1292337.0,11609805.0,724680000.0,1695600000.0
sh600971,G恒源,2006-06-21,9.03,9.55,9.03,9.42,9.0,5092151.0,47767392.0,758498400.0,1774728000.0
sh600971,G恒源,2006-06-22,9.4,9.61,9.31,9.56,9.42,3489949.0,33048786.0,769771200.0,1801104000.0
sh600971,G恒源,2006-06-23,9.56,9.63,9.18,9.22,9.56,3205042.0,29873842.0,742394400.0,1737048000.0
sh600971,G恒源,2006-06-26,9.22,9.38,9.22,9.3,9.22,1941055.0,18048621.0,748836000.0,1752120000.0
sh600971,G恒源,2006-06-27,9.3,9.36,9.09,9.14,9.3,1920973.0,17619041.0,735952800.0,1721976000.0
sh600971,G恒源,2006-06-28,9.18,9.21,9.07,9.16,9.14,1178726.0,10781517.0,737563200.0,1725744000.0
sh600971,G恒源,2006-06-29,9.16,9.4,9.12,9.4,9.16,2622473.0,24524001.0,756888000.0,1770960000.0
sh600971,G恒源,2006-06-30,9.48,9.58,9.3,9.5,9.4,3898377.0,36882758.0,764940000.0,1789800000.0
sh600971,G恒源,2006-07-03,9.51,9.8,9.51,9.71,9.5,5495050.0,53280386.0,781849200.0,1829364000.0
sh600971,G恒源,2006-07-04,9.72,9.73,9.4,9.48,9.71,3258687.0,31117033.0,763329600.0,1786032000.0
sh600971,G恒源,2006-07-05,9.42,9.45,9.21,9.32,9.48,2225328.0,20708894.0,750446400.0,1755888000.0
sh600971,G恒源,2006-07-06,9.26,9.65,9.25,9.57,9.32,2184761.0,20747442.0,770576400.0,1802988000.0
sh600971,G恒源,2006-07-07,9.57,9.64,9.38,9.41,9.57,2231393.0,21134382.0,757693200.0,1772844000.0
sh600971,G恒源,2006-07-10,9.4,9.48,9.27,9.44,9.41,1816310.0,16975090.0,760108800.0,1778496000.0
sh600971,G恒源,2006-07-11,9.44,9.45,9.29,9.44,9.44,1736611.0,16234227.0,760108800.0,1778496000.0
sh600971,G恒源,2006-07-12,9.4,9.64,9.31,9.48,9.44,3079526.0,29285787.0,763329600.0,1786032000.0
sh600971,G恒源,2006-07-13,9.4,9.5,8.81,8.82,9.48,4216156.0,38421809.0,710186400.0,1661688000.0
sh600971,G恒源,2006-07-14,8.8,8.99,8.74,8.82,8.82,2423787.0,21491282.0,710186400.0,1661688000.0
sh600971,G恒源,2006-07-17,8.8,8.95,8.72,8.94,8.82,2308485.0,20504174.0,719848800.0,1684296000.0
sh600971,G恒源,2006-07-18,8.95,9.0,8.79,8.88,8.94,2062567.0,18225865.0,715017600.0,1672992000.0
sh600971,G恒源,2006-07-19,8.85,8.89,8.65,8.72,8.88,1807301.0,15799841.0,702134400.0,1642848000.0
sh600971,G恒源,2006-07-20,8.72,8.93,8.72,8.85,8.72,979767.0,8651420.0,712602000.0,1667340000.0
sh600971,G恒源,2006-07-21,8.86,8.93,8.82,8.88,8.85,954145.0,8461658.0,715017600.0,1672992000.0
sh600971,G恒源,2006-07-24,8.81,8.94,8.65,8.88,8.88,892851.0,7869482.0,715017600.0,1672992000.0
sh600971,G恒源,2006-07-25,8.88,9.07,8.88,9.01,8.88,1136227.0,10190009.0,725485200.0,1697484000.0
sh600971,G恒源,2006-07-26,9.07,9.1,8.95,9.02,9.01,933215.0,8415768.0,726290400.0,1699368000.0
sh600971,G恒源,2006-07-27,9.07,9.07,8.76,8.9,9.02,1313331.0,11703021.0,716628000.0,1676760000.0
sh600971,G恒源,2006-07-28,8.9,8.97,8.71,8.96,8.9,1362494.0,12066708.0,721459200.0,1688064000.0
sh600971,G恒源,2006-07-31,9.26,9.5,9.08,9.13,8.96,4677461.0,43454813.0,735147600.0,1720092000.0
sh600971,G恒源,2006-08-01,9.13,9.24,8.89,9.0,9.13,1839425.0,16701870.0,724680000.0,1695600000.0
sh600971,G恒源,2006-08-02,8.95,9.11,8.88,9.08,9.0,1402169.0,12642176.0,731121600.0,1710672000.0
sh600971,G恒源,2006-08-03,9.08,9.19,8.95,9.03,9.08,1195937.0,10853028.0,727095600.0,1701252000.0
sh600971,G恒源,2006-08-04,9.03,9.11,8.65,8.66,9.03,1802200.0,15982676.0,697303200.0,1631544000.0
sh600971,G恒源,2006-08-07,8.58,8.69,8.3,8.39,8.66,2022736.0,17153525.0,675562800.0,1580676000.0
sh600971,G恒源,2006-08-08,8.45,8.61,8.42,8.61,8.39,883462.0,7519404.0,693277200.0,1622124000.0
sh600971,G恒源,2006-08-09,8.61,8.62,8.45,8.53,8.61,724977.0,6179229.0,686835600.0,1607052000.0
sh600971,G恒源,2006-08-10,8.55,8.75,8.53,8.69,8.53,911102.0,7898058.0,699718800.0,1637196000.0
sh600971,G恒源,2006-08-11,8.75,8.75,8.62,8.69,8.69,761590.0,6620898.0,699718800.0,1637196000.0
sh600971,G恒源,2006-08-14,8.7,8.85,8.51,8.57,8.69,1066473.0,9261340.0,690056400.0,1614588000.0
sh600971,G恒源,2006-08-15,8.51,8.76,8.5,8.73,8.57,593087.0,5133834.0,702939600.0,1644732000.0
sh600971,G恒源,2006-08-16,8.75,9.08,8.75,8.95,8.73,2038902.0,18242475.0,720654000.0,1686180000.0
sh600971,G恒源,2006-08-17,9.0,9.0,8.8,8.85,8.95,988738.0,8765955.0,712602000.0,1667340000.0
sh600971,G恒源,2006-08-18,8.84,8.92,8.75,8.82,8.85,627148.0,5543357.0,710186400.0,1661688000.0
sh600971,G恒源,2006-08-22,8.86,9.05,8.82,8.98,8.82,1283391.0,11483100.0,723069600.0,1691832000.0
sh600971,G恒源,2006-08-23,9.04,9.04,8.86,8.93,8.98,925390.0,8269408.0,719043600.0,1682412000.0
sh600971,G恒源,2006-08-24,8.92,8.96,8.83,8.95,8.93,567486.0,5050377.0,720654000.0,1686180000.0
sh600971,G恒源,2006-08-25,8.93,9.28,8.91,9.12,8.95,2070382.0,18887837.0,734342400.0,1718208000.0
sh600971,G恒源,2006-08-28,9.09,9.26,9.07,9.22,9.12,1663656.0,15274278.0,742394400.0,1737048000.0
sh600971,G恒源,2006-08-29,9.23,9.46,9.17,9.18,9.22,3555113.0,33198844.0,739173600.0,1729512000.0
sh600971,G恒源,2006-08-30,9.15,9.25,9.12,9.19,9.18,961496.0,8818468.0,739978800.0,1731396000.0
sh600971,G恒源,2006-08-31,9.18,9.27,9.04,9.1,9.19,1470343.0,13398228.0,732732000.0,1714440000.0
sh600971,G恒源,2006-09-01,9.13,9.18,8.9,8.96,9.1,1319611.0,11898601.0,721459200.0,1688064000.0
sh600971,G恒源,2006-09-04,8.95,9.2,8.9,9.18,8.96,1234280.0,11217054.0,739173600.0,1729512000.0
sh600971,G恒源,2006-09-05,9.23,9.24,9.1,9.15,9.18,861654.0,7891201.0,736758000.0,1723860000.0
sh600971,G恒源,2006-09-06,9.13,9.24,9.03,9.23,9.15,1486870.0,13576911.0,743199600.0,1738932000.0
sh600971,G恒源,2006-09-07,9.24,9.26,9.0,9.05,9.23,927528.0,8437386.0,728706000.0,1705020000.0
sh600971,G恒源,2006-09-08,9.03,9.11,9.0,9.02,9.05,473337.0,4286018.0,726290400.0,1699368000.0
sh600971,G恒源,2006-09-11,9.04,9.08,8.85,8.99,9.02,763564.0,6826152.0,723874800.0,1693716000.0
sh600971,G恒源,2006-09-12,8.98,9.09,8.96,9.06,8.99,1005583.0,9093164.0,729511200.0,1706904000.0
sh600971,G恒源,2006-09-13,9.06,9.12,8.98,9.0,9.06,869088.0,7872133.0,724680000.0,1695600000.0
sh600971,G恒源,2006-09-14,8.93,8.99,8.71,8.86,9.0,1388375.0,12266235.0,713407200.0,1669224000.0
sh600971,G恒源,2006-09-15,8.86,9.15,8.86,9.15,8.86,1595342.0,14457460.0,736758000.0,1723860000.0
sh600971,G恒源,2006-09-18,9.2,9.3,9.12,9.2,9.15,1399361.0,12876973.0,740784000.0,1733280000.0
sh600971,G恒源,2006-09-19,9.25,9.39,9.15,9.34,9.2,2912017.0,27102651.0,752056800.0,1759656000.0
sh600971,G恒源,2006-09-20,9.31,9.32,9.16,9.19,9.34,1381334.0,12735660.0,739978800.0,1731396000.0
sh600971,G恒源,2006-09-21,9.18,9.27,9.14,9.2,9.19,1102733.0,10135807.0,740784000.0,1733280000.0
sh600971,G恒源,2006-09-22,9.2,9.25,9.0,9.01,9.2,1157871.0,10520944.0,725485200.0,1697484000.0
sh600971,G恒源,2006-09-25,9.0,9.03,8.85,8.92,9.01,970117.0,8675292.0,718238400.0,1680528000.0
sh600971,G恒源,2006-09-26,8.9,8.98,8.88,8.93,8.92,707895.0,6304145.0,719043600.0,1682412000.0
sh600971,G恒源,2006-09-27,8.89,9.03,8.89,8.98,8.93,398048.0,3568599.0,723069600.0,1691832000.0
sh600971,G恒源,2006-09-28,9.0,9.04,8.96,9.0,8.98,912483.0,8218989.0,724680000.0,1695600000.0
sh600971,G恒源,2006-09-29,9.01,9.27,9.01,9.19,9.0,1904964.0,17427345.0,739978800.0,1731396000.0
sh600971,恒源煤电,2006-10-09,9.2,9.32,9.19,9.26,9.19,1652829.0,15269593.0,745615200.0,1744584000.0
sh600971,恒源煤电,2006-10-10,9.3,9.3,9.14,9.19,9.26,1207902.0,11112082.0,739978800.0,1731396000.0
sh600971,恒源煤电,2006-10-11,9.19,9.36,9.18,9.32,9.19,1898755.0,17653939.0,750446400.0,1755888000.0
sh600971,恒源煤电,2006-10-12,9.38,9.4,9.18,9.28,9.32,1542690.0,14326982.0,747225600.0,1748352000.0
sh600971,恒源煤电,2006-10-13,9.2,9.5,9.2,9.45,9.28,4262205.0,40201752.0,760914000.0,1780380000.0
sh600971,恒源煤电,2006-10-16,9.51,9.74,9.5,9.56,9.45,5689880.0,54772415.0,769771200.0,1801104000.0
sh600971,恒源煤电,2006-10-17,9.6,9.88,9.51,9.82,9.56,5736242.0,55789981.0,790706400.0,1850088000.0
sh600971,恒源煤电,2006-10-18,9.9,10.07,9.75,9.85,9.82,5343177.0,52898138.0,793122000.0,1855740000.0
sh600971,恒源煤电,2006-10-19,9.85,10.21,9.71,10.17,9.85,5057591.0,50286654.0,818888400.0,1916028000.0
sh600971,恒源煤电,2006-10-20,10.2,10.28,9.93,9.96,10.17,3772706.0,38178212.0,801979200.0,1876464000.0
sh600971,恒源煤电,2006-10-23,9.9,10.38,9.9,10.07,9.96,5129353.0,51966023.0,810836400.0,1897188000.0
sh600971,恒源煤电,2006-10-24,10.03,10.45,10.02,10.37,10.07,4123604.0,42344868.0,834992400.0,1953708000.0
sh600971,恒源煤电,2006-10-25,10.45,10.48,10.1,10.2,10.37,3496975.0,35886492.0,821304000.0,1921680000.0
sh600971,恒源煤电,2006-10-26,10.21,10.22,9.92,10.01,10.2,3393435.0,34077521.0,806005200.0,1885884000.0
sh600971,恒源煤电,2006-10-27,10.0,10.03,9.75,9.78,10.01,3243316.0,31920082.0,787485600.0,1842552000.0
sh600971,恒源煤电,2006-10-30,9.78,10.05,9.71,10.04,9.78,2286927.0,22698606.0,808420800.0,1891536000.0
sh600971,恒源煤电,2006-10-31,10.1,10.29,10.03,10.07,10.04,3006715.0,30529431.0,810836400.0,1897188000.0
sh600971,恒源煤电,2006-11-01,10.09,10.33,9.98,10.32,10.07,3594931.0,36658321.0,830966400.0,1944288000.0
sh600971,恒源煤电,2006-11-02,10.33,10.65,10.33,10.38,10.32,5592606.0,58694903.0,835797600.0,1955592000.0
sh600971,恒源煤电,2006-11-03,10.4,10.63,10.38,10.49,10.38,3456091.0,36310837.0,844654800.0,1976316000.0
sh600971,恒源煤电,2006-11-06,10.5,10.63,10.35,10.59,10.49,3187857.0,33620228.0,852706800.0,1995156000.0
sh600971,恒源煤电,2006-11-07,10.65,11.65,10.65,11.43,10.59,13381858.0,152154104.0,920343600.0,2153412000.0
sh600971,恒源煤电,2006-11-08,11.39,11.5,11.02,11.21,11.43,4621473.0,52026378.0,902629200.0,2111964000.0
sh600971,恒源煤电,2006-11-09,11.1,11.68,11.1,11.66,11.21,5443206.0,62296345.0,938863200.0,2196744000.0
sh600971,恒源煤电,2006-11-10,11.8,11.91,10.93,10.97,11.66,6254613.0,70973331.0,883304400.0,2066748000.0
sh600971,恒源煤电,2006-11-14,10.6,10.68,10.03,10.63,10.97,6682192.0,69388760.0,855927600.0,2002692000.0
sh600971,恒源煤电,2006-11-15,10.55,10.76,10.33,10.75,10.63,2717080.0,28754789.0,865590000.0,2025300000.0
sh600971,恒源煤电,2006-11-16,10.82,10.96,10.31,10.36,10.75,5377944.0,57253956.0,834187200.0,1951824000.0
sh600971,恒源煤电,2006-11-17,10.23,10.53,10.15,10.38,10.36,3124467.0,32278125.0,835797600.0,1955592000.0
sh600971,恒源煤电,2006-11-20,10.4,10.52,10.16,10.38,10.38,3357803.0,34621982.0,835797600.0,1955592000.0
sh600971,恒源煤电,2006-11-21,10.39,11.03,10.26,11.0,10.38,4557950.0,48747992.0,885720000.0,2072400000.0
sh600971,恒源煤电,2006-11-22,10.99,11.17,10.76,10.83,11.0,3779310.0,41400617.0,872031600.0,2040372000.0
sh600971,恒源煤电,2006-11-23,10.8,11.07,10.75,10.99,10.83,3411493.0,37215660.0,884914800.0,2070516000.0
sh600971,恒源煤电,2006-11-24,10.91,11.02,10.7,10.91,10.99,2750650.0,29931023.0,878473200.0,2055444000.0
sh600971,恒源煤电,2006-11-27,10.9,11.3,10.83,11.24,10.91,3242068.0,36124346.0,905044800.0,2117616000.0
sh600971,恒源煤电,2006-11-28,11.24,11.4,10.93,10.99,11.24,2797242.0,31153303.0,884914800.0,2070516000.0
sh600971,恒源煤电,2006-11-29,10.82,10.99,10.69,10.82,10.99,3491066.0,37901263.0,871226400.0,2038488000.0
sh600971,恒源煤电,2006-11-30,10.82,11.18,10.82,11.07,10.82,3203102.0,35428313.0,891356400.0,2085588000.0
sh600971,恒源煤电,2006-12-01,11.15,11.7,10.88,11.53,11.07,7800802.0,88416860.0,928395600.0,2172252000.0
sh600971,恒源煤电,2006-12-04,11.5,11.8,11.41,11.57,11.53,5290129.0,61351900.0,931616400.0,2179788000.0
sh600971,恒源煤电,2006-12-05,11.59,11.7,11.4,11.42,11.57,4581716.0,52769602.0,919538400.0,2151528000.0
sh600971,恒源煤电,2006-12-06,11.4,11.45,10.71,10.94,11.42,5362297.0,59218013.0,880888800.0,2061096000.0
sh600971,恒源煤电,2006-12-07,10.88,11.33,10.85,10.95,10.94,4317991.0,47724993.0,881694000.0,2062980000.0
sh600971,恒源煤电,2006-12-08,10.89,10.89,10.35,10.37,10.95,4984552.0,52718207.0,834992400.0,1953708000.0
sh600971,恒源煤电,2006-12-11,10.33,10.74,10.28,10.71,10.37,2108285.0,22268441.0,862369200.0,2017764000.0
sh600971,恒源煤电,2006-12-12,10.8,10.85,10.5,10.63,10.71,1806051.0,19186637.0,855927600.0,2002692000.0
sh600971,恒源煤电,2006-12-13,10.63,10.82,10.57,10.71,10.63,1953129.0,20902414.0,862369200.0,2017764000.0
sh600971,恒源煤电,2006-12-14,10.7,11.12,10.68,11.06,10.71,3153408.0,34549718.0,890551200.0,2083704000.0
sh600971,恒源煤电,2006-12-15,11.1,11.55,10.99,11.52,11.06,5208623.0,58597480.0,927590400.0,2170368000.0
sh600971,恒源煤电,2006-12-18,11.58,11.96,11.46,11.77,11.52,7242848.0,84920575.0,947720400.0,2217468000.0
sh600971,恒源煤电,2006-12-19,11.78,11.79,11.28,11.5,11.77,4617876.0,52874446.0,925980000.0,2166600000.0
sh600971,恒源煤电,2006-12-20,11.4,11.56,11.25,11.51,11.5,3155924.0,36069497.0,926785200.0,2168484000.0
sh600971,恒源煤电,2006-12-21,11.51,12.62,11.5,11.89,11.51,9943055.0,121120886.0,957382800.0,2240076000.0
sh600971,恒源煤电,2006-12-22,11.8,12.38,11.69,12.17,11.89,6110028.0,73826917.0,979928400.0,2292828000.0
sh600971,恒源煤电,2006-12-25,12.27,12.6,11.96,12.18,12.17,4008197.0,49049981.0,980733600.0,2294712000.0
sh600971,恒源煤电,2006-12-26,12.24,12.38,11.58,11.82,12.18,4584158.0,54778360.0,951746400.0,2226888000.0
sh600971,恒源煤电,2006-12-27,11.8,11.93,11.7,11.84,11.82,2085940.0,24663837.0,953356800.0,2230656000.0
sh600971,恒源煤电,2006-12-28,12.01,12.33,11.64,11.88,11.84,3922859.0,47055388.0,956577600.0,2238192000.0
sh600971,恒源煤电,2006-12-29,11.87,12.18,11.86,11.97,11.88,3424778.0,41120557.0,963824400.0,2255148000.0
sh600971,恒源煤电,2007-01-04,12.31,12.48,11.96,12.02,11.97,6075609.0,74464013.0,967850400.0,2264568000.0
sh600971,恒源煤电,2007-01-05,11.95,13.06,11.9,12.99,12.02,9214892.0,116381471.0,1045954800.0,2447316000.0
sh600971,恒源煤电,2007-01-08,13.18,13.55,13.02,13.14,12.99,7939701.0,105050919.0,1058032800.0,2475576000.0
sh600971,恒源煤电,2007-01-09,13.26,13.47,12.98,13.38,13.14,5099020.0,67321476.0,1077357600.0,2520792000.0
sh600971,恒源煤电,2007-01-10,13.45,14.2,13.3,14.0,13.38,5635120.0,77196856.0,1127280000.0,2637600000.0
sh600971,恒源煤电,2007-01-11,13.98,14.63,13.8,14.15,14.0,6700672.0,95730147.0,1139358000.0,2665860000.0
sh600971,恒源煤电,2007-01-12,14.01,14.28,12.9,12.92,14.15,6719678.0,90287703.0,1040318400.0,2434128000.0
sh600971,恒源煤电,2007-01-15,12.92,13.5,12.81,13.49,12.92,4548929.0,59855075.0,1086214800.0,2541516000.0
sh600971,恒源煤电,2007-01-16,13.49,13.61,13.25,13.57,13.49,4782042.0,64192609.0,1092656400.0,2556588000.0
sh600971,恒源煤电,2007-01-17,13.64,14.08,13.18,13.37,13.57,5275583.0,72324897.0,1076552400.0,2518908000.0
sh600971,恒源煤电,2007-01-18,13.38,13.77,13.15,13.59,13.37,4037929.0,54329039.0,1094266800.0,2560356000.0
sh600971,恒源煤电,2007-01-19,13.68,14.24,13.68,14.23,13.59,6230565.0,87283503.0,1145799600.0,2680932000.0
sh600971,恒源煤电,2007-01-22,14.43,14.94,14.42,14.82,14.23,6637320.0,97733148.0,1193306400.0,2792088000.0
sh600971,恒源煤电,2007-01-23,14.99,15.1,14.16,14.69,14.82,5694866.0,82832083.0,1182838800.0,2767596000.0
sh600971,恒源煤电,2007-01-24,14.7,14.76,14.38,14.49,14.69,4833340.0,70045669.0,1166734800.0,2729916000.0
sh600971,恒源煤电,2007-01-25,14.49,14.5,13.8,13.82,14.49,5146996.0,72392547.0,1112786400.0,2603688000.0
sh600971,恒源煤电,2007-01-26,13.68,14.09,13.32,13.97,13.82,4284919.0,58535598.0,1124864400.0,2631948000.0
sh600971,恒源煤电,2007-01-29,14.18,14.4,13.95,14.38,13.97,4449576.0,63141120.0,1157877600.0,2709192000.0
sh600971,恒源煤电,2007-01-30,14.41,15.03,14.41,14.87,14.38,8098765.0,119969964.0,1197332400.0,2801508000.0
sh600971,恒源煤电,2007-01-31,14.75,14.84,13.52,13.68,14.87,5234133.0,74399574.0,1101513600.0,2577312000.0
sh600971,恒源煤电,2007-02-01,13.6,14.29,13.41,14.18,13.68,4975479.0,68985346.0,1141773600.0,2671512000.0
sh600971,恒源煤电,2007-02-02,14.18,14.3,13.66,13.68,14.18,3283258.0,45704909.0,1101513600.0,2577312000.0
sh600971,恒源煤电,2007-02-05,13.68,13.99,13.64,13.78,13.68,2127657.0,29420016.0,1109565600.0,2596152000.0
sh600971,恒源煤电,2007-02-06,13.9,14.09,13.8,14.08,13.78,1935099.0,26954276.0,1133721600.0,2652672000.0
sh600971,恒源煤电,2007-02-07,14.12,14.3,13.82,14.01,14.08,3842767.0,54240095.0,1128085200.0,2639484000.0
sh600971,恒源煤电,2007-02-08,14.01,14.28,13.7,14.23,14.01,3588222.0,50248918.0,1145799600.0,2680932000.0
sh600971,恒源煤电,2007-02-09,14.3,14.35,14.12,14.24,14.23,2535400.0,36095565.0,1146604800.0,2682816000.0
sh600971,恒源煤电,2007-02-12,14.24,14.9,14.24,14.79,14.24,3914074.0,57152263.0,1190890800.0,2786436000.0
sh600971,恒源煤电,2007-02-13,14.88,16.1,14.68,15.93,14.79,7530133.0,115631119.0,1282683600.0,3001212000.0
sh600971,恒源煤电,2007-02-14,15.93,17.51,15.82,17.06,15.93,13761357.0,230561532.0,1373671200.0,3214104000.0
sh600971,恒源煤电,2007-02-15,16.99,17.68,16.58,17.49,17.06,9139407.0,156253881.0,1464945679.56,3295116000.0
sh600971,恒源煤电,2007-02-16,17.76,17.78,16.86,16.9,17.49,7135621.0,122895708.0,1415527843.6,3183960000.0
sh600971,恒源煤电,2007-02-26,17.15,18.59,17.15,18.59,16.9,5218240.0,94211057.0,1557080627.96,3502356000.0
sh600971,恒源煤电,2007-02-27,19.17,20.2,17.0,17.48,18.59,10550046.0,198672325.0,1464108089.12,3293232000.0
sh600971,恒源煤电,2007-02-28,18.02,19.23,18.02,19.23,17.48,7077834.0,133207090.0,1610686416.12,3622932000.0
sh600971,恒源煤电,2007-03-01,20.08,20.28,19.0,20.23,19.23,9497774.0,187145003.0,1694445460.12,3811332000.0
sh600971,恒源煤电,2007-03-02,19.0,19.35,18.21,18.21,20.23,12519103.0,231073118.0,1525252191.24,3430764000.0
sh600971,恒源煤电,2007-03-05,17.28,17.54,16.51,17.1,18.21,10849665.0,184519298.0,1432279652.4,3221640000.0
sh600971,恒源煤电,2007-03-06,16.93,16.93,16.31,16.75,17.1,5621020.0,93760511.0,1402963987.0,3155700000.0
sh600971,恒源煤电,2007-03-07,16.8,17.19,16.8,17.08,16.75,5274288.0,89578489.0,1430604471.52,3217872000.0
sh600971,恒源煤电,2007-03-08,17.08,17.3,16.8,17.28,17.08,5208059.0,88692731.0,1447356280.32,3255552000.0
sh600971,恒源煤电,2007-03-09,17.28,17.55,17.15,17.17,17.28,5324554.0,92276183.0,1438142785.48,3234828000.0
sh600971,恒源煤电,2007-03-12,17.1,17.33,16.71,17.19,17.17,4779149.0,81455481.0,1439817966.36,3238596000.0
sh600971,恒源煤电,2007-03-13,17.17,17.66,17.01,17.59,17.19,5223536.0,90743565.0,1473321583.96,3313956000.0
sh600971,恒源煤电,2007-03-14,17.48,17.49,16.88,17.07,17.59,3836470.0,65695817.0,1429766881.08,3215988000.0
sh600971,恒源煤电,2007-03-15,16.98,17.35,16.92,17.15,17.07,3633786.0,62364747.0,1436467604.6,3231060000.0
sh600971,恒源煤电,2007-03-16,17.13,17.28,16.48,16.65,17.15,4812929.0,81097575.0,1394588082.6,3136860000.0
sh600971,恒源煤电,2007-03-19,16.1,16.65,15.97,16.46,16.65,5269765.0,86230721.0,1378673864.24,3101064000.0
sh600971,恒源煤电,2007-03-20,16.5,17.95,16.5,17.72,16.46,8841679.0,153236562.0,1484210259.68,3338448000.0
sh600971,恒源煤电,2007-03-21,17.83,17.88,17.32,17.62,17.72,5027435.0,88096626.0,1475834355.28,3319608000.0
sh600971,恒源煤电,2007-03-23,17.62,18.1,16.7,17.13,17.62,4594840.0,78460387.0,1434792423.72,3227292000.0
sh600971,恒源煤电,2007-03-26,17.14,17.33,16.87,17.32,17.13,5117993.0,87674510.0,1450706642.08,3263088000.0
sh600971,恒源煤电,2007-03-27,17.34,17.37,17.08,17.25,17.32,4733274.0,81428270.0,1444843509.0,3249900000.0
sh600971,恒源煤电,2007-03-28,17.25,17.44,16.5,17.09,17.25,5502030.0,94251817.0,1431442061.96,3219756000.0
sh600971,恒源煤电,2007-03-29,17.17,17.18,16.72,16.74,17.09,4043515.0,68347951.0,1402126396.56,3153816000.0
sh600971,恒源煤电,2007-03-30,16.76,17.09,16.7,16.91,16.74,2754194.0,46379751.0,1416365434.04,3185844000.0
sh600971,恒源煤电,2007-04-02,16.92,17.16,16.75,17.14,16.91,4365151.0,74101030.0,1435630014.16,3229176000.0
sh600971,恒源煤电,2007-04-03,17.22,18.0,17.18,17.95,17.14,9146129.0,161107830.0,1503474839.8,3381780000.0
sh600971,恒源煤电,2007-04-04,17.95,17.95,17.51,17.68,17.95,5633774.0,99849724.0,1480859897.92,3330912000.0
sh600971,恒源煤电,2007-04-05,17.68,17.85,17.51,17.84,17.68,4175738.0,74128891.0,1494261344.96,3361056000.0
sh600971,恒源煤电,2007-04-06,17.69,18.59,17.54,18.42,17.84,8037641.0,146300924.0,1542841590.48,3470328000.0
sh600971,恒源煤电,2007-04-09,18.53,18.84,18.28,18.51,18.42,6700710.0,124315498.0,1550379904.44,3487284000.0
sh600971,恒源煤电,2007-04-10,18.68,18.69,17.9,18.58,18.51,5223827.0,95839925.0,1556243037.52,3500472000.0
sh600971,恒源煤电,2007-04-11,18.58,18.6,18.23,18.41,18.58,5136012.0,94411915.0,1542004000.04,3468444000.0
sh600971,恒源煤电,2007-04-12,18.4,19.05,18.4,18.97,18.41,6375621.0,120140366.0,1588909064.68,3573948000.0
sh600971,恒源煤电,2007-04-13,18.98,19.25,18.6,18.64,18.97,6319371.0,119360587.0,1561268580.16,3511776000.0
sh600971,恒源煤电,2007-04-17,19.98,20.5,19.31,19.85,18.64,8833702.0,175432939.0,1662617023.4,3739740000.0
sh600971,恒源煤电,2007-04-18,19.95,21.2,19.6,20.99,19.85,7212025.0,148790742.0,1758102333.56,3954516000.0
sh600971,恒源煤电,2007-04-19,21.03,21.5,19.1,19.96,20.99,7749553.0,158985906.0,1671830518.24,3760464000.0
sh600971,XD恒源煤,2007-04-20,19.59,20.38,19.41,19.96,19.36,5787717.0,115638080.0,1671830518.24,3760464000.0
sh600971,恒源煤电,2007-04-23,19.97,21.0,19.97,20.87,19.96,7043434.0,145141285.0,1748051248.28,3931908000.0
sh600971,恒源煤电,2007-04-24,21.0,21.3,20.3,20.49,20.87,7437641.0,154943934.0,1716222811.56,3860316000.0
sh600971,恒源煤电,2007-04-25,20.26,20.26,19.4,19.65,20.49,5545017.0,109512879.0,1645865214.6,3702060000.0
sh600971,恒源煤电,2007-04-26,19.6,20.0,19.6,19.89,19.65,3852489.0,76523930.0,1665967385.16,3747276000.0
sh600971,恒源煤电,2007-04-27,20.01,20.1,19.38,19.44,19.89,4517281.0,88848031.0,1628275815.36,3662496000.0
sh600971,恒源煤电,2007-04-30,19.32,19.32,18.8,19.09,19.44,5546816.0,105630117.0,1598960149.96,3596556000.0
sh600971,恒源煤电,2007-05-08,19.23,19.79,19.2,19.78,19.09,6538334.0,127339717.0,1656753890.32,3726552000.0
sh600971,恒源煤电,2007-05-09,19.88,20.09,19.21,19.59,19.78,6021960.0,118548496.0,1640839671.96,3690756000.0
sh600971,恒源煤电,2007-05-10,19.61,20.12,19.31,19.96,19.59,6362443.0,125162786.0,1671830518.24,3760464000.0
sh600971,恒源煤电,2007-05-11,20.0,20.05,19.5,19.68,19.96,4661748.0,91821010.0,1648377985.92,3707712000.0
sh600971,恒源煤电,2007-05-14,19.5,20.0,19.28,19.78,19.68,5579745.0,110573396.0,1656753890.32,3726552000.0
sh600971,恒源煤电,2007-05-15,19.88,20.7,19.88,20.4,19.78,11258399.0,228755452.0,1708684497.6,3843360000.0
sh600971,恒源煤电,2007-05-16,20.26,20.9,19.6,20.86,20.4,7980135.0,162592721.0,1747213657.84,3930024000.0
sh600971,恒源煤电,2007-05-17,21.05,21.5,20.75,21.31,20.86,9311555.0,197398722.0,1784905227.64,4014804000.0
sh600971,恒源煤电,2007-05-18,21.12,22.67,21.0,22.21,21.31,10494389.0,230783358.0,1860288367.24,4184364000.0
sh600971,恒源煤电,2007-05-21,21.52,24.43,21.52,24.43,22.21,12109148.0,286398126.0,2046233444.92,4602612000.0
sh600971,恒源煤电,2007-05-22,25.28,26.4,24.45,24.61,24.43,14006792.0,358936663.0,2061310072.84,4636524000.0
sh600971,恒源煤电,2007-05-23,24.78,25.82,24.3,25.7,24.61,8106569.0,203070829.0,2152607430.8,4841880000.0
sh600971,恒源煤电,2007-05-24,25.99,25.99,24.5,25.61,25.7,6591120.0,165829756.0,2145069116.84,4824924000.0
sh600971,恒源煤电,2007-05-25,25.0,25.99,24.8,25.48,25.61,5766306.0,146900196.0,2134180441.12,4800432000.0
sh600971,恒源煤电,2007-05-28,26.2,28.0,26.2,27.56,25.48,6743316.0,182648552.0,2308399252.64,5192304000.0
sh600971,恒源煤电,2007-05-29,27.58,28.2,26.91,27.9,27.56,5682931.0,157022671.0,2336877327.6,5256360000.0
sh600971,恒源煤电,2007-05-30,26.0,27.88,25.11,25.5,27.9,8132633.0,215928742.0,2135855622.0,4804200000.0
sh600971,恒源煤电,2007-05-31,25.38,28.05,24.8,27.85,25.5,9266161.0,247601540.0,2332689375.4,5246940000.0
sh600971,恒源煤电,2007-06-01,27.7,28.52,25.07,25.07,27.85,6152672.0,164356963.0,2099839233.08,4723188000.0
sh600971,恒源煤电,2007-06-04,24.66,26.09,22.56,22.58,25.07,5548731.0,132144018.0,1891279213.52,4254072000.0
sh600971,恒源煤电,2007-06-05,22.29,24.55,20.49,24.51,22.58,5232400.0,117522479.0,2052934168.44,4617684000.0
sh600971,恒源煤电,2007-06-06,24.6,26.96,23.5,26.96,24.51,6579408.0,171493646.0,2258143826.24,5079264000.0
sh600971,恒源煤电,2007-06-07,27.23,28.6,26.01,27.44,26.96,5998594.0,167161681.0,2298348167.36,5169696000.0
sh600971,恒源煤电,2007-06-08,27.38,27.9,26.6,27.31,27.44,3410633.0,93187749.0,2287459491.64,5145204000.0
sh600971,恒源煤电,2007-06-11,27.33,29.15,27.33,28.61,27.31,4910724.0,140194149.0,2396346248.84,5390124000.0
sh600971,恒源煤电,2007-06-12,28.58,29.98,26.68,29.03,28.61,4304562.0,123455153.0,2431525047.32,5469252000.0
sh600971,恒源煤电,2007-06-13,29.3,30.19,28.11,28.57,29.03,5790041.0,167677399.0,2392995887.08,5382588000.0
sh600971,恒源煤电,2007-06-14,28.7,28.7,27.8,28.02,28.57,2991190.0,84265702.0,2346928412.88,5278968000.0
sh600971,恒源煤电,2007-06-15,27.99,28.43,27.55,28.27,28.02,2047959.0,57416096.0,2367868173.88,5326068000.0
sh600971,恒源煤电,2007-06-18,28.46,29.2,28.27,28.51,28.27,2457858.0,70447423.0,2387970344.44,5371284000.0
sh600971,恒源煤电,2007-06-19,28.39,29.14,27.58,28.99,28.51,3359778.0,95056628.0,2428174685.56,5461716000.0
sh600971,恒源煤电,2007-06-20,29.1,29.8,28.0,28.02,28.99,3160304.0,91989195.0,2346928412.88,5278968000.0
sh600971,恒源煤电,2007-06-21,27.5,28.68,27.35,28.03,28.02,2103710.0,58631666.0,2347766003.32,5280852000.0
sh600971,恒源煤电,2007-06-22,28.0,28.4,25.8,26.94,28.03,2824957.0,76637619.0,2256468645.36,5075496000.0
sh600971,恒源煤电,2007-06-25,26.94,27.28,26.0,26.7,26.94,2639971.0,70401723.0,2236366474.8,5030280000.0
sh600971,恒源煤电,2007-06-26,25.53,26.86,25.53,26.84,26.7,1097754.0,28944262.0,2248092740.96,5056656000.0
sh600971,恒源煤电,2007-06-27,27.0,27.95,26.4,27.91,26.84,1444969.0,39404520.0,2337714918.04,5258244000.0
sh600971,恒源煤电,2007-06-28,28.0,28.1,25.82,25.87,27.91,1105849.0,29835448.0,2166846468.28,4873908000.0
sh600971,恒源煤电,2007-06-29,25.55,25.8,23.8,24.45,25.87,1561966.0,38738541.0,2047908625.8,4606380000.0
sh600971,恒源煤电,2007-07-02,24.39,25.27,24.28,24.89,24.45,1495895.0,37041019.0,2084762605.16,4689276000.0
sh600971,恒源煤电,2007-07-03,24.95,25.4,24.71,25.21,24.89,692188.0,17338244.0,2111565499.24,4749564000.0
sh600971,恒源煤电,2007-07-04,25.37,26.67,25.2,25.51,25.21,1469627.0,37930123.0,2136693212.44,4806084000.0
sh600971,恒源煤电,2007-07-05,25.11,25.6,24.2,24.21,25.51,866789.0,21526902.0,2027806455.24,4561164000.0
sh600971,恒源煤电,2007-07-06,24.3,25.35,23.21,25.23,24.21,989861.0,24156174.0,2113240680.12,4753332000.0
sh600971,恒源煤电,2007-07-09,25.48,26.85,25.31,26.35,25.23,1353922.0,35559270.0,2207050809.4,4964340000.0
sh600971,恒源煤电,2007-07-10,26.36,26.5,25.0,25.01,26.35,1860113.0,47526599.0,2094813690.44,4711884000.0
sh600971,恒源煤电,2007-07-11,24.61,25.48,24.45,25.21,25.01,844958.0,21127519.0,2111565499.24,4749564000.0
sh600971,恒源煤电,2007-07-12,25.25,25.58,25.0,25.2,25.21,674625.0,17057609.0,2110727908.8,4747680000.0
sh600971,恒源煤电,2007-07-13,25.06,25.5,25.06,25.28,25.2,418935.0,10601717.0,2117428632.32,4762752000.0
sh600971,恒源煤电,2007-07-16,25.33,25.4,24.31,24.36,25.28,942834.0,23216289.0,2040370311.84,4589424000.0
sh600971,恒源煤电,2007-07-17,24.36,25.2,24.02,24.84,24.36,748126.0,18369960.0,2080574652.96,4679856000.0
sh600971,恒源煤电,2007-07-18,24.7,24.89,24.2,24.43,24.84,592786.0,14570409.0,2046233444.92,4602612000.0
sh600971,恒源煤电,2007-07-19,24.4,24.98,24.15,24.55,24.43,961047.0,23672635.0,2056284530.2,4625220000.0
sh600971,恒源煤电,2007-07-20,24.89,25.77,24.45,25.69,24.55,1322768.0,33502139.0,2151769840.36,4839996000.0
sh600971,恒源煤电,2007-07-23,25.66,27.45,25.65,27.06,25.69,2748511.0,73345775.0,2266519730.64,5098104000.0
sh600971,恒源煤电,2007-07-24,27.2,28.15,27.01,27.11,27.06,1964762.0,54565577.0,2270707682.84,5107524000.0
sh600971,恒源煤电,2007-07-25,27.22,29.3,27.22,29.11,27.11,3025058.0,87310903.0,2438225770.84,5484324000.0
sh600971,恒源煤电,2007-07-26,29.47,29.48,28.53,28.99,29.11,1803055.0,52149537.0,2428174685.56,5461716000.0
sh600971,恒源煤电,2007-07-27,28.48,30.3,28.2,29.33,28.99,2418530.0,72066689.0,2456652760.52,5525772000.0
sh600971,恒源煤电,2007-07-30,29.7,30.95,29.38,30.25,29.33,2521777.0,76006877.0,2533711081.0,5699100000.0
sh600971,恒源煤电,2007-07-31,30.22,31.5,29.85,29.88,30.25,2596195.0,79307533.0,2502720234.72,5629392000.0
sh600971,恒源煤电,2007-08-01,30.0,31.2,27.35,28.4,29.88,2365858.0,70150229.0,2378756849.6,5350560000.0
sh600971,恒源煤电,2007-08-02,28.41,29.5,28.4,29.15,28.4,2694863.0,77737062.0,2441576132.6,5491860000.0
sh600971,恒源煤电,2007-08-03,29.5,30.4,28.96,29.97,29.15,2859362.0,85463180.0,2510258548.68,5646348000.0
sh600971,恒源煤电,2007-08-06,30.5,30.5,29.5,29.87,29.97,1978924.0,59291343.0,2501882644.28,5627508000.0
sh600971,恒源煤电,2007-08-07,29.9,30.91,28.85,29.9,29.87,4248673.0,127492951.0,2504395415.6,5633160000.0
sh600971,恒源煤电,2007-08-08,29.65,29.68,28.18,28.92,29.9,1423536.0,41280020.0,2422311552.48,5448528000.0
sh600971,恒源煤电,2007-08-09,28.9,29.4,28.61,28.99,28.92,964497.0,28017719.0,2428174685.56,5461716000.0
sh600971,恒源煤电,2007-08-10,28.99,28.99,27.68,28.25,28.99,1268865.0,35755393.0,2366192993.0,5322300000.0
sh600971,恒源煤电,2007-08-13,28.2,28.95,27.3,28.93,28.25,2142174.0,59986711.0,2423149142.92,5450412000.0
sh600971,恒源煤电,2007-08-14,28.95,30.6,28.7,30.39,28.93,3092860.0,93209392.0,2545437347.16,5725476000.0
sh600971,恒源煤电,2007-08-15,30.3,32.58,29.02,32.38,30.39,4548491.0,142786758.0,2712117844.72,6100392000.0
sh600971,恒源煤电,2007-08-16,32.3,34.15,31.6,33.01,32.38,2979281.0,98981576.0,2764886042.44,6219084000.0
sh600971,恒源煤电,2007-08-17,32.5,34.1,32.15,33.31,33.01,2250898.0,75233831.0,2790013755.64,6275604000.0
sh600971,恒源煤电,2007-08-20,33.85,36.18,33.85,35.85,33.31,3887841.0,137119657.0,3002761727.4,6754140000.0
sh600971,恒源煤电,2007-08-21,36.5,36.5,35.05,36.01,35.85,1844816.0,66390204.0,3016163174.44,6784284000.0
sh600971,恒源煤电,2007-08-22,35.55,36.0,34.84,35.19,36.01,1966109.0,69296596.0,2947480758.36,6629796000.0
sh600971,恒源煤电,2007-08-23,35.21,36.79,34.7,36.35,35.19,1419290.0,50758340.0,3044641249.4,6848340000.0
sh600971,恒源煤电,2007-08-24,36.35,38.51,36.35,38.26,36.35,1776949.0,66901175.0,3204621023.44,7208184000.0
sh600971,恒源煤电,2007-08-27,38.2,38.7,37.05,37.16,38.26,2784169.0,105058927.0,3112486075.04,7000944000.0
sh600971,恒源煤电,2007-08-28,37.18,38.08,36.3,37.43,37.16,1163302.0,43357093.0,3135101016.92,7051812000.0
sh600971,恒源煤电,2007-08-29,37.43,39.5,36.66,39.42,37.43,2039073.0,77721943.0,3301781514.48,7426728000.0
sh600971,恒源煤电,2007-08-30,39.5,40.0,38.4,38.95,39.42,1194054.0,46647608.0,3262414763.8,7338180000.0
sh600971,恒源煤电,2007-08-31,39.01,40.59,38.28,40.4,38.95,1242845.0,49363807.0,3383865377.6,7611360000.0
sh600971,恒源煤电,2007-09-03,40.65,44.44,40.5,44.44,40.4,1088138.0,47284370.0,3722251915.36,8372496000.0
sh600971,恒源煤电,2007-09-04,46.0,46.6,44.2,44.89,44.44,1704995.0,77366655.0,3759943485.16,8457276000.0
sh600971,恒源煤电,2007-09-05,44.95,48.18,44.3,46.74,44.89,1473638.0,68487553.0,3914897716.56,8805816000.0
sh600971,恒源煤电,2007-09-06,47.18,47.68,45.5,46.8,46.74,1562050.0,72929775.0,3919923259.2,8817120000.0
sh600971,恒源煤电,2007-09-07,46.4,47.6,44.8,44.85,46.8,1487381.0,67823972.0,3756593123.4,8449740000.0
sh600971,恒源煤电,2007-09-10,44.0,44.2,42.0,43.21,44.85,2356492.0,101637835.0,3619228291.24,8140764000.0
sh600971,恒源煤电,2007-09-11,43.05,45.5,40.0,40.14,43.21,2333633.0,100407004.0,3362088026.16,7562376000.0
sh600971,恒源煤电,2007-09-12,40.11,44.1,40.11,44.07,40.14,2898195.0,122696116.0,3691261069.08,8302788000.0
sh600971,恒源煤电,2007-09-13,44.8,48.48,44.1,48.48,44.07,2832965.0,133987380.0,4060638453.12,9133632000.0
sh600971,恒源煤电,2007-09-14,48.48,49.7,47.02,48.1,48.48,1498773.0,72267566.0,4028810016.4,9062040000.0
sh600971,恒源煤电,2007-09-17,47.91,49.61,47.5,48.29,48.1,1003859.0,48650410.0,4044724234.76,9097836000.0
sh600971,恒源煤电,2007-09-18,48.29,49.5,47.2,49.16,48.29,928569.0,44484547.0,4117594603.04,9261744000.0
sh600971,恒源煤电,2007-09-19,49.31,52.3,48.68,49.46,49.16,1218417.0,61992399.0,4142722316.24,9318264000.0
sh600971,恒源煤电,2007-09-20,54.41,54.41,50.81,54.37,49.46,2119767.0,112570053.0,4553979222.28,10243308000.0
sh600971,恒源煤电,2007-09-21,55.5,58.86,53.31,58.31,54.37,2357427.0,133632669.0,4883989855.64,10985604000.0
sh600971,恒源煤电,2007-09-24,57.2,60.0,55.65,56.31,58.31,1739540.0,100166643.0,4716471767.64,10608804000.0
sh600971,恒源煤电,2007-09-25,55.9,55.9,52.0,53.7,56.31,1735889.0,93199703.0,4497860662.8,10117080000.0
sh600971,恒源煤电,2007-09-26,53.6,54.8,52.5,53.38,53.7,699223.0,37254086.0,4471057768.72,10056792000.0
sh600971,恒源煤电,2007-09-27,53.5,55.51,53.05,55.0,53.38,1038814.0,57017435.0,4606747420.0,10362000000.0
sh600971,恒源煤电,2007-09-28,56.38,58.1,55.2,56.83,55.0,982497.0,56075240.0,4760026470.52,10706772000.0
sh600971,恒源煤电,2007-10-08,58.0,58.39,55.2,57.53,56.83,685310.0,38556849.0,4818657801.32,10838652000.0
sh600971,恒源煤电,2007-10-09,57.01,57.4,53.85,56.0,57.53,890726.0,49313043.0,4690506464.0,10550400000.0
sh600971,恒源煤电,2007-10-10,56.49,58.76,54.59,55.01,56.0,795177.0,45012085.0,4607585010.44,10363884000.0
sh600971,恒源煤电,2007-10-11,55.42,57.49,54.8,55.9,55.01,914222.0,51067703.0,4682130559.6,10531560000.0
sh600971,恒源煤电,2007-10-12,56.0,56.98,52.0,55.47,55.9,1027614.0,55634940.0,4646114170.68,10450548000.0
sh600971,恒源煤电,2007-10-15,55.44,55.45,52.98,53.01,55.47,1149966.0,61776222.0,4440066922.44,9987084000.0
sh600971,恒源煤电,2007-10-16,53.0,58.31,52.6,58.3,53.01,1554386.0,86299113.0,4883152265.2,10983720000.0
sh600971,恒源煤电,2007-10-17,58.87,58.87,55.18,55.7,58.3,915038.0,51802232.0,4665378750.8,10493880000.0
sh600971,恒源煤电,2007-10-18,55.5,55.5,53.02,53.15,55.7,561654.0,30054637.0,4451793188.6,10013460000.0
sh600971,恒源煤电,2007-10-19,53.9,54.88,53.0,53.61,53.15,374969.0,20171345.0,4490322348.84,10100124000.0
sh600971,恒源煤电,2007-10-22,51.3,53.88,49.5,50.4,53.61,736205.0,37883637.0,4221455817.6,9495360000.0
sh600971,恒源煤电,2007-10-23,49.55,51.85,47.0,50.33,50.4,1146909.0,56830321.0,4215592684.52,9482172000.0
sh600971,恒源煤电,2007-10-24,50.33,50.86,48.7,48.74,50.33,422332.0,21070854.0,4082415804.56,9182616000.0
sh600971,恒源煤电,2007-10-25,48.0,48.6,44.0,45.49,48.74,678411.0,31323734.0,3810198911.56,8570316000.0
sh600971,恒源煤电,2007-10-26,45.01,46.7,44.9,46.23,45.49,555384.0,25522652.0,3872180604.12,8709732000.0
sh600971,恒源煤电,2007-10-29,46.7,50.85,46.3,50.16,46.23,1239383.0,61415237.0,4201353647.04,9450144000.0
sh600971,恒源煤电,2007-10-30,51.4,52.0,49.01,50.8,50.16,1002182.0,50549971.0,4254959435.2,9570720000.0
sh600971,恒源煤电,2007-10-31,52.1,52.1,49.58,50.45,50.8,655734.0,33001095.0,4225643769.8,9504780000.0
sh600971,恒源煤电,2007-11-01,51.23,51.98,49.99,50.0,50.45,909554.0,46258791.0,4187952200.0,9420000000.0
sh600971,恒源煤电,2007-11-02,48.0,49.5,45.0,45.64,50.0,1306642.0,60857033.0,3822762768.16,8598576000.0
sh600971,恒源煤电,2007-11-05,46.0,46.0,42.68,42.88,45.64,2070139.0,89499965.0,3591587806.72,8078592000.0
sh600971,恒源煤电,2007-11-06,43.0,43.8,42.6,43.19,42.88,801819.0,34640544.0,3617553110.36,8136996000.0
sh600971,恒源煤电,2007-11-07,43.19,44.47,42.92,44.4,43.19,579522.0,25351888.0,3718901553.6,8364960000.0
sh600971,恒源煤电,2007-11-08,44.1,44.1,42.2,42.27,44.4,718319.0,30893653.0,3540494789.88,7963668000.0
sh600971,恒源煤电,2007-11-09,42.0,43.3,41.1,42.27,42.27,509622.0,21588768.0,3540494789.88,7963668000.0
sh600971,恒源煤电,2007-11-12,41.0,42.0,38.04,38.08,42.27,842984.0,32868496.0,3189544395.52,7174272000.0
sh600971,恒源煤电,2007-11-13,38.82,39.81,37.1,37.3,38.08,702590.0,27095381.0,3124212341.2,7027320000.0
sh600971,恒源煤电,2007-11-14,38.14,41.03,37.59,41.03,37.3,876081.0,34839439.0,3436633575.32,7730052000.0
sh600971,恒源煤电,2007-11-15,41.3,42.96,39.9,40.06,41.03,1070410.0,44302271.0,3355387302.64,7547304000.0
sh600971,恒源煤电,2007-11-16,38.73,41.72,38.73,41.39,40.06,407764.0,16457424.0,3466786831.16,7797876000.0
sh600971,恒源煤电,2007-11-19,41.3,42.5,40.5,41.77,41.39,496071.0,20690406.0,3498615267.88,7869468000.0
sh600971,恒源煤电,2007-11-20,41.7,43.38,41.0,42.81,41.77,453799.0,19197475.0,3585724673.64,8065404000.0
sh600971,恒源煤电,2007-11-21,42.95,45.0,42.25,42.96,42.81,1000005.0,43438134.0,3598288530.24,8093664000.0
sh600971,恒源煤电,2007-11-22,42.1,42.68,40.0,40.07,42.96,840198.0,34906844.0,3356224893.08,7549188000.0
sh600971,恒源煤电,2007-11-23,40.11,41.77,38.7,41.68,40.07,355621.0,14392265.0,3491076953.92,7852512000.0
sh600971,恒源煤电,2007-11-26,42.9,43.19,41.01,41.67,41.68,506595.0,21485381.0,3490239363.48,7850628000.0
sh600971,恒源煤电,2007-11-27,41.12,42.05,40.51,40.95,41.67,239533.0,9911751.0,3429932851.8,7714980000.0
sh600971,恒源煤电,2007-11-28,41.05,42.3,40.78,41.0,40.95,437889.0,18207322.0,3434120804.0,7724400000.0
sh600971,恒源煤电,2007-11-29,42.0,43.15,41.0,42.99,41.0,698486.0,29662446.0,3600801301.56,8099316000.0
sh600971,恒源煤电,2007-11-30,43.31,43.95,42.21,42.42,42.99,600247.0,25891040.0,3553058646.48,7991928000.0
sh600971,恒源煤电,2007-12-03,42.69,42.88,41.55,41.68,42.42,300591.0,12668912.0,3491076953.92,7852512000.0
sh600971,恒源煤电,2007-12-04,41.8,42.5,41.5,42.13,41.68,219618.0,9207808.0,3528768523.72,7937292000.0
sh600971,恒源煤电,2007-12-05,41.5,43.5,41.5,43.0,42.13,1238388.0,52933865.0,3601638892.0,8101200000.0
sh600971,恒源煤电,2007-12-06,43.68,44.68,43.12,43.33,43.0,1253788.0,55171549.0,3629279376.52,8163372000.0
sh600971,恒源煤电,2007-12-07,43.3,44.2,43.01,44.02,43.33,826440.0,36105890.0,3687073116.88,8293368000.0
sh600971,恒源煤电,2007-12-10,43.9,45.38,42.7,44.95,44.02,829180.0,37055195.0,3764969027.8,8468580000.0
sh600971,恒源煤电,2007-12-11,45.0,45.5,44.6,45.25,44.95,1334110.0,60332263.0,3790096741.0,8525100000.0
sh600971,恒源煤电,2007-12-12,45.35,47.3,45.2,46.01,45.25,1162756.0,54032998.0,3853753614.44,8668284000.0
sh600971,恒源煤电,2007-12-13,45.7,47.21,44.0,44.23,46.01,1161792.0,53560755.0,3704662516.12,8332932000.0
sh600971,恒源煤电,2007-12-14,44.12,44.44,43.05,44.4,44.23,509549.0,22259790.0,3718901553.6,8364960000.0
sh600971,恒源煤电,2007-12-17,44.47,44.91,41.8,41.87,44.4,864175.0,37144754.0,3506991172.28,7888308000.0
sh600971,恒源煤电,2007-12-18,41.98,45.88,41.98,43.0,41.87,1301025.0,57428050.0,3601638892.0,8101200000.0
sh600971,恒源煤电,2007-12-19,43.3,44.79,43.3,43.88,43.0,849371.0,37428545.0,3675346850.72,8266992000.0
sh600971,恒源煤电,2007-12-20,43.83,45.1,43.61,45.09,43.88,1095963.0,48766206.0,3776695293.96,8494956000.0
sh600971,恒源煤电,2007-12-21,44.1,46.34,44.1,46.3,45.09,869821.0,39900381.0,3878043737.2,8722920000.0
sh600971,恒源煤电,2007-12-24,46.96,48.5,46.67,48.03,46.3,1800554.0,86338481.0,4022946883.32,9048852000.0
sh600971,恒源煤电,2007-12-25,48.03,48.7,47.11,48.15,48.03,1397034.0,67116407.0,4032997968.6,9071460000.0
sh600971,恒源煤电,2007-12-26,48.5,48.8,47.8,48.78,48.15,482732.0,23329124.0,4085766166.32,9190152000.0
sh600971,恒源煤电,2007-12-27,48.6,51.7,48.59,50.01,48.78,1023052.0,51829870.0,4188789790.44,9421884000.0
sh600971,恒源煤电,2007-12-28,50.0,51.0,49.8,50.63,50.01,684456.0,34470342.0,4240720397.72,9538692000.0
sh600971,恒源煤电,2008-01-02,51.5,51.5,49.24,49.91,50.63,994949.0,49498191.0,4180413886.04,9403044000.0
sh600971,恒源煤电,2008-01-03,49.91,50.0,47.76,48.91,49.91,1744873.0,84448752.0,4096654842.04,9214644000.0
sh600971,恒源煤电,2008-01-04,49.01,50.48,49.0,49.38,48.91,868284.0,43110729.0,4136021592.72,9303192000.0
sh600971,恒源煤电,2008-01-07,49.38,52.38,49.28,51.9,49.38,1701325.0,86181490.0,4347094383.6,9777960000.0
sh600971,恒源煤电,2008-01-08,52.33,52.71,49.51,50.63,51.9,947892.0,48461146.0,4240720397.72,9538692000.0
sh600971,恒源煤电,2008-01-09,50.0,52.5,50.0,51.98,50.63,800942.0,41120170.0,4353795107.12,9793032000.0
sh600971,恒源煤电,2008-01-10,52.31,57.18,52.31,57.13,51.98,2309312.0,128291271.0,4785154183.72,10763292000.0
sh600971,恒源煤电,2008-01-11,56.9,57.9,55.29,57.09,57.13,1138772.0,64117736.0,4781803821.96,10755756000.0
sh600971,恒源煤电,2008-01-14,56.58,57.49,55.58,55.82,57.09,1251247.0,70334989.0,4675429836.08,10516488000.0
sh600971,恒源煤电,2008-01-15,55.59,57.48,55.1,56.6,55.82,1117749.0,62870087.0,4740761890.4,10663440000.0
sh600971,恒源煤电,2008-01-16,54.2,56.0,53.95,54.18,56.6,550831.0,30069512.0,4538065003.92,10207512000.0
sh600971,恒源煤电,2008-01-17,53.5,54.75,50.85,52.01,54.18,775099.0,40600201.0,4356307878.44,9798684000.0
sh600971,恒源煤电,2008-01-18,52.0,56.99,52.0,55.54,52.01,1286893.0,70949450.0,4651977303.76,10463736000.0
sh600971,恒源煤电,2008-01-21,55.6,57.18,53.8,55.21,55.54,1357983.0,76200976.0,4624336819.24,10401564000.0
sh600971,恒源煤电,2008-01-22,53.0,54.2,50.45,50.99,55.21,2480926.0,128130403.0,4270873653.56,9606516000.0
sh600971,恒源煤电,2008-01-23,50.15,54.88,50.15,54.82,50.99,954346.0,50482061.0,4591670792.08,10328088000.0
sh600971,恒源煤电,2008-01-24,55.89,59.98,55.89,59.94,54.82,3379599.0,199014298.0,5020517097.36,11292696000.0
sh600971,恒源煤电,2008-01-25,59.96,60.99,58.75,59.5,59.94,1928910.0,115086750.0,4983663118.0,11209800000.0
sh600971,恒源煤电,2008-01-28,59.5,60.9,56.5,58.26,59.5,2499157.0,147951252.0,4879801903.44,10976184000.0
sh600971,恒源煤电,2008-01-29,59.64,60.68,57.65,59.13,58.26,1767805.0,105430472.0,4952672271.72,11140092000.0
sh600971,恒源煤电,2008-01-30,59.2,60.58,53.8,54.52,59.13,2238028.0,127158196.0,4566543078.88,10271568000.0
sh600971,恒源煤电,2008-01-31,52.86,53.88,49.5,49.54,54.52,1543904.0,78491132.0,4149423039.76,9333336000.0
sh600971,恒源煤电,2008-02-01,49.6,51.0,48.5,50.42,49.54,843898.0,41981813.0,4223130998.48,9499128000.0
sh600971,恒源煤电,2008-02-04,51.85,55.39,51.01,55.16,50.42,577025.0,31040933.0,4620148867.04,10392144000.0
sh600971,恒源煤电,2008-02-05,55.16,55.5,53.9,54.7,55.16,292458.0,15898316.0,4581619706.8,10305480000.0
sh600971,恒源煤电,2008-02-13,52.5,54.49,52.0,53.13,54.7,139305.0,7436931.0,4450118007.72,10009692000.0
sh600971,恒源煤电,2008-02-14,54.98,54.98,52.18,52.94,53.13,514104.0,27236949.0,4434203789.36,9973896000.0
sh600971,恒源煤电,2008-02-15,53.1,53.1,50.2,50.47,52.94,639100.0,32412388.0,4227318950.68,9508548000.0
sh600971,恒源煤电,2008-02-18,50.3,52.5,50.3,50.98,50.47,1663527.0,84980155.0,4270036063.12,9604632000.0
sh600971,恒源煤电,2008-02-19,51.5,51.8,50.51,51.54,50.98,2397929.0,122637238.0,4316941127.76,9710136000.0
sh600971,恒源煤电,2008-02-20,46.4,56.54,46.4,50.82,51.54,869479.0,44751915.0,4256634616.08,9574488000.0
sh600971,恒源煤电,2008-02-21,51.28,51.76,49.2,51.71,50.82,514838.0,26170218.0,4331180165.24,9742164000.0
sh600971,恒源煤电,2008-02-22,51.46,51.46,47.88,48.21,51.71,497147.0,24500435.0,4038023511.24,9082764000.0
sh600971,恒源煤电,2008-02-25,48.07,48.08,43.79,44.12,48.21,1200628.0,53792001.0,3695449021.28,8312208000.0
sh600971,恒源煤电,2008-02-26,44.93,46.0,40.8,42.96,44.12,574432.0,24452819.0,3598288530.24,8093664000.0
sh600971,恒源煤电,2008-02-27,42.98,44.94,42.9,44.54,42.96,299780.0,13250528.0,3730627819.76,8391336000.0
sh600971,恒源煤电,2008-02-28,44.11,45.2,43.85,44.5,44.54,304561.0,13529640.0,3727277458.0,8383800000.0
sh600971,恒源煤电,2008-02-29,44.5,45.2,44.02,45.19,44.5,298397.0,13432127.0,3785071198.36,8513796000.0
sh600971,恒源煤电,2008-03-03,44.03,46.5,44.02,46.43,45.19,342232.0,15678832.0,3888932412.92,8747412000.0
sh600971,恒源煤电,2008-03-04,46.47,47.7,46.0,46.01,46.43,638708.0,29949155.0,3853753614.44,8668284000.0
sh600971,恒源煤电,2008-03-05,46.2,46.88,43.75,44.95,46.01,314201.0,14268224.0,3764969027.8,8468580000.0
sh600971,恒源煤电,2008-03-06,45.0,45.9,44.01,45.79,44.95,460944.0,20826665.0,3835326624.76,8626836000.0
sh600971,恒源煤电,2008-03-07,45.79,45.79,44.1,44.22,45.79,356360.0,15956274.0,3703824925.68,8331048000.0
sh600971,恒源煤电,2008-03-10,44.39,44.39,41.81,41.98,44.22,587777.0,25187998.0,3516204667.12,7909032000.0
sh600971,恒源煤电,2008-03-11,41.91,43.66,41.0,43.0,41.98,585084.0,24678581.0,3601638892.0,8101200000.0
sh600971,恒源煤电,2008-03-12,43.78,45.16,43.31,43.77,43.0,997562.0,44408170.0,3666133355.88,8246268000.0
sh600971,恒源煤电,2008-03-13,43.8,47.28,42.51,45.28,43.77,1684777.0,75809376.0,3792609512.32,8530752000.0
sh600971,恒源煤电,2008-03-14,45.2,45.77,44.03,45.19,45.28,332573.0,14917144.0,3785071198.36,8513796000.0
sh600971,恒源煤电,2008-03-17,45.2,45.49,41.09,41.44,45.19,423432.0,18357065.0,3470974783.36,7807296000.0
sh600971,恒源煤电,2008-03-18,40.0,41.38,37.3,37.4,41.44,692206.0,26725881.0,3132588245.6,7046160000.0
sh600971,恒源煤电,2008-03-19,38.0,39.5,36.67,37.92,37.4,936855.0,35613482.0,3176142948.48,7144128000.0
sh600971,恒源煤电,2008-03-20,37.35,38.4,34.13,38.01,37.92,706476.0,25510216.0,3183681262.44,7161084000.0
sh600971,恒源煤电,2008-03-21,37.9,39.2,37.08,38.49,38.01,401008.0,15419315.0,3223885603.56,7251516000.0
sh600971,恒源煤电,2008-03-24,39.0,39.0,36.3,36.38,38.49,370492.0,14002849.0,3047154020.72,6853992000.0
sh600971,恒源煤电,2008-03-25,34.0,36.24,33.67,34.89,36.38,819779.0,28191320.0,2922353045.16,6573276000.0
sh600971,恒源煤电,2008-03-26,35.0,35.98,34.1,35.39,34.89,426883.0,15151489.0,2964232567.16,6667476000.0
sh600971,恒源煤电,2008-03-27,35.19,35.19,33.85,35.0,35.39,788166.0,27285612.0,2931566540.0,6594000000.0
sh600971,恒源煤电,2008-03-28,34.48,37.2,34.2,37.05,35.0,592092.0,21239417.0,3103272580.2,6980220000.0
sh600971,恒源煤电,2008-03-31,35.58,38.0,35.0,35.2,37.05,584800.0,21264224.0,2948318348.8,6631680000.0
sh600971,恒源煤电,2008-04-01,35.84,35.85,32.63,32.69,35.2,800094.0,27342367.0,2738083148.36,6158796000.0
sh600971,恒源煤电,2008-04-02,33.34,34.0,30.0,33.31,32.69,2465299.0,81262243.0,2790013755.64,6275604000.0
sh600971,恒源煤电,2008-04-03,32.51,34.28,32.07,33.37,33.31,242338.0,8029281.0,2795041867.77,6286910569.49
sh600971,恒源煤电,2008-04-07,33.37,36.71,32.51,36.32,33.37,1418888.0,51499590.0,3042131274.72,6842690796.64
sh600971,恒源煤电,2008-04-08,36.33,37.95,36.15,36.7,36.32,949844.0,35023026.0,3073959740.7,6914282825.9
sh600971,恒源煤电,2008-04-09,36.0,37.3,35.18,35.32,36.7,1380134.0,50547979.0,2958372153.72,6654290719.64
sh600971,恒源煤电,2008-04-10,35.29,37.38,35.0,37.3,35.32,1306077.0,47534366.0,3124215213.3,7027322872.1
sh600971,恒源煤电,2008-04-11,37.5,38.77,37.5,37.93,37.3,658752.0,25044664.0,3176983459.53,7146014920.61
sh600971,恒源煤电,2008-04-14,37.18,37.9,35.8,36.0,37.93,530541.0,19503667.0,3015328356.0,6782402772.0
sh600971,恒源煤电,2008-04-16,37.49,38.0,36.6,37.5,36.0,841793.0,31629789.0,3140967037.5,7065002887.5
sh600971,恒源煤电,2008-04-17,37.53,38.38,35.82,35.98,37.5,483888.0,17671628.0,3013653173.58,6778634770.46
sh600971,恒源煤电,2008-04-18,35.82,36.49,33.7,33.8,35.98,307318.0,10585386.0,2831058289.8,6367922602.6
sh600971,恒源煤电,2008-04-21,36.9,37.13,33.83,34.3,33.8,706855.0,24830049.0,2872937850.3,6462122641.1
sh600971,恒源煤电,2008-04-22,33.0,34.27,32.6,33.4,34.3,352317.0,11680296.0,2797554641.4,6292562571.8
sh600971,恒源煤电,2008-04-23,33.4,35.98,33.4,35.73,33.4,1103657.0,38213931.0,2992713393.33,6731534751.21
sh600971,恒源煤电,2008-04-24,39.0,39.3,37.0,38.94,35.73,7521281.0,288910571.0,3261580171.74,7336298998.38
sh600971,恒源煤电,2008-04-25,38.24,40.0,36.0,37.76,38.94,8986826.0,339440896.0,3162744408.96,7113986907.52
sh600971,恒源煤电,2008-04-28,36.8,37.5,35.73,35.88,37.76,3571804.0,129915518.0,3005277261.48,6759794762.76
sh600971,恒源煤电,2008-04-29,36.0,38.8,35.2,38.12,35.88,3630278.0,136776971.0,3192897692.52,7181810935.24
sh600971,恒源煤电,2008-04-30,38.4,39.15,37.5,38.9,38.12,5147911.0,196280737.0,3258229806.9,7328762995.3
sh600971,恒源煤电,2008-05-05,39.18,40.38,38.35,39.95,38.9,3855822.0,151270925.0,3346176883.95,7526583076.15
sh600971,恒源煤电,2008-05-06,39.5,41.29,39.3,40.1,39.95,4625250.0,186922293.0,3358740752.1,7554843087.7
sh600971,恒源煤电,2008-05-07,39.69,42.98,39.6,41.22,40.1,5281427.0,219545054.0,3452550967.62,7765851173.94
sh600971,恒源煤电,2008-05-08,41.0,45.3,40.01,45.26,41.22,4971277.0,216718450.0,3790937816.46,8526987485.02
sh600971,恒源煤电,2008-05-09,45.86,47.6,43.1,44.9,45.26,4753099.0,215360097.0,3760784532.9,8459163457.3
sh600971,恒源煤电,2008-05-12,44.3,46.49,43.19,43.59,44.9,3661765.0,164105314.0,3651060084.39,8212359356.43
sh600971,恒源煤电,2008-05-13,42.6,45.4,42.03,43.84,43.59,2469982.0,109192851.0,3671999864.64,8259459375.68
sh600971,恒源煤电,2008-05-14,43.65,46.37,43.6,45.65,43.84,2218172.0,100854897.0,3823603873.65,8600463515.05
sh600971,恒源煤电,2008-05-15,45.6,46.36,44.42,44.61,45.65,2039196.0,92012373.0,3736494387.81,8404527434.97
sh600971,恒源煤电,2008-05-16,44.59,45.4,42.0,42.69,44.61,1896805.0,81911234.0,3575676875.49,8042799287.13
sh600971,恒源煤电,2008-05-19,42.8,44.56,42.2,44.09,42.69,2294241.0,99442064.0,3692939644.89,8306559394.93
sh600971,恒源煤电,2008-05-20,44.01,44.09,39.75,40.06,44.09,2040250.0,85239448.0,3355390387.26,7547307084.62
sh600971,恒源煤电,2008-05-21,39.83,43.18,38.7,42.31,40.06,2022810.0,82122681.0,3543848409.51,7971207257.87
sh600971,恒源煤电,2008-05-22,42.3,44.0,41.35,42.94,42.31,2451545.0,106355436.0,3596616655.74,8089899306.38
sh600971,恒源煤电,2008-05-23,42.31,43.5,41.69,41.99,42.94,1266231.0,53300560.0,3517045490.79,7910919233.23
sh600971,恒源煤电,2008-05-26,41.99,42.5,39.4,39.42,41.99,1451390.0,58669530.0,3301784549.82,7426731035.34
sh600971,恒源煤电,2008-05-27,39.2,40.38,38.86,39.47,39.42,1055507.0,41478655.0,3305972505.87,7436151039.19
sh600971,恒源煤电,2008-05-28,39.18,40.5,39.0,40.07,39.47,651544.0,25915835.0,3356227978.47,7549191085.39
sh600971,恒源煤电,2008-05-29,40.11,41.7,39.5,39.74,40.07,912199.0,37044178.0,3328587468.54,7487019059.98
sh600971,恒源煤电,2008-05-30,39.58,40.6,36.99,37.02,39.74,2422793.0,91719700.0,3100762659.42,6974570850.54
sh600971,恒源煤电,2008-06-02,37.5,37.84,36.01,36.92,37.02,3127656.0,115352052.0,3092386747.32,6955730842.84
sh600971,恒源煤电,2008-06-03,36.89,37.8,36.7,37.64,36.92,2107899.0,78472408.0,3152693314.44,7091378898.28
sh600971,恒源煤电,2008-06-04,37.5,37.5,35.8,35.99,37.64,2279511.0,83091257.0,3014490764.79,6780518771.23
sh600971,恒源煤电,2008-06-05,35.5,35.51,34.52,34.73,35.99,1373222.0,47893618.0,2908954272.33,6543134674.21
sh600971,恒源煤电,2008-06-06,34.75,35.77,34.75,34.89,34.73,507054.0,17835336.0,2922355731.69,6573278686.53
sh600971,恒源煤电,2008-06-10,34.0,35.3,31.84,32.25,34.89,1229413.0,40839981.0,2701231652.25,6075902483.25
sh600971,恒源煤电,2008-06-11,32.22,33.08,31.3,32.02,32.25,1172997.0,37874145.0,2681967054.42,6032570465.54
sh600971,恒源煤电,2008-06-12,32.3,32.55,30.5,31.12,32.02,1074796.0,33996461.0,2606583845.52,5863010396.24
sh600971,恒源煤电,2008-06-13,31.6,31.88,29.1,29.11,31.12,895397.0,26989131.0,2438228012.31,5484326241.47
sh600971,恒源煤电,2008-06-16,29.32,29.78,26.85,27.45,29.11,1031800.0,28787210.0,2299187871.45,5171582113.65
sh600971,恒源煤电,2008-06-17,27.03,27.99,25.69,25.9,27.45,916208.0,24337791.0,2169361233.9,4879561994.3
sh600971,恒源煤电,2008-06-18,25.5,28.32,24.8,27.98,25.9,2043828.0,55660921.0,2343580205.58,5271434154.46
sh600971,恒源煤电,2008-06-19,27.8,29.09,25.2,25.38,27.98,2560728.0,69707975.0,2125806490.98,4781593954.26
sh600971,恒源煤电,2008-06-20,24.78,26.87,24.0,26.1,25.38,2746132.0,72412739.0,2186113058.1,4917242009.7
sh600971,恒源煤电,2008-06-23,25.79,26.3,25.0,25.11,26.1,896615.0,22870251.0,2103191528.31,4730725933.47
sh600971,恒源煤电,2008-06-24,25.11,25.99,24.65,25.64,25.11,2490193.0,62820979.0,2147583862.44,4830577974.28
sh600971,恒源煤电,2008-06-25,25.33,26.98,25.33,26.97,25.64,1772587.0,46862878.0,2258983493.37,5081150076.69
sh600971,恒源煤电,2008-06-26,26.8,28.05,26.46,28.0,26.97,2180312.0,59928999.0,2345255388.0,5275202156.0
sh600971,恒源煤电,2008-06-27,27.0,27.87,25.6,25.92,28.0,1742237.0,46633165.0,2171036416.32,4883329995.84
sh600971,恒源煤电,2008-06-30,25.8,26.3,24.8,25.5,25.92,1110520.0,28280138.0,2135857585.5,4804201963.5
sh600971,恒源煤电,2008-07-01,25.33,26.73,25.33,26.18,25.5,1208142.0,31482459.0,2192813787.78,4932314015.86
sh600971,恒源煤电,2008-07-02,26.01,27.3,25.8,26.99,26.18,1789062.0,48268975.0,2260659701.41,5084919103.85
sh600971,恒源煤电,2008-07-03,26.85,28.0,26.0,27.74,26.99,2676084.0,72460671.0,2323479070.66,5226219190.1
sh600971,恒源煤电,2008-07-04,27.55,27.66,25.5,26.06,27.74,2400057.0,63686114.0,2182763683.54,4909706996.9
sh600971,恒源煤电,2008-07-07,26.4,27.85,25.91,27.63,26.06,1538531.0,41632331.0,2314265563.17,5205495177.45
sh600971,恒源煤电,2008-07-08,27.8,30.39,27.8,30.39,27.63,4127021.0,122885583.0,2545440842.01,5725479494.85
sh600971,恒源煤电,2008-07-09,30.4,30.95,29.48,30.78,30.39,2710818.0,81562354.0,2578106914.02,5798955539.7
sh600971,恒源煤电,2008-07-11,30.65,30.75,29.0,29.91,30.78,1384055.0,41177119.0,2505237013.98,5635048007.94
sh600971,恒源煤电,2008-07-14,30.05,30.98,29.68,30.07,29.91,1164610.0,35181820.0,2518638482.46,5665192029.38
sh600971,恒源煤电,2008-07-15,30.68,30.69,27.8,28.4,30.07,1502180.0,43398287.0,2378760655.2,5350563805.6
sh600971,恒源煤电,2008-07-16,27.9,29.29,27.52,28.81,28.4,2317982.0,65568666.0,2413101918.18,5427807860.54
sh600971,恒源煤电,2008-07-17,29.1,29.33,27.58,27.59,28.81,716742.0,20397846.0,2310915721.02,5197959697.06
sh600971,恒源煤电,2008-07-18,27.6,28.05,25.57,27.29,27.59,1192965.0,31640758.0,2285787967.62,5141439656.86
sh600971,恒源煤电,2008-07-21,26.3,28.36,26.15,28.13,27.29,1614440.0,44678877.0,2356145677.14,5299695769.42
sh600971,恒源煤电,2008-07-22,28.29,28.4,27.9,28.14,28.13,804907.0,22680451.0,2356983268.92,5301579770.76
sh600971,恒源煤电,2008-07-23,28.34,28.34,26.74,26.79,28.14,1204667.0,32821328.0,2243908378.62,5047239589.86
sh600971,恒源煤电,2008-07-24,26.7,27.44,26.5,27.28,26.79,1694554.0,45632128.0,2284950375.84,5139555655.52
sh600971,恒源煤电,2008-07-25,26.8,27.0,25.84,26.0,27.28,1461799.0,38659080.0,2177738628.0,4898403484.0
sh600971,恒源煤电,2008-07-28,26.2,26.51,25.9,26.48,26.0,1173208.0,30842690.0,2217943033.44,4988835548.32
sh600971,恒源煤电,2008-07-29,26.38,27.41,26.1,27.32,26.48,2242512.0,60496416.0,2288300742.96,5147091660.88
sh600971,恒源煤电,2008-07-30,27.51,27.98,26.23,26.47,27.32,1371911.0,36684422.0,2217105441.66,4986951546.98
sh600971,恒源煤电,2008-07-31,26.67,26.9,25.6,25.73,26.47,916628.0,23841657.0,2155123649.94,4847535447.82
sh600971,恒源煤电,2008-08-01,25.65,25.65,23.32,24.3,25.73,1962751.0,47513291.0,2035348025.4,4578123256.2
sh600971,恒源煤电,2008-08-04,24.0,24.25,22.35,22.6,24.3,1876859.0,43626735.0,1892957422.8,4257843028.4
sh600971,恒源煤电,2008-08-05,22.2,22.6,20.34,20.34,22.6,3250332.0,68559944.0,1703661680.52,3832058725.56
sh600971,恒源煤电,2008-08-06,20.6,20.88,19.5,20.33,20.34,1766700.0,35627492.0,1702824088.74,3830174724.22
sh600971,恒源煤电,2008-08-07,20.07,20.58,19.88,20.24,20.33,1430573.0,28948587.0,1695285762.72,3813218712.16
sh600971,恒源煤电,2008-08-08,20.35,20.69,19.16,19.2,20.24,1897087.0,38013653.0,1608176217.6,3617282572.8
sh600971,恒源煤电,2008-08-11,19.1,19.1,17.28,17.58,19.2,1562131.0,28161942.0,1472486349.24,3312074355.72
sh600971,恒源煤电,2008-08-12,17.58,18.25,17.25,18.11,17.58,1419142.0,25414052.0,1516878713.58,3411926426.74
sh600971,恒源煤电,2008-08-13,18.0,18.98,17.5,18.58,18.11,1585635.0,28626570.0,1556245527.24,3500474489.72
sh600971,恒源煤电,2008-08-14,18.6,19.08,18.18,18.54,18.58,1066637.0,19913171.0,1552895160.12,3492938484.36
sh600971,恒源煤电,2008-08-15,18.5,18.58,17.72,18.18,18.54,690204.0,12577997.0,1522741856.04,3425114436.12
sh600971,恒源煤电,2008-08-18,18.15,18.15,16.4,16.45,18.18,1098157.0,18606914.0,1377838478.1,3099182204.3
sh600971,恒源煤电,2008-08-19,16.04,16.48,15.84,16.43,16.45,1707948.0,27551776.0,1376163294.54,3095414201.62
sh600971,恒源煤电,2008-08-20,16.37,17.98,16.0,17.88,16.43,2514637.0,43360907.0,1497614102.64,3368594395.92
sh600971,恒源煤电,2008-08-21,17.25,17.7,16.6,16.69,17.88,1906957.0,32807677.0,1397940680.82,3144398236.46
sh600971,恒源煤电,2008-08-22,17.0,17.16,16.56,17.0,16.69,1708684.0,28868274.0,1423906026.0,3202802278.0
sh600971,恒源煤电,2008-08-25,16.69,17.1,16.4,16.77,17.0,829038.0,13961345.0,1404641415.06,3159470247.18
sh600971,恒源煤电,2008-08-26,16.65,16.65,15.36,15.42,16.77,962622.0,15171194.0,1291566524.76,2905130066.28
sh600971,恒源煤电,2008-08-27,15.15,15.7,14.7,15.11,15.42,824681.0,12423994.0,1265601179.58,2846726024.74
sh600971,恒源煤电,2008-08-28,15.12,15.46,14.91,15.22,15.11,955831.0,14494892.0,1274814689.16,2867450039.48
sh600971,恒源煤电,2008-08-29,15.22,16.2,15.22,15.88,15.22,1268446.0,20108615.0,1330095746.64,2991794127.92
sh600971,恒源煤电,2008-09-01,15.79,15.88,15.21,15.24,15.88,754640.0,11692494.0,1276489872.72,2871218042.16
sh600971,恒源煤电,2008-09-02,15.1,15.39,14.82,15.17,15.24,454738.0,6838897.0,1270626730.26,2858030032.78
sh600971,恒源煤电,2008-09-03,15.15,15.23,14.2,14.41,15.17,1037640.0,15072123.0,1206969754.98,2714845930.94
sh600971,恒源煤电,2008-09-04,14.48,14.9,14.36,14.78,14.41,523994.0,7644216.0,1237960650.84,2784553980.52
sh600971,恒源煤电,2008-09-08,14.11,14.47,13.8,13.86,14.78,959628.0,13467820.0,1160902207.08,2611225857.24
sh600971,恒源煤电,2008-09-09,13.9,14.18,13.53,13.99,13.86,460232.0,6390258.0,1171790900.22,2635717874.66
sh600971,恒源煤电,2008-09-10,13.7,14.22,13.7,13.87,13.99,1184744.0,16580433.0,1161739798.86,2613109858.58
sh600971,恒源煤电,2008-09-11,13.77,14.08,13.25,13.29,13.87,652312.0,8884291.0,1113159475.62,2503837780.86
sh600971,恒源煤电,2008-09-12,13.27,13.49,12.58,12.6,13.29,1295427.0,16784094.0,1055365642.8,2373841688.4
sh600971,恒源煤电,2008-09-17,11.55,12.12,11.55,11.83,12.6,1590545.0,18936530.0,990871075.74,2228773585.22
sh600971,恒源煤电,2008-09-18,11.6,11.79,10.89,11.28,11.83,3518549.0,39807336.0,944803527.84,2125153511.52
sh600971,恒源煤电,2008-09-19,12.41,12.41,12.13,12.41,11.28,7222313.0,89574712.0,1039451398.98,2338045662.94
sh600971,恒源煤电,2008-09-22,13.5,13.65,12.8,13.65,12.41,9651991.0,130473969.0,1143312779.7,2571661829.1
sh600971,恒源煤电,2008-09-23,13.54,14.59,13.22,13.92,13.65,10893538.0,153748158.0,1165927757.76,2622529865.28
sh600971,恒源煤电,2008-10-23,12.53,12.53,12.53,12.53,13.92,437500.0,5481875.0,1049502500.34,2360653679.02
sh600971,恒源煤电,2008-10-24,11.44,12.44,11.28,11.28,12.53,6095892.0,71384100.0,944803527.84,2125153511.52
sh600971,恒源煤电,2008-10-27,10.64,10.88,10.15,10.15,11.28,2535695.0,26026094.0,850155656.7,1912261360.1
sh600971,恒源煤电,2008-10-28,9.77,10.15,9.18,9.77,10.15,7287621.0,70039291.0,818327169.06,1840669309.18
sh600971,恒源煤电,2008-10-29,9.89,9.89,9.01,9.09,9.77,4803987.0,45656553.0,761370928.02,1712557218.06
sh600971,恒源煤电,2008-10-30,9.13,9.56,8.95,9.39,9.09,4007447.0,37500028.0,786498681.42,1769077258.26
sh600971,恒源煤电,2008-10-31,9.25,9.25,8.88,8.95,9.39,2396528.0,21670101.0,749644643.1,1686181199.3
sh600971,恒源煤电,2008-11-03,8.75,9.14,8.69,8.7,8.95,2617846.0,23307662.0,728704848.6,1639081165.8
sh600971,恒源煤电,2008-11-04,8.7,8.7,8.06,8.22,8.7,3538485.0,29231822.0,688500443.16,1548649101.48
sh600971,恒源煤电,2008-11-05,8.4,8.76,8.4,8.49,8.22,4991643.0,42738739.0,711115421.22,1599517137.66
sh600971,恒源煤电,2008-11-06,8.18,8.32,7.99,8.27,8.49,2329435.0,18873546.0,692688402.06,1558069108.18
sh600971,恒源煤电,2008-11-07,8.07,8.4,8.0,8.34,8.27,2364359.0,19466667.0,698551544.52,1571257117.56
sh600971,恒源煤电,2008-11-10,8.51,9.17,8.42,9.17,8.34,6104781.0,54259815.0,768071662.26,1727629228.78
sh600971,恒源煤电,2008-11-11,9.25,10.09,9.1,9.84,9.17,8287383.0,80000737.0,824190311.52,1853857318.56
sh600971,恒源煤电,2008-11-12,9.59,9.99,9.51,9.91,9.84,4581089.0,44699408.0,830053453.98,1867045327.94
sh600971,恒源煤电,2008-11-13,9.7,10.9,9.6,10.9,9.91,9683300.0,102199659.0,912975040.2,2053561460.6
sh600971,恒源煤电,2008-11-14,11.27,11.85,10.9,11.8,10.9,10589871.0,120178565.0,988358300.4,2223121581.2
sh600971,恒源煤电,2008-11-17,11.61,12.39,11.35,12.32,11.8,7275047.0,86016914.0,1031913072.96,2321089650.88
sh600971,恒源煤电,2008-11-18,12.0,12.27,11.09,11.09,12.32,6000356.0,68965094.0,928889284.02,2089357486.06
sh600971,恒源煤电,2008-11-19,10.72,12.09,10.55,11.99,11.09,6586377.0,73975155.0,1004272544.22,2258917606.66
sh600971,恒源煤电,2008-11-20,11.6,12.3,11.36,11.7,11.99,6516682.0,76388320.0,979982382.6,2204281567.8
sh600971,恒源煤电,2008-11-21,11.29,11.97,10.82,11.67,11.7,7008597.0,80540409.0,977469607.26,2198629563.78
sh600971,恒源煤电,2008-11-24,11.61,12.16,11.1,11.14,11.67,6776091.0,79057306.0,933077242.92,2098777492.76
sh600971,恒源煤电,2008-11-25,11.48,11.5,10.82,11.2,11.14,5127444.0,57121804.0,938102793.6,2110081500.8
sh600971,恒源煤电,2008-11-26,11.08,11.2,10.78,10.87,11.2,2291410.0,25064987.0,910462264.86,2047909456.58
sh600971,恒源煤电,2008-11-27,11.7,11.73,10.9,10.9,10.87,5775162.0,65322187.0,912975040.2,2053561460.6
sh600971,恒源煤电,2008-11-28,10.78,10.78,10.36,10.38,10.9,3068936.0,32177325.0,869420267.64,1955593390.92
sh600971,恒源煤电,2008-12-01,10.25,11.38,10.11,11.35,10.38,5534830.0,60472204.0,950666670.3,2138341520.9
sh600971,恒源煤电,2008-12-02,11.35,11.88,11.0,11.72,11.35,10160089.0,116842365.0,981657566.16,2208049570.48
sh600971,恒源煤电,2008-12-04,12.89,12.89,12.89,12.89,11.72,2623089.0,33811617.0,1079655804.42,2428477727.26
sh600971,恒源煤电,2008-12-05,12.98,13.5,12.8,13.18,12.89,12921051.0,169871983.0,1103945966.04,2483113766.12
sh600971,恒源煤电,2008-12-08,13.22,14.04,13.22,14.0,13.18,11970202.0,163361258.0,1172628492.0,2637601876.0
sh600971,恒源煤电,2008-12-09,14.09,14.49,13.48,13.63,14.0,10937426.0,152768554.0,1141637596.14,2567893826.42
sh600971,恒源煤电,2008-12-10,13.4,13.78,12.94,13.6,13.63,6786436.0,91001573.0,1139124820.8,2562241822.4
sh600971,恒源煤电,2008-12-11,13.6,14.14,13.22,13.27,13.6,7092995.0,97932882.0,1111484292.06,2500069778.18
sh600971,恒源煤电,2008-12-12,13.17,13.44,12.42,12.66,13.27,5086133.0,65341069.0,1060391193.48,2385145696.44
sh600971,恒源煤电,2008-12-15,12.72,13.55,12.72,13.51,12.66,7106714.0,93750416.0,1131586494.78,2545285810.34
sh600971,恒源煤电,2008-12-16,13.43,13.88,12.66,13.78,13.51,5815653.0,77248316.0,1154201472.84,2596153846.52
sh600971,恒源煤电,2008-12-17,13.81,14.07,13.55,13.63,13.78,6020172.0,83307034.0,1141637596.14,2567893826.42
sh600971,恒源煤电,2008-12-18,13.64,14.22,13.37,14.1,13.63,5938447.0,82290910.0,1181004409.8,2656441889.4
sh600971,恒源煤电,2008-12-19,13.98,14.35,13.82,14.1,14.1,6417638.0,90295125.0,1181004409.8,2656441889.4
sh600971,恒源煤电,2008-12-22,14.1,14.13,13.43,13.62,14.1,3823569.0,52465707.0,1140800004.36,2566009825.08
sh600971,恒源煤电,2008-12-23,13.7,13.7,12.6,12.83,13.62,4637854.0,60509288.0,1074630253.74,2417173719.22
sh600971,恒源煤电,2008-12-24,12.55,13.0,12.2,12.88,12.83,3615214.0,45960784.0,1078818212.64,2426593725.92
sh600971,恒源煤电,2008-12-25,12.85,12.99,12.21,12.31,12.88,2556512.0,32110637.0,1031075481.18,2319205649.54
sh600971,恒源煤电,2008-12-26,12.33,12.6,12.27,12.32,12.31,2730096.0,34020083.0,1031913072.96,2321089650.88
sh600971,恒源煤电,2008-12-29,12.21,12.33,11.68,11.85,12.32,2977002.0,35319176.0,992546259.3,2232541587.9
sh600971,恒源煤电,2008-12-30,11.98,12.05,11.5,11.69,11.85,2768233.0,32726893.0,979144790.82,2202397566.46
sh600971,恒源煤电,2008-12-31,11.65,11.75,10.6,11.09,11.69,2468891.0,28066628.0,928889284.02,2089357486.06
sh600971,恒源煤电,2009-01-05,11.42,11.87,11.4,11.84,11.09,2836133.0,32843928.0,991708667.52,2230657586.56
sh600971,恒源煤电,2009-01-06,11.8,12.9,11.75,12.81,11.84,4720016.0,58981923.0,1072955070.18,2413405716.54
sh600971,恒源煤电,2009-01-07,12.84,13.26,12.52,13.04,12.81,5493315.0,70896715.0,1092219681.12,2456737747.36
sh600971,恒源煤电,2009-01-08,12.6,13.04,12.51,12.81,13.04,3709086.0,47613750.0,1072955070.18,2413405716.54
sh600971,恒源煤电,2009-01-09,12.76,14.09,12.76,14.09,12.81,10125972.0,137148752.0,1180166818.02,2654557888.06
sh600971,恒源煤电,2009-01-12,13.9,15.1,13.8,14.42,14.09,8723612.0,127049173.0,1207807346.76,2716729932.28
sh600971,恒源煤电,2009-01-13,14.17,14.49,13.84,14.05,14.42,6312651.0,88838361.0,1176816450.9,2647021882.7
sh600971,恒源煤电,2009-01-14,14.03,15.1,13.91,15.09,14.05,6380546.0,93487463.0,1263925996.02,2842958022.06
sh600971,恒源煤电,2009-01-15,14.9,15.52,14.61,15.0,15.09,5572845.0,83822125.0,1256387670.0,2826002010.0
sh600971,恒源煤电,2009-01-16,15.1,15.47,14.75,14.8,15.0,4362617.0,65779666.0,1239635834.4,2788321983.2
sh600971,恒源煤电,2009-01-19,14.71,15.1,14.28,14.39,14.8,3801152.0,55962052.0,1205294571.42,2711077928.26
sh600971,恒源煤电,2009-01-20,14.39,15.1,14.31,14.97,14.39,2734768.0,40319210.0,1253874894.66,2820350005.98
sh600971,恒源煤电,2009-01-21,14.55,15.3,14.55,14.9,14.97,2783787.0,41751694.0,1248011752.2,2807161996.6
sh600971,恒源煤电,2009-01-22,15.15,15.99,14.9,15.82,14.9,5001173.0,77580254.0,1325070195.96,2980490119.88
sh600971,恒源煤电,2009-01-23,15.61,15.99,15.42,15.48,15.82,3485323.0,54516777.0,1296592075.44,2916434074.32
sh600971,恒源煤电,2009-02-02,15.7,15.95,15.48,15.77,15.48,2786857.0,43987445.0,1320882237.06,2971070113.18
sh600971,恒源煤电,2009-02-03,15.72,16.46,15.7,16.04,15.77,2660299.0,42948901.0,1343497215.12,3021938149.36
sh600971,恒源煤电,2009-02-04,16.15,16.44,15.8,16.11,16.04,2990342.0,47978396.0,1349360357.58,3035126158.74
sh600971,恒源煤电,2009-02-05,16.13,16.94,15.89,16.3,16.11,4343636.0,71229318.0,1365274601.4,3070922184.2
sh600971,恒源煤电,2009-02-06,16.35,17.35,16.25,17.15,16.3,4054715.0,67598195.0,1436469902.7,3231062298.1
sh600971,恒源煤电,2009-02-09,17.21,18.38,17.21,18.12,17.15,4629764.0,82941502.0,1517720889.72,3413815012.44
sh600971,恒源煤电,2009-02-10,18.19,18.49,17.78,18.35,18.12,2917447.0,52708307.0,1536985558.85,3457147101.45
sh600971,恒源煤电,2009-02-11,17.99,18.25,17.61,17.84,18.35,3562741.0,63814621.0,1494268249.04,3361062904.08
sh600971,恒源煤电,2009-02-12,17.79,17.88,16.06,16.93,17.84,6889374.0,115946635.0,1418047166.83,3189618551.91
sh600971,恒源煤电,2009-02-13,16.93,17.7,16.4,17.69,16.93,5404701.0,92024285.0,1481704334.39,3332802846.03
sh600971,恒源煤电,2009-02-16,17.95,18.4,17.7,18.34,17.69,6497861.0,117231564.0,1708910764.54,3455263097.58
sh600971,恒源煤电,2009-02-17,18.5,19.18,17.5,17.76,18.34,8696513.0,162363877.0,1654866694.56,3345990873.12
sh600971,恒源煤电,2009-02-18,17.19,17.4,16.09,16.13,17.76,6369244.0,106363670.0,1502984222.03,3038898242.31
sh600971,恒源煤电,2009-02-19,16.48,16.62,16.08,16.5,16.13,3270408.0,53574226.0,1537460611.5,3108606385.5
sh600971,恒源煤电,2009-02-20,16.51,17.4,16.48,17.36,16.5,3256252.0,55426390.0,1617594922.16,3270630718.32
sh600971,恒源煤电,2009-02-23,17.36,18.08,17.0,17.98,17.36,4414866.0,77048434.0,1675366169.38,3387438958.26
sh600971,恒源煤电,2009-02-24,17.57,17.95,16.69,16.7,17.98,4800739.0,83184041.0,1556096497.7,3146286462.9
sh600971,恒源煤电,2009-02-25,16.98,17.36,16.3,16.58,16.7,3930390.0,65928606.0,1544914965.98,3123678416.46
sh600971,恒源煤电,2009-02-26,16.78,17.2,15.03,15.54,16.58,3423075.0,56271014.0,1448008357.74,2927742013.98
sh600971,恒源煤电,2009-02-27,15.25,15.52,14.41,14.76,15.54,2968747.0,44285603.0,1375328401.56,2780789712.12
sh600971,恒源煤电,2009-03-02,14.46,15.02,14.38,14.83,14.76,2076911.0,30762904.0,1381850961.73,2793977739.21
sh600971,恒源煤电,2009-03-03,14.29,14.89,14.2,14.69,14.83,2367778.0,34450676.0,1368805841.39,2767601685.03
sh600971,恒源煤电,2009-03-04,14.78,16.0,14.77,16.0,14.69,4655809.0,72863093.0,1490870896.0,3014406192.0
sh600971,恒源煤电,2009-03-05,16.22,16.57,15.8,16.22,16.0,4759009.0,77240284.0,1511370370.82,3055854277.14
sh600971,恒源煤电,2009-03-06,16.01,17.84,15.89,17.84,16.22,7504012.0,130803296.0,1662321049.04,3361062904.08
sh600971,恒源煤电,2009-03-09,18.51,19.49,17.73,17.97,17.84,13942151.0,257651103.0,1674434375.07,3385554954.39
sh600971,恒源煤电,2009-03-10,17.28,17.99,16.5,17.97,17.97,8186640.0,141035040.0,1674434375.07,3385554954.39
sh600971,恒源煤电,2009-03-11,18.19,18.22,17.2,17.22,17.97,6578027.0,116580266.0,1604549801.82,3244254664.14
sh600971,恒源煤电,2009-03-12,17.17,17.6,16.73,17.41,17.22,4431142.0,76298332.0,1622253893.71,3280050737.67
sh600971,恒源煤电,2009-03-13,17.67,18.0,17.26,17.55,17.41,4628522.0,81744260.0,1635299014.05,3306426791.85
sh600971,恒源煤电,2009-03-16,17.4,17.41,16.7,17.35,17.55,3527951.0,60135953.0,1616663127.85,3268746714.45
sh600971,恒源煤电,2009-03-17,17.32,18.7,17.05,18.3,17.35,8230944.0,149107236.0,1705183587.3,3447727082.1
sh600971,恒源煤电,2009-03-18,18.42,20.0,18.42,19.2,18.3,12564759.0,243203855.0,1789045075.2,3617287430.4
sh600971,恒源煤电,2009-03-19,19.3,21.12,19.28,21.12,19.2,14839862.0,304024063.0,1967949582.72,3979016173.44
sh600971,恒源煤电,2009-03-20,21.42,23.22,20.7,22.4,21.12,15498032.0,332053322.0,2087219254.4,4220168668.8
sh600971,恒源煤电,2009-03-23,22.3,22.9,21.5,21.99,22.4,11612653.0,257029502.0,2049015687.69,4142924510.13
sh600971,恒源煤电,2009-03-24,22.13,22.49,21.45,22.13,21.99,9819260.0,215620364.0,2062060808.03,4169300564.31
sh600971,恒源煤电,2009-03-25,21.9,22.9,21.68,21.71,22.13,8412655.0,187820888.0,2022925447.01,4090172401.77
sh600971,恒源煤电,2009-03-26,21.5,22.48,20.62,22.44,21.71,8110351.0,174898869.0,2090946431.64,4227704684.28
sh600971,恒源煤电,2009-03-27,22.46,22.68,21.63,21.81,22.44,6449032.0,142008124.0,2032243390.11,4109012440.47
sh600971,恒源煤电,2009-03-30,21.5,21.68,21.0,21.23,21.81,3841242.0,81896502.0,1978199320.13,3999740216.01
sh600971,恒源煤电,2009-04-03,23.35,23.35,23.35,23.35,21.23,2047785.0,47815780.0,2176102759.65,4399512082.25
sh600971,恒源煤电,2009-04-07,23.36,25.2,22.91,24.43,23.35,12849283.0,309310632.0,2276753336.97,4603001292.05
sh600971,恒源煤电,2009-04-08,24.43,24.43,23.3,23.33,24.43,7169265.0,170531148.0,2174238860.07,4395743763.55
sh600971,恒源煤电,2009-04-09,23.2,23.64,22.0,22.84,23.33,6552445.0,148640856.0,2128573320.36,4303419955.4
sh600971,恒源煤电,2009-04-10,23.18,24.36,22.53,24.0,22.84,8348958.0,196553398.0,2236679496.0,4521982440.0
sh600971,恒源煤电,2009-04-13,24.01,25.6,24.0,25.25,24.0,13767088.0,343165475.0,2353173219.75,4757502358.75
sh600971,恒源煤电,2009-04-14,25.1,25.1,24.22,24.59,25.25,8500110.0,209060422.0,2291664533.61,4633147841.65
sh600971,恒源煤电,2009-04-15,24.52,26.0,24.1,25.19,24.59,9011659.0,226886609.0,2401986479.97,4800602361.61
sh600971,恒源煤电,2009-04-16,25.31,25.46,24.25,24.55,25.19,5266113.0,129885165.0,2340959431.65,4678633901.45
sh600971,恒源煤电,2009-04-17,24.58,24.79,23.28,23.9,24.55,4926140.0,117785498.0,2278978835.7,4554759684.1
sh600971,恒源煤电,2009-04-20,23.8,24.88,23.6,24.67,23.9,4173500.0,102237416.0,2352402003.21,4701502987.73
sh600971,DR恒源煤,2009-04-21,20.06,20.79,19.33,19.81,20.31,4820321.0,96843386.0,2266773433.96,4530365996.03
sh600971,恒源煤电,2009-04-22,19.88,20.2,18.0,18.07,19.81,7224069.0,136358036.0,2067672688.12,4132443894.41
sh600971,恒源煤电,2009-04-23,18.0,18.99,17.66,18.93,18.07,6655772.0,122766240.0,2166078803.88,4329118036.59
sh600971,恒源煤电,2009-04-24,18.99,19.12,18.34,18.38,18.93,3875804.0,72093015.0,2103144660.08,4203338061.94
sh600971,恒源煤电,2009-04-27,18.32,18.38,17.65,17.91,18.38,3079576.0,55225467.0,2049364573.56,4095853356.33
sh600971,恒源煤电,2009-04-28,17.79,18.88,17.67,18.81,17.91,5616778.0,104198076.0,2152347717.96,4301675133.03
sh600971,恒源煤电,2009-04-29,18.9,20.39,18.6,20.04,18.81,9650726.0,192389144.0,2293091348.64,4582964894.52
sh600971,恒源煤电,2009-04-30,20.11,20.64,19.8,20.18,20.04,7339453.0,148071845.0,2309110948.88,4614981615.34
sh600971,恒源煤电,2009-05-04,20.31,22.2,20.31,21.97,20.18,12527675.0,266153494.0,2513932980.52,5024338260.11
sh600971,恒源煤电,2009-05-05,22.07,22.09,21.1,21.52,21.97,10537740.0,227304221.0,2462441408.32,4921427371.76
sh600971,恒源煤电,2009-05-06,21.53,22.84,21.31,22.08,21.52,10210266.0,226764927.0,2526519809.28,5049494255.04
sh600971,恒源煤电,2009-05-07,22.3,22.81,21.7,22.74,22.08,11107543.0,246467492.0,2602040781.84,5200430224.62
sh600971,恒源煤电,2009-05-08,22.58,24.01,22.23,23.42,22.74,14469929.0,339132557.0,2679850268.72,5355940011.46
sh600971,恒源煤电,2009-05-11,23.68,23.8,22.4,22.47,23.42,11490789.0,263313419.0,2571145838.52,5138683691.61
sh600971,恒源煤电,2009-05-12,22.02,23.3,22.02,23.21,22.47,6879937.0,157026853.0,2655820868.36,5307914930.23
sh600971,恒源煤电,2009-05-13,23.34,24.43,23.06,23.43,23.21,8166184.0,194359122.0,2680994525.88,5358226920.09
sh600971,恒源煤电,2009-05-14,23.0,24.3,22.8,24.18,23.43,9503947.0,225099635.0,2766813812.88,5529745067.34
sh600971,恒源煤电,2009-05-15,24.19,24.35,23.52,23.94,24.18,5541431.0,132737377.0,2739351641.04,5474859260.22
sh600971,恒源煤电,2009-05-18,23.8,25.7,23.0,25.07,23.94,8829529.0,214958645.0,2868652700.12,5733279935.41
sh600971,恒源煤电,2009-05-19,25.0,25.69,24.72,24.82,25.07,8359697.0,209659687.0,2840046271.12,5676107219.66
sh600971,恒源煤电,2009-05-20,24.77,26.03,24.5,25.42,24.82,10572296.0,270151598.0,2908701700.72,5813321737.46
sh600971,恒源煤电,2009-05-21,25.0,25.91,24.0,24.91,25.42,10162042.0,252893392.0,2850344585.56,5696689397.33
sh600971,恒源煤电,2009-05-22,24.56,24.58,23.5,23.58,24.91,6095596.0,145980087.0,2698158383.28,5392530549.54
sh600971,恒源煤电,2009-05-25,22.49,23.59,22.28,23.32,23.58,7703707.0,176364905.0,2668407697.12,5333070925.16
sh600971,恒源煤电,2009-05-26,23.32,23.9,22.3,22.36,23.32,5225721.0,120218886.0,2558559009.76,5113527696.68
sh600971,恒源煤电,2009-05-27,22.6,22.89,21.69,22.1,22.36,6471675.0,143619094.0,2528808323.6,5054068072.3
sh600971,恒源煤电,2009-06-01,22.6,24.31,22.6,24.31,22.1,7392075.0,175422318.0,2781689155.96,5559474879.53
sh600971,恒源煤电,2009-06-02,25.24,26.2,24.85,25.43,24.31,16943035.0,431249297.0,2909845957.88,5815608646.09
sh600971,恒源煤电,2009-06-03,25.46,27.0,25.03,26.6,25.43,12538634.0,330515301.0,3043724045.6,6083176955.8
sh600971,恒源煤电,2009-06-04,26.0,26.72,25.28,26.48,26.6,10262844.0,265618426.0,3029992959.68,6055734052.24
sh600971,恒源煤电,2009-06-05,26.74,26.99,25.85,25.88,26.48,8535907.0,225421228.0,2961337530.08,5918519534.44
sh600971,恒源煤电,2009-06-08,25.38,25.67,24.68,24.91,25.88,6958323.0,174040211.0,2850344585.56,5696689397.33
sh600971,恒源煤电,2009-06-09,24.91,25.57,24.4,25.14,24.91,6566866.0,163758331.0,2876662500.24,5749288295.82
sh600971,恒源煤电,2009-06-10,25.69,25.85,24.81,25.16,25.14,4353889.0,109705484.0,2878951014.56,5753862113.08
sh600971,恒源煤电,2009-06-11,24.91,25.09,24.3,24.36,25.16,4786516.0,117712910.0,2787410441.76,5570909422.68
sh600971,恒源煤电,2009-06-12,24.3,25.0,24.01,24.45,24.36,4193357.0,102657017.0,2797708756.2,5591491600.35
sh600971,恒源煤电,2009-06-15,24.43,24.75,23.43,24.03,24.45,3908268.0,94014670.0,2749649955.48,5495441437.89
sh600971,恒源煤电,2009-06-16,23.7,24.6,23.41,24.2,24.03,4055247.0,97819362.0,2769102327.2,5534318884.6
sh600971,恒源煤电,2009-06-17,24.19,24.48,23.57,24.39,24.2,3802116.0,91577873.0,2790843213.24,5577770148.57
sh600971,恒源煤电,2009-06-18,24.54,25.59,24.54,25.35,24.39,8446022.0,213429168.0,2900691900.6,5797313377.05
sh600971,恒源煤电,2009-06-19,25.36,25.48,24.64,24.79,25.35,5208061.0,129450945.0,2836613499.64,5669246493.77
sh600971,恒源煤电,2009-06-22,24.71,25.0,23.88,24.33,24.79,5363214.0,129706861.0,2783977670.28,5564048696.79
sh600971,恒源煤电,2009-06-23,23.95,24.47,23.6,24.14,24.33,3542229.0,85342894.0,2762236784.24,5520597432.82
sh600971,恒源煤电,2009-06-24,24.47,25.15,23.96,25.12,24.14,7340089.0,181826424.0,2874373985.92,5744714478.56
sh600971,恒源煤电,2009-06-25,25.14,25.34,24.38,24.53,25.12,4304008.0,106665300.0,2806862813.48,5609786869.39
sh600971,恒源煤电,2009-06-26,24.78,25.24,24.48,24.8,24.53,5199824.0,129582367.0,2837757756.8,5671533402.4
sh600971,恒源煤电,2009-06-29,24.8,25.98,24.21,25.4,24.8,8569579.0,216312253.0,2906413186.4,5808747920.2
sh600971,恒源煤电,2009-06-30,25.86,26.25,25.33,25.46,25.4,8738427.0,226196002.0,2913278729.36,5822469371.98
sh600971,恒源煤电,2009-07-01,25.2,26.18,25.08,25.89,25.46,7159454.0,185077562.0,2962481787.24,5920806443.07
sh600971,恒源煤电,2009-07-02,26.0,26.5,25.92,26.39,25.89,9878102.0,259595685.0,3207220349.06,6222677578.39
sh600971,恒源煤电,2009-07-03,26.0,27.68,25.9,27.3,26.39,11204088.0,301189939.0,3317814154.2,6437252667.3
sh600971,恒源煤电,2009-07-06,27.33,28.25,26.51,26.91,27.3,11156836.0,302918440.0,3270416809.14,6345291914.91
sh600971,恒源煤电,2009-07-07,26.8,26.88,25.97,26.04,26.91,6933285.0,181961724.0,3164684270.16,6140148698.04
sh600971,恒源煤电,2009-07-08,25.65,26.88,25.51,26.85,26.04,6232621.0,163107781.0,3263124909.9,6331144106.85
sh600971,恒源煤电,2009-07-09,26.76,28.91,26.4,28.46,26.85,14324841.0,400091230.0,3458790872.84,6710776956.46
sh600971,恒源煤电,2009-07-10,28.37,29.59,28.14,28.4,28.46,9072397.0,262036208.0,3451498973.6,6696629148.4
sh600971,恒源煤电,2009-07-13,28.29,28.71,27.27,27.34,28.4,6153212.0,170975915.0,3322675420.36,6446684539.34
sh600971,恒源煤电,2009-07-14,27.46,28.6,27.46,28.18,27.34,5598151.0,157286091.0,3424762009.72,6644753852.18
sh600971,恒源煤电,2009-07-15,28.2,30.08,27.83,29.42,28.18,9711651.0,283117727.0,3575461260.68,6937141885.42
sh600971,恒源煤电,2009-07-16,29.65,30.95,29.3,29.53,29.42,8378162.0,252757865.0,3588829742.62,6963079533.53
sh600971,恒源煤电,2009-07-17,29.5,32.48,29.4,32.48,29.53,13443290.0,423970442.0,3947348121.92,7658680096.48
sh600971,恒源煤电,2009-07-20,32.85,35.73,32.85,35.73,32.48,14818248.0,517515640.0,4342325997.42,8425019699.73
sh600971,恒源煤电,2009-07-21,36.49,36.6,34.57,35.27,35.73,9528604.0,338867756.0,4286421436.58,8316553171.27
sh600971,恒源煤电,2009-07-22,35.5,38.8,35.5,38.8,35.27,9727580.0,369191189.0,4715428175.2,9148915878.8
sh600971,恒源煤电,2009-07-23,39.05,40.79,38.25,39.34,38.8,10784169.0,425676917.0,4781055268.36,9276246151.34
sh600971,恒源煤电,2009-07-24,39.66,41.25,38.41,39.48,39.34,8844488.0,351693245.0,4798069699.92,9309257703.48
sh600971,恒源煤电,2009-07-27,38.99,39.79,37.8,39.04,39.48,8559654.0,330868248.0,4744595772.16,9205507111.04
sh600971,恒源煤电,2009-07-28,38.8,39.9,38.0,39.2,39.04,6833525.0,267203648.0,4764040836.8,9243234599.2
sh600971,恒源煤电,2009-07-29,38.9,38.9,35.28,35.54,39.2,8211725.0,303436579.0,4319234983.16,8380218307.54
sh600971,恒源煤电,2009-07-30,35.55,36.46,32.92,36.2,35.54,7903054.0,276081128.0,4399445874.8,8535844196.2
sh600971,恒源煤电,2009-07-31,36.5,38.08,36.0,37.51,36.2,7499177.0,278221280.0,4558652341.54,8844738005.51
sh600971,恒源煤电,2009-08-03,37.8,38.5,35.7,37.52,37.51,7432678.0,276831645.0,4559867658.08,8847095973.52
sh600971,恒源煤电,2009-08-04,37.6,39.1,36.0,38.98,37.52,10714747.0,401348979.0,4737303872.92,9191359302.98
sh600971,恒源煤电,2009-08-05,38.24,38.24,36.3,36.88,38.98,9673647.0,359853366.0,4482087399.52,8696186020.88
sh600971,恒源煤电,2009-08-06,36.17,36.17,34.2,34.71,36.88,7837800.0,274406263.0,4218363710.34,8184506962.71
sh600971,恒源煤电,2009-08-07,34.65,35.35,32.55,32.9,34.71,6458082.0,218831740.0,3998391416.6,7757714752.9
sh600971,恒源煤电,2009-08-10,33.1,33.97,31.9,33.2,32.9,6205779.0,204778606.0,4034850912.8,7828453793.2
sh600971,恒源煤电,2009-08-11,33.52,33.69,32.32,33.44,33.2,4197028.0,139250051.0,4064018509.76,7885045025.44
sh600971,恒源煤电,2009-08-12,33.0,33.2,30.48,30.92,33.44,7961955.0,252448000.0,3757758741.68,7290837086.92
sh600971,恒源煤电,2009-08-13,30.83,32.37,30.4,31.83,30.92,7635185.0,242528930.0,3868352546.82,7505412175.83
sh600971,恒源煤电,2009-08-14,32.0,32.55,31.03,32.18,31.83,6686954.0,213630686.0,3910888625.72,7587941056.18
sh600971,恒源煤电,2009-08-17,31.5,31.8,28.96,29.24,32.18,6396439.0,194044502.0,3553585562.96,6894698461.24
sh600971,恒源煤电,2009-08-18,28.52,29.96,28.4,29.95,29.24,4070132.0,119658864.0,3639873037.3,7062114189.95
sh600971,恒源煤电,2009-08-19,30.19,30.6,27.78,28.05,29.95,5996626.0,176607394.0,3408962894.7,6614100268.05
sh600971,恒源煤电,2009-08-20,28.21,30.86,28.21,30.86,28.05,16267157.0,497183731.0,3750466842.44,7276689278.86
sh600971,恒源煤电,2009-08-21,31.28,33.4,30.86,33.31,30.86,17884833.0,570441631.0,4048219394.74,7854391441.31
sh600971,恒源煤电,2009-08-24,33.0,34.82,32.26,33.37,33.31,13307294.0,444478803.0,4055511293.98,7868539249.37
sh600971,恒源煤电,2009-08-25,32.4,32.63,30.11,32.03,33.37,11686547.0,367677329.0,3892658877.62,7552571536.03
sh600971,恒源煤电,2009-08-26,31.02,33.02,31.01,31.64,32.03,9390823.0,301640247.0,3845261532.56,7460610783.64
sh600971,恒源煤电,2009-08-27,31.3,32.11,30.66,31.07,31.64,6744533.0,210265995.0,3775988489.78,7326206607.07
sh600971,恒源煤电,2009-08-28,31.4,31.68,29.65,29.79,31.07,5802515.0,175856188.0,3620427972.66,7024386701.79
sh600971,恒源煤电,2009-08-31,29.18,29.18,26.81,26.81,29.79,8415364.0,229762139.0,3258263643.74,6321712234.81
sh600971,恒源煤电,2009-09-01,26.02,27.74,25.88,27.01,26.81,6740342.0,181435621.0,3282569974.54,6368871595.01
sh600971,恒源煤电,2009-09-02,27.2,28.33,26.75,27.91,27.01,7056978.0,196120739.0,3391948463.14,6581088715.91
sh600971,恒源煤电,2009-09-03,27.81,30.19,27.33,29.82,27.91,8206079.0,236783184.0,3624073922.28,7031460605.82
sh600971,恒源煤电,2009-09-04,29.5,30.77,29.4,29.44,29.82,7372725.0,220316954.0,3577891893.76,6941857821.44
sh600971,恒源煤电,2009-09-07,30.0,30.25,28.9,29.45,29.44,6273203.0,186380141.0,3579107210.3,6944215789.45
sh600971,恒源煤电,2009-09-08,29.1,31.2,28.22,30.94,29.45,10678963.0,320438632.0,3760189374.76,7295553022.94
sh600971,恒源煤电,2009-09-09,31.58,32.48,31.2,32.01,30.94,12166886.0,387901544.0,3890228244.54,7547855600.01
sh600971,恒源煤电,2009-09-10,31.7,32.12,31.01,31.24,32.01,5550408.0,175215484.0,3796648870.96,7366292063.24
sh600971,恒源煤电,2009-09-11,30.88,32.39,30.62,32.0,31.24,6349448.0,202973159.0,3889012928.0,7545497632.0
sh600971,恒源煤电,2009-09-14,31.8,32.32,31.58,32.22,32.0,6360277.0,203623397.0,3915749891.88,7597372928.22
sh600971,恒源煤电,2009-09-15,32.2,33.48,32.13,32.61,32.22,7488232.0,246934303.0,3963147236.94,7689333680.61
sh600971,恒源煤电,2009-09-16,32.61,32.89,30.8,31.89,32.61,7642747.0,242512731.0,3875644446.06,7519559983.89
sh600971,恒源煤电,2009-09-17,32.27,32.75,32.0,32.22,31.89,5132756.0,165619862.0,3915749891.88,7597372928.22
sh600971,恒源煤电,2009-09-18,32.7,32.99,30.65,30.87,32.22,5655286.0,179723768.0,3751682158.98,7279047246.87
sh600971,恒源煤电,2009-09-21,30.48,31.31,29.36,31.13,30.87,4473215.0,135151869.0,3783280389.02,7340354415.13
sh600971,恒源煤电,2009-09-22,30.51,31.1,29.5,29.55,31.13,4157207.0,125783993.0,3591260375.7,6967795469.55
sh600971,恒源煤电,2009-09-23,29.7,30.19,27.7,28.2,29.55,5782130.0,165935306.0,3427192642.8,6649469788.2
sh600971,恒源煤电,2009-09-24,27.88,29.19,27.0,28.34,28.2,4198791.0,117864637.0,3444207074.36,6682481340.34
sh600971,恒源煤电,2009-09-25,28.1,28.4,27.56,28.1,28.34,2242601.0,62691561.0,3415039477.4,6625890108.1
sh600971,恒源煤电,2009-09-28,28.12,28.95,26.85,26.92,28.1,2679082.0,74255946.0,3271632125.68,6347649882.92
sh600971,恒源煤电,2009-09-29,26.99,27.3,26.05,26.69,26.92,2560758.0,68259799.0,3243679845.26,6293416618.69
sh600971,恒源煤电,2009-09-30,26.95,27.75,26.85,27.1,26.69,3041959.0,82847905.0,3293507823.4,6390093307.1
sh600971,恒源煤电,2009-10-09,28.07,29.81,28.05,29.81,27.1,6041850.0,175907753.0,3622858605.74,7029102637.81
sh600971,恒源煤电,2009-10-12,29.81,29.96,28.91,28.97,29.81,3850883.0,112665233.0,3641285275.39,6951546583.98
sh600971,恒源煤电,2009-10-13,28.85,30.39,28.85,29.79,28.97,4597753.0,137328668.0,3744352376.73,7148311105.86
sh600971,恒源煤电,2009-10-14,30.21,31.0,30.04,30.26,29.79,5885336.0,179576235.0,3803427422.62,7261090770.84
sh600971,恒源煤电,2009-10-15,30.6,30.95,30.05,30.22,30.26,4026957.0,122553378.0,3798399759.14,7251492501.48
sh600971,恒源煤电,2009-10-16,30.8,30.99,29.8,30.47,30.22,4356485.0,132319057.0,3829822655.89,7311481684.98
sh600971,恒源煤电,2009-10-19,30.55,31.64,30.08,31.45,30.47,6546743.0,203234038.0,3953000411.15,7546639284.3
sh600971,恒源煤电,2009-10-20,31.95,32.55,31.69,31.96,31.45,7482154.0,240828126.0,4017103120.52,7669017218.64
sh600971,恒源煤电,2009-10-21,31.85,32.46,31.33,31.66,31.96,5725905.0,182821391.0,3979395644.42,7597030198.44
sh600971,恒源煤电,2009-10-22,32.0,32.36,31.62,31.75,31.66,4673832.0,149556665.0,3990707887.25,7618626304.5
sh600971,恒源煤电,2009-10-23,31.84,33.87,31.78,33.1,31.75,9337529.0,307914404.0,4160391529.7,7942567895.4
sh600971,恒源煤电,2009-10-26,33.27,33.35,32.45,32.87,33.1,4748601.0,156041384.0,4131482464.69,7887377846.58
sh600971,恒源煤电,2009-10-27,32.2,32.29,31.05,31.19,32.87,5944593.0,189507568.0,3920320598.53,7484250533.46
sh600971,恒源煤电,2009-10-28,31.1,32.02,31.03,31.66,31.19,4132182.0,130408661.0,3979395644.42,7597030198.44
sh600971,恒源煤电,2009-10-30,31.95,34.7,31.95,33.34,31.66,13348848.0,445356430.0,4210105786.12,8019705787.1
sh600971,恒源煤电,2009-11-02,32.1,36.67,31.81,36.67,33.34,16115101.0,563670465.0,4630611253.06,8820714193.55
sh600971,恒源煤电,2009-11-03,37.51,37.6,36.4,37.25,36.67,15846279.0,586423577.0,4703852445.5,8960229171.25
sh600971,恒源煤电,2009-11-04,37.2,37.35,36.4,36.99,37.25,9835765.0,362256312.0,4671020186.82,8897687974.35
sh600971,恒源煤电,2009-11-05,37.2,37.2,35.85,37.06,36.99,12000863.0,438249292.0,4679859641.08,8914525988.9
sh600971,恒源煤电,2009-11-06,37.0,37.1,36.12,36.36,37.06,8382594.0,307248133.0,4591465098.48,8746145843.4
sh600971,恒源煤电,2009-11-09,36.28,36.49,35.58,36.44,36.36,6928731.0,249420593.0,4601567331.92,8765389288.6
sh600971,恒源煤电,2009-11-10,37.13,37.47,36.3,36.31,36.44,7284985.0,269253595.0,4585151202.58,8734118690.15
sh600971,恒源煤电,2009-11-11,36.3,36.3,35.4,35.68,36.31,5956459.0,213208276.0,4505596114.24,8582576559.2
sh600971,恒源煤电,2009-11-12,35.98,36.25,35.52,35.53,35.68,3829815.0,137350900.0,4486654426.54,8546495099.45
sh600971,恒源煤电,2009-11-13,35.4,36.55,35.19,36.52,35.53,4786977.0,171612797.0,4611669565.36,8784632733.8
sh600971,恒源煤电,2009-11-16,36.98,39.68,36.65,38.78,36.52,13076005.0,499728922.0,4897057660.04,9328260060.7
sh600971,恒源煤电,2009-11-17,38.77,38.77,37.85,38.03,38.78,8105836.0,309665358.0,4802349221.54,9147852761.95
sh600971,恒源煤电,2009-11-18,38.54,39.87,38.41,38.64,38.03,8263016.0,323034019.0,4879378751.52,9294584031.6
sh600971,恒源煤电,2009-11-19,38.9,39.0,38.12,38.82,38.64,5506883.0,212446911.0,4902108776.76,9337881783.3
sh600971,恒源煤电,2009-11-20,38.7,39.21,38.04,38.77,38.82,4680258.0,180569711.0,4895794880.86,9325854630.05
sh600971,恒源煤电,2009-11-23,38.76,39.13,38.5,38.84,38.77,4735532.0,183431439.0,4904634335.12,9342692644.6
sh600971,恒源煤电,2009-11-24,39.15,39.8,37.01,37.26,38.84,9357320.0,360935854.0,4705115224.68,8962634601.9
sh600971,恒源煤电,2009-11-25,37.01,38.35,36.91,38.2,37.26,7249498.0,272114835.0,4823816467.6,9188745083.0
sh600971,恒源煤电,2009-11-26,38.16,38.88,36.0,36.16,38.2,7516811.0,281943342.0,4566209514.88,8698037230.4
sh600971,恒源煤电,2009-11-27,35.5,35.97,33.8,34.1,36.16,8424384.0,293867368.0,4306077003.8,8202518516.5
sh600971,恒源煤电,2009-11-30,34.98,36.15,34.34,36.08,34.1,5565720.0,196677546.0,4912875052.8,9035561556.56
sh600971,恒源煤电,2009-12-01,35.15,36.68,35.15,36.36,36.08,4759270.0,171343354.0,4951001577.6,9105682322.52
sh600971,恒源煤电,2009-12-03,37.0,37.33,36.4,37.31,36.36,5912644.0,218280442.0,5080359429.6,9343592064.17
sh600971,恒源煤电,2009-12-04,37.31,38.46,36.21,37.22,37.31,7290038.0,273076090.0,5068104475.2,9321053246.54
sh600971,恒源煤电,2009-12-07,37.6,37.97,36.9,37.19,37.22,4297586.0,160549550.0,5064019490.4,9313540307.33
sh600971,恒源煤电,2009-12-08,37.16,37.16,36.32,36.83,37.19,3684719.0,135059991.0,5014999672.8,9223385036.81
sh600971,恒源煤电,2009-12-09,36.4,36.7,35.7,35.87,36.83,3538690.0,127900864.0,4884280159.2,8982970982.09
sh600971,恒源煤电,2009-12-10,36.1,36.4,35.61,35.96,35.87,2655209.0,95186890.0,4896535113.6,9005509799.72
sh600971,恒源煤电,2009-12-11,36.1,36.5,35.9,35.99,35.96,2102196.0,76064390.0,4900620098.4,9013022738.93
sh600971,恒源煤电,2009-12-14,36.21,36.3,35.01,36.1,35.99,2542037.0,90629415.0,4915598376.0,9040570182.7
sh600971,恒源煤电,2009-12-15,36.1,36.69,35.74,36.02,36.1,2848035.0,103191043.0,4904705083.2,9020535678.14
sh600971,恒源煤电,2009-12-16,35.95,36.69,35.9,36.01,36.02,3157861.0,114560390.0,4903343421.6,9018031365.07
sh600971,恒源煤电,2009-12-17,36.45,36.55,34.91,34.95,36.01,3076944.0,109151001.0,4759007292.0,8752574179.65
sh600971,恒源煤电,2009-12-18,34.53,34.79,33.5,33.77,34.95,3241258.0,110326091.0,4598331223.2,8457065237.39
sh600971,恒源煤电,2009-12-21,33.65,34.4,33.33,33.81,33.77,1999713.0,67466809.0,4603777869.6,8467082489.67
sh600971,恒源煤电,2009-12-22,33.9,34.05,32.0,32.01,33.81,3183268.0,104536514.0,4570135401.15,8227762756.62
sh600971,恒源煤电,2009-12-23,31.75,32.55,31.75,32.36,32.01,3853061.0,123937833.0,4620105641.4,8317725798.32
sh600971,恒源煤电,2009-12-24,32.6,34.1,32.42,33.95,32.36,5872797.0,196867918.0,4847113304.25,8726415044.9
sh600971,恒源煤电,2009-12-25,33.98,34.02,33.35,33.89,33.95,2470395.0,83244854.0,4838546977.35,13365623636.7
sh600971,恒源煤电,2009-12-28,34.2,34.5,33.89,34.16,33.89,3259961.0,111277226.0,4877095448.4,13472106917.4
sh600971,恒源煤电,2009-12-29,34.22,34.26,33.41,33.79,34.16,3313257.0,111819062.0,4824269765.85,13326185384.6
sh600971,恒源煤电,2009-12-30,33.94,34.12,33.48,33.84,33.79,2994644.0,101102486.0,4831408371.6,13345904510.6
sh600971,恒源煤电,2009-12-31,33.89,34.07,33.5,33.84,33.84,2274566.0,76782781.0,4831408371.6,13345904510.6
sh600971,恒源煤电,2010-01-04,34.0,34.55,34.0,34.25,33.84,3482207.0,119735158.0,4889944938.75,13507601344.2
sh600971,恒源煤电,2010-01-05,34.7,35.41,34.6,35.11,34.25,4612471.0,161358586.0,5012728957.65,13846770312.3
sh600971,恒源煤电,2010-01-06,35.35,36.18,35.0,35.09,35.11,4833056.0,172435236.0,5009873515.35,13838882661.9
sh600971,恒源煤电,2010-01-07,35.1,35.88,34.0,34.31,35.09,4225494.0,147653458.0,4898511265.65,13531264295.5
sh600971,恒源煤电,2010-01-08,34.3,34.69,33.1,34.2,34.31,3390043.0,114692049.0,4882806333.0,13487882218.2
sh600971,恒源煤电,2010-01-11,34.66,35.08,34.2,35.01,34.2,5130949.0,178249032.0,4998451746.15,13807332060.2
sh600971,恒源煤电,2010-01-12,35.03,35.47,34.0,34.99,35.01,3919323.0,135929392.0,4995596303.85,13799444409.8
sh600971,恒源煤电,2010-01-13,34.0,34.49,32.89,32.92,34.99,5292459.0,177103733.0,4700058025.8,12983072591.3
sh600971,恒源煤电,2010-01-14,33.0,33.4,32.2,33.29,32.92,3878531.0,127433693.0,4752883708.35,13128994124.1
sh600971,恒源煤电,2010-01-15,33.32,33.49,32.7,33.39,33.29,2477921.0,81952066.0,4767160919.85,13168432376.2
sh600971,恒源煤电,2010-01-18,33.3,34.67,33.02,34.48,33.39,4046175.0,137890610.0,4922782525.2,13598309324.1
sh600971,恒源煤电,2010-01-19,34.6,35.58,34.6,34.8,34.48,4514455.0,158241604.0,4968469602.0,13724511730.8
sh600971,恒源煤电,2010-01-20,34.88,34.9,33.0,33.12,34.8,4370726.0,146822855.0,4728612448.8,13061949095.5
sh600971,恒源煤电,2010-01-21,33.04,33.2,31.25,32.0,33.12,4324354.0,139013117.0,4568707680.0,12620240672.0
sh600971,恒源煤电,2010-01-22,31.11,31.5,30.33,31.41,32.0,3086462.0,95705226.0,4484472132.15,12387554984.6
sh600971,恒源煤电,2010-01-25,31.42,31.76,31.0,31.1,31.41,1445466.0,45383077.0,4440212776.5,12265296403.1
sh600971,恒源煤电,2010-01-26,31.0,31.49,29.1,29.3,31.1,2438071.0,73006147.0,4183222969.5,11555407865.3
sh600971,恒源煤电,2010-01-27,29.5,30.45,28.7,29.31,29.3,2294219.0,67746906.0,4184650690.65,11559351690.5
sh600971,恒源煤电,2010-01-28,29.52,29.99,29.1,29.63,29.31,1684177.0,49906098.0,4230337767.45,11685554097.2
sh600971,恒源煤电,2010-01-29,29.62,30.34,29.2,29.74,29.63,1798841.0,53865873.0,4246042700.1,11728936174.5
sh600971,恒源煤电,2010-02-01,29.4,29.74,28.61,28.71,29.74,1520431.0,43983853.0,4098987421.65,11322722177.9
sh600971,恒源煤电,2010-02-02,29.05,30.0,28.8,28.89,28.71,2044377.0,60136843.0,4124686402.35,11393711031.7
sh600971,恒源煤电,2010-02-03,29.35,31.49,28.32,30.9,28.89,3830115.0,115127975.0,4411658353.5,12186419898.9
sh600971,恒源煤电,2010-02-04,30.59,30.59,29.93,30.0,30.9,2744980.0,82817191.0,4283163450.0,11831475630.0
sh600971,恒源煤电,2010-02-05,28.45,28.8,28.0,28.3,30.0,4804595.0,135868234.0,4040450854.5,11161025344.3
sh600971,恒源煤电,2010-02-08,28.0,28.57,27.21,27.94,28.3,3409761.0,95119684.0,3989052893.1,11019047636.7
sh600971,恒源煤电,2010-02-09,27.7,28.34,27.55,27.79,27.94,2064452.0,57650675.0,3967637075.85,10959890258.6
sh600971,恒源煤电,2010-02-10,28.31,28.49,27.91,28.07,27.79,2644565.0,74461492.0,4007613268.05,11070317364.5
sh600971,恒源煤电,2010-02-11,28.16,28.55,28.05,28.33,28.07,2487267.0,70513078.0,4044734017.95,11172856819.9
sh600971,恒源煤电,2010-02-12,28.55,29.65,28.55,29.53,28.33,3634376.0,106570748.0,4216060555.95,11646115845.1
sh600971,恒源煤电,2010-02-22,29.45,29.65,29.04,29.06,29.53,2471233.0,72428160.0,4148957661.9,11460756060.3
sh600971,恒源煤电,2010-02-23,29.1,29.28,28.08,28.53,29.06,2809333.0,79953687.0,4073288440.95,11251733324.1
sh600971,恒源煤电,2010-02-24,28.38,29.08,28.02,29.05,28.53,2566998.0,73762808.0,4147529940.75,11456812235.0
sh600971,恒源煤电,2010-02-26,29.24,29.5,29.09,29.1,29.05,4527785.0,132397668.0,4154668546.5,11476531361.1
sh600971,恒源煤电,2010-03-01,29.08,29.85,28.98,29.82,29.1,4497327.0,132180562.0,4257464469.3,11760486776.2
sh600971,恒源煤电,2010-03-02,29.82,30.05,28.98,29.13,29.82,3428258.0,100784217.0,4158951709.95,11488362836.7
sh600971,恒源煤电,2010-03-03,29.14,29.48,28.6,29.45,29.13,5082889.0,147408766.0,4204638786.75,11614565243.5
sh600971,恒源煤电,2010-03-04,29.48,29.78,28.3,28.54,29.45,4464154.0,130487763.0,4074716162.1,11255677149.3
sh600971,恒源煤电,2010-03-05,28.65,28.86,28.1,28.2,28.54,3330117.0,94568023.0,4026173643.0,11121587092.2
sh600971,恒源煤电,2010-03-08,28.48,28.65,28.29,28.37,28.2,2497468.0,71053887.0,4050444902.55,11188632120.8
sh600971,恒源煤电,2010-03-09,28.25,29.7,27.7,29.01,28.37,6805002.0,196019006.0,4141819056.15,11441036934.2
sh600971,恒源煤电,2010-03-10,28.83,28.99,28.21,28.32,29.01,3335784.0,95222334.0,4043306296.8,11168912994.7
sh600971,恒源煤电,2010-03-11,28.6,28.6,28.03,28.28,28.32,1908855.0,53961940.0,4037595412.2,11153137693.9
sh600971,恒源煤电,2010-03-12,28.29,28.35,27.7,27.76,28.28,3117300.0,87105450.0,3963353912.4,10948058783.0
sh600971,恒源煤电,2010-03-15,27.87,27.87,27.02,27.14,27.76,2538133.0,69302845.0,3874835201.1,10703541619.9
sh600971,恒源煤电,2010-03-16,27.14,27.29,26.86,27.18,27.14,1712681.0,46339601.0,3880546085.7,10719316920.8
sh600971,恒源煤电,2010-03-17,27.38,27.76,27.3,27.75,27.18,2463920.0,67847264.0,3961926191.25,10944114957.8
sh600971,恒源煤电,2010-03-18,27.77,28.29,27.7,27.95,27.75,2753516.0,76894696.0,3990480614.25,11022991462.0
sh600971,恒源煤电,2010-03-19,27.98,28.33,27.6,28.27,27.95,3593272.0,100951473.0,4036167691.05,11149193868.7
sh600971,恒源煤电,2010-03-22,28.38,28.54,28.11,28.28,28.27,2909201.0,82478849.0,4037595412.2,11153137693.9
sh600971,恒源煤电,2010-03-23,28.46,28.85,28.21,28.28,28.28,3214100.0,91587813.0,4037595412.2,11153137693.9
sh600971,恒源煤电,2010-03-24,28.29,28.6,28.0,28.04,28.28,2275064.0,64311497.0,4003330104.6,11058485888.8
sh600971,恒源煤电,2010-03-25,27.85,27.87,27.3,27.41,28.04,2582567.0,70937235.0,3913383672.15,10810024900.6
sh600971,恒源煤电,2010-03-26,27.39,27.88,27.26,27.81,27.41,2220209.0,61522616.0,3970492518.15,10967777909.0
sh600971,恒源煤电,2010-03-29,27.9,29.79,27.9,29.22,27.81,9773363.0,285315983.0,4171801200.3,11523857263.6
sh600971,恒源煤电,2010-03-30,29.28,29.85,29.1,29.69,29.22,6549614.0,193706729.0,4238904094.35,11709217048.5
sh600971,恒源煤电,2010-03-31,29.75,29.8,29.14,29.25,29.69,3440314.0,100819089.0,4176084363.75,11535688739.2
sh600971,恒源煤电,2010-04-01,29.31,30.1,29.31,29.85,29.25,4447843.0,132856693.0,4261747632.75,11772318251.9
sh600971,恒源煤电,2010-04-02,30.1,30.85,30.1,30.68,29.85,5873386.0,178985687.0,4380248488.2,12099655744.3
sh600971,恒源煤电,2010-04-06,30.91,31.77,30.68,31.08,30.68,6056844.0,188862717.0,4437357334.2,12257408752.7
sh600971,恒源煤电,2010-04-07,31.0,31.06,30.36,30.61,31.08,3706839.0,113380833.0,4370254440.15,12072048967.8
sh600971,恒源煤电,2010-04-08,30.37,30.37,29.59,29.68,30.61,4300421.0,128956631.0,4237476373.2,11705273223.3
sh600971,恒源煤电,2010-04-09,29.71,30.5,29.71,30.49,29.68,3228724.0,97337723.0,4353121786.35,12024723065.3
sh600971,恒源煤电,2010-04-12,30.8,30.8,29.62,29.78,30.49,3617436.0,108385067.0,4251753584.7,11744711475.4
sh600971,恒源煤电,2010-04-13,29.69,30.45,29.18,30.06,29.78,3389838.0,101535863.0,4291729776.9,11855138581.3
sh600971,恒源煤电,2010-04-14,30.28,30.45,29.9,30.39,30.06,3995749.0,120814844.0,4338844574.85,11985284813.2
sh600971,恒源煤电,2010-04-16,30.77,30.77,29.97,29.98,30.39,3559413.0,107744870.0,4280308007.7,11823587979.6
sh600971,恒源煤电,2010-04-19,29.36,29.55,27.9,27.97,29.98,3838919.0,110408777.0,3993336056.55,11030879112.4
sh600971,恒源煤电,2010-04-20,28.01,28.28,27.42,28.12,27.97,2666581.0,74505470.0,4014751873.8,11090036490.5
sh600971,恒源煤电,2010-04-21,28.38,28.98,28.22,28.87,28.12,2474690.0,70839793.0,4121830960.05,11385823381.3
sh600971,恒源煤电,2010-04-22,28.71,29.28,28.08,28.64,28.87,2959758.0,84477923.0,4088993373.6,11295115401.4
sh600971,恒源煤电,2010-04-23,28.58,29.98,28.5,29.39,28.64,5012261.0,147916294.0,4196072459.85,11590902292.2
sh600971,恒源煤电,2010-04-26,29.68,32.3,29.68,31.38,29.39,10073448.0,312070284.0,4480188968.7,12375723509.0
sh600971,恒源煤电,2010-04-27,31.2,32.55,30.2,32.48,31.38,12361870.0,390098967.0,4637238295.2,12809544282.1
sh600971,恒源煤电,2010-04-28,31.7,32.94,31.56,32.6,32.48,9884683.0,321077178.0,4654370949.0,12856870184.6
sh600971,恒源煤电,2010-04-29,32.85,33.0,30.62,30.95,32.6,6800428.0,217901775.0,4418796959.25,12206139025.0
sh600971,恒源煤电,2010-04-30,30.9,32.51,30.45,32.48,30.95,8403720.0,265778817.0,4637238295.2,12809544282.1
sh600971,恒源煤电,2010-05-04,31.85,32.9,31.59,31.99,32.48,7373562.0,237694572.0,4567279958.85,12616296846.8
sh600971,恒源煤电,2010-05-05,31.2,33.35,30.62,33.27,31.99,11087657.0,354280778.0,4750028266.05,13121106473.7
sh600971,恒源煤电,2010-05-06,32.8,32.84,29.94,29.95,33.27,14535958.0,452450359.0,4276024844.25,11811756504.0
sh600971,恒源煤电,2010-05-07,28.4,29.9,28.02,28.63,29.95,5199005.0,148681290.0,4087565652.45,11291171576.2
sh600971,恒源煤电,2010-05-10,28.5,30.15,28.01,29.17,28.63,4982586.0,144748369.0,4164662594.55,11504138137.6
sh600971,恒源煤电,2010-05-11,29.8,30.31,27.8,27.83,29.17,5330724.0,155768229.0,3973347960.45,10975665559.4
sh600971,恒源煤电,2010-05-12,27.1,28.25,26.81,27.55,27.83,4473089.0,122293076.0,3933371768.25,10865238453.5
sh600971,恒源煤电,2010-05-13,27.88,28.65,27.53,28.43,27.55,3969055.0,111733305.0,4059011229.45,11212295072.0
sh600971,恒源煤电,2010-05-14,28.18,28.77,28.0,28.15,28.43,3001168.0,84860401.0,4019035037.25,11101867966.1
sh600971,恒源煤电,2010-05-17,27.51,28.36,26.94,26.96,28.15,3301683.0,91340591.0,3849136220.4,10632552766.2
sh600971,恒源煤电,2010-05-18,26.91,27.89,26.32,27.49,26.96,4077306.0,111067872.0,3924805441.35,10841575502.3
sh600971,恒源煤电,2010-05-19,27.41,28.05,27.02,27.51,27.49,3365946.0,92916533.0,3927660883.65,10849463152.7
sh600971,恒源煤电,2010-05-20,27.38,28.18,27.22,27.32,27.51,2883260.0,79738258.0,3900534181.8,10774530473.7
sh600971,恒源煤电,2010-05-21,26.56,27.69,26.4,27.58,27.32,2685372.0,73147542.0,3937654931.7,10877069929.2
sh600971,恒源煤电,2010-05-24,27.82,29.08,27.79,28.58,27.58,4846200.0,138584451.0,4080427046.7,11271452450.2
sh600971,恒源煤电,2010-05-25,28.3,28.98,27.8,28.06,28.58,3045714.0,86315822.0,4006185546.9,11066373539.3
sh600971,恒源煤电,2010-05-26,27.87,28.33,27.46,27.52,28.06,3229458.0,89825215.0,3929088604.8,10853406977.9
sh600971,恒源煤电,2010-05-27,27.63,28.48,27.31,28.37,27.52,3958459.0,110646882.0,4050444902.55,11188632120.8
sh600971,恒源煤电,2010-05-28,28.87,28.99,27.87,27.99,28.37,4008612.0,114140019.0,3996191498.85,11038766762.8
sh600971,恒源煤电,2010-05-31,27.8,27.87,26.6,26.68,27.99,3622091.0,98776952.0,3809160028.2,10522125660.3
sh600971,恒源煤电,2010-06-01,26.6,26.95,25.7,26.3,26.68,3297504.0,86906754.0,3754906624.5,10372260302.3
sh600971,恒源煤电,2010-06-02,26.29,26.6,26.0,26.54,26.3,1955165.0,51484457.0,3789171932.1,10466912107.3
sh600971,恒源煤电,2010-06-03,26.69,26.69,26.11,26.17,26.54,2512554.0,66504198.0,3736346249.55,10320990574.6
sh600971,恒源煤电,2010-06-04,25.99,26.13,25.41,25.92,26.17,2330508.0,59924856.0,3700653220.8,10222394944.3
sh600971,恒源煤电,2010-06-07,25.25,25.6,24.68,24.87,25.92,3327506.0,83635156.0,3550742500.05,9808293297.27
sh600971,恒源煤电,2010-06-08,24.9,25.2,24.56,24.88,24.87,2381939.0,59330580.0,3552170221.2,9812237122.48
sh600971,恒源煤电,2010-06-09,25.03,25.99,24.92,25.92,24.88,3232128.0,82543828.0,3700653220.8,10222394944.3
sh600971,恒源煤电,2010-06-10,25.69,25.81,25.45,25.49,25.92,2193180.0,56100348.0,3639261211.35,10052810460.3
sh600971,恒源煤电,2010-06-11,25.73,26.1,25.62,25.84,25.49,2670706.0,69094084.0,3689231451.6,10190844342.6
sh600971,恒源煤电,2010-06-17,26.42,26.42,25.78,25.92,25.84,2555090.0,66415798.0,3700653220.8,10222394944.3
sh600971,恒源煤电,2010-06-18,25.9,26.19,25.52,25.81,25.92,2400904.0,62235663.0,3684948288.15,10179012867.0
sh600971,恒源煤电,2010-06-21,25.5,26.68,25.48,26.57,25.81,2653305.0,69696659.0,3793455095.55,10478743583.0
sh600971,恒源煤电,2010-06-22,26.5,26.62,26.27,26.41,26.57,2260195.0,59790026.0,3770611557.15,10415642379.6
sh600971,恒源煤电,2010-06-23,26.14,26.14,25.45,25.91,26.41,1847057.0,47650280.0,3699225499.65,10218451119.1
sh600971,恒源煤电,2010-06-24,25.81,25.95,25.55,25.76,25.91,1274985.0,32787633.0,3677809682.4,10159293741.0
sh600971,恒源煤电,2010-06-25,25.55,25.68,25.26,25.42,25.76,848657.0,21575899.0,3629267163.3,10025203683.8
sh600971,恒源煤电,2010-06-28,25.0,25.72,24.81,24.92,25.42,1323561.0,33193915.0,3557881105.8,9828012423.32
sh600971,恒源煤电,2010-06-30,23.45,23.46,22.58,22.78,24.92,1586669.0,36204058.0,3252348779.7,8984033828.38
sh600971,恒源煤电,2010-07-01,22.71,22.97,21.51,21.61,22.78,2438838.0,53663108.0,3085305405.15,8522606278.81
sh600971,恒源煤电,2010-07-02,21.5,21.52,20.27,21.25,21.61,2400780.0,50269902.0,3033907443.75,8380628571.25
sh600971,恒源煤电,2010-07-05,20.88,21.09,20.33,21.02,21.25,1793499.0,37133460.0,3001069857.3,8289920591.42
sh600971,恒源煤电,2010-07-06,20.77,21.7,20.73,21.63,21.02,1853806.0,39557786.0,3088160847.45,8530493929.23
sh600971,恒源煤电,2010-07-07,21.54,21.77,21.28,21.7,21.63,1687020.0,36261516.0,3098154895.5,8558100705.7
sh600971,恒源煤电,2010-07-08,21.8,21.95,21.3,21.4,21.7,1513410.0,32680277.0,3055323261.0,8439785949.4
sh600971,恒源煤电,2010-07-09,21.4,22.9,21.04,22.64,21.4,3077878.0,68529253.0,3232360683.6,8928820275.44
sh600971,恒源煤电,2010-07-12,22.45,23.38,22.32,22.9,22.64,3576075.0,82051166.0,3269481433.5,9031359730.9
sh600971,恒源煤电,2010-07-13,22.51,22.67,21.95,22.28,22.9,1822861.0,40605243.0,3180962722.2,8786842567.88
sh600971,恒源煤电,2010-07-14,22.48,23.29,22.48,22.64,22.28,2623052.0,59940315.0,3232360683.6,8928820275.44
sh600971,恒源煤电,2010-07-15,22.59,22.84,22.0,22.01,22.64,1777577.0,39762773.0,3142414251.15,8680359287.21
sh600971,恒源煤电,2010-07-16,21.95,22.58,21.8,22.43,22.01,1783550.0,39594562.0,3202378539.45,8845999946.03
sh600971,恒源煤电,2010-07-19,22.43,24.67,22.4,24.67,22.43,5623255.0,134235338.0,3522188077.05,9729416793.07
sh600971,恒源煤电,2010-07-20,25.71,26.78,25.28,26.43,24.67,14104360.0,365690481.0,3773466999.45,10423530030.0
sh600971,恒源煤电,2010-07-21,26.07,26.55,25.8,26.11,26.43,11075104.0,288684256.0,3727779922.65,10297327623.3
sh600971,恒源煤电,2010-07-22,25.79,26.55,25.68,26.51,26.11,7420247.0,194147515.0,3784888768.65,10455080631.7
sh600971,恒源煤电,2010-07-23,26.4,26.8,26.0,26.5,26.51,6299855.0,166074801.0,3783461047.5,10451136806.5
sh600971,恒源煤电,2010-07-26,26.65,27.18,26.08,26.51,26.5,5633448.0,149568270.0,3784888768.65,10455080631.7
sh600971,恒源煤电,2010-07-27,26.17,26.88,25.8,26.3,26.51,4794086.0,126044178.0,3754906624.5,10372260302.3
sh600971,恒源煤电,2010-07-28,26.1,27.21,26.01,27.11,26.3,6614585.0,177449275.0,3870552037.65,10691710144.3
sh600971,恒源煤电,2010-07-29,27.0,28.59,26.62,27.93,27.11,10826444.0,300112093.0,3987625171.95,11015103811.5
sh600971,恒源煤电,2010-07-30,27.61,27.92,27.0,27.17,27.93,4489650.0,122804913.0,3879118364.55,10715373095.6
sh600971,恒源煤电,2010-08-02,27.27,27.94,27.2,27.65,27.17,4380358.0,121209248.0,3947648979.75,10904676705.6
sh600971,恒源煤电,2010-08-03,27.85,28.59,27.4,27.41,27.65,6074071.0,170875434.0,3913383672.15,10810024900.6
sh600971,恒源煤电,2010-08-04,27.2,27.53,26.48,27.52,27.41,4999103.0,134724415.0,3929088604.8,10853406977.9
sh600971,恒源煤电,2010-08-05,27.35,27.44,26.62,26.68,27.52,5423186.0,145797487.0,3809160028.2,10522125660.3
sh600971,恒源煤电,2010-08-06,26.72,27.1,26.16,26.99,26.68,5512497.0,147367413.0,3853419383.85,10644384241.8
sh600971,恒源煤电,2010-08-09,26.7,27.26,26.7,27.21,26.99,5273158.0,142491657.0,3884829249.15,10731148396.4
sh600971,恒源煤电,2010-08-10,27.36,28.32,27.11,27.17,27.21,12321382.0,342027074.0,3879118364.55,10715373095.6
sh600971,恒源煤电,2010-08-11,27.2,29.25,26.9,28.8,27.17,12020449.0,337269337.0,4111836912.0,11358216604.8
sh600971,恒源煤电,2010-08-12,28.46,29.49,28.13,29.04,28.8,9719934.0,279627744.0,4146102219.6,11452868409.8
sh600971,恒源煤电,2010-08-13,28.91,29.35,28.5,29.03,29.04,4853259.0,140407122.0,4144674498.45,11448924584.6
sh600971,恒源煤电,2010-08-16,28.99,31.53,28.99,31.2,29.03,10442312.0,317505726.0,4454489988.0,12304734655.2
sh600971,恒源煤电,2010-08-17,30.85,31.32,30.66,30.78,31.2,7111593.0,220017845.0,4394525699.7,12139093996.4
sh600971,恒源煤电,2010-08-18,30.98,31.75,30.21,30.99,30.78,7289044.0,225510609.0,4424507843.85,12221914325.8
sh600971,恒源煤电,2010-08-19,31.15,31.3,29.8,30.76,30.99,11417180.0,350875684.0,4391670257.4,12131206346.0
sh600971,恒源煤电,2010-08-20,30.5,30.57,29.08,29.13,30.76,7587288.0,224697108.0,4158951709.95,11488362836.7
sh600971,恒源煤电,2010-08-23,29.11,29.62,29.01,29.28,29.13,3476113.0,101832633.0,4180367527.2,11547520214.9
sh600971,恒源煤电,2010-08-24,29.08,29.76,28.65,29.39,29.28,4795627.0,140167493.0,4196072459.85,11590902292.2
sh600971,恒源煤电,2010-08-25,29.08,29.29,28.58,28.59,29.39,3889037.0,112300820.0,4081854767.85,11275396275.4
sh600971,恒源煤电,2010-08-26,29.15,29.78,28.8,29.06,28.59,5282074.0,154892359.0,4148957661.9,11460756060.3
sh600971,恒源煤电,2010-08-27,29.05,29.85,28.8,29.6,29.06,4453766.0,130828566.0,4226054604.0,11673722621.6
sh600971,恒源煤电,2010-08-30,29.91,30.54,29.61,30.34,29.6,6290767.0,189647836.0,4331705969.1,11965565687.1
sh600971,恒源煤电,2010-08-31,30.2,30.2,29.6,30.07,30.34,5834028.0,173992588.0,4293157498.05,11859082406.5
sh600971,恒源煤电,2010-09-01,29.92,30.5,29.38,29.88,30.07,5372678.0,160906474.0,4266030796.2,11784149727.5
sh600971,恒源煤电,2010-09-02,30.56,30.67,29.86,29.95,29.88,5341926.0,160894710.0,4276024844.25,11811756504.0
sh600971,恒源煤电,2010-09-03,30.1,30.25,29.33,29.51,29.95,4790450.0,142387878.0,4213205113.65,11638228194.7
sh600971,恒源煤电,2010-09-06,29.68,30.94,29.5,30.78,29.51,9428095.0,286298013.0,4394525699.7,12139093996.4
sh600971,恒源煤电,2010-09-07,30.89,31.4,30.28,30.65,30.78,7921710.0,244186439.0,4375965324.75,12087824268.6
sh600971,恒源煤电,2010-09-08,30.31,31.14,30.0,31.0,30.65,5360977.0,163377447.0,4425935565.0,12225858151.0
sh600971,恒源煤电,2010-09-09,31.08,31.1,29.74,29.8,31.0,5490091.0,166305303.0,4254609027.0,11752599125.8
sh600971,恒源煤电,2010-09-10,29.7,30.08,29.07,29.78,29.8,4003184.0,118351001.0,4251753584.7,11744711475.4
sh600971,恒源煤电,2010-09-13,29.88,30.38,29.66,29.99,29.78,3378008.0,101446648.0,4281735728.85,11827531804.8
sh600971,恒源煤电,2010-09-14,30.28,30.35,29.71,29.95,29.99,2844966.0,85192698.0,4276024844.25,11811756504.0
sh600971,恒源煤电,2010-09-15,29.9,29.9,28.58,28.73,29.95,4915091.0,143006303.0,4101842863.95,11330609828.3
sh600971,恒源煤电,2010-09-16,28.74,28.98,27.9,28.23,28.73,3013077.0,85241793.0,4030456806.45,11133418567.8
sh600971,恒源煤电,2010-09-17,28.78,28.78,28.18,28.37,28.23,1620870.0,46047630.0,4050444902.55,11188632120.8
sh600971,恒源煤电,2010-09-20,28.25,28.66,28.0,28.2,28.37,1539822.0,43666621.0,4026173643.0,11121587092.2
sh600971,恒源煤电,2010-09-21,28.4,28.98,28.26,28.86,28.2,1737601.0,49753097.0,4120403238.9,11381879556.1
sh600971,恒源煤电,2010-09-27,29.07,29.64,29.0,29.55,28.86,2712422.0,79696209.0,4218915998.25,11654003495.5
sh600971,恒源煤电,2010-09-28,29.55,29.55,28.8,28.92,29.55,2054893.0,59691160.0,4128969565.8,11405542507.3
sh600971,恒源煤电,2010-09-29,28.9,30.8,28.83,29.81,28.92,6751487.0,203329076.0,4256036748.15,11756542951.0
sh600971,恒源煤电,2010-09-30,29.8,30.97,29.6,30.96,29.81,8764016.0,268185849.0,4420224680.4,12210082850.2
sh600971,恒源煤电,2010-10-08,31.81,34.06,31.81,34.06,30.96,17828482.0,600242787.0,4862818236.9,13432668665.3
sh600971,恒源煤电,2010-10-11,35.88,37.47,35.88,36.44,34.06,36062330.0,1336349611.0,5202615870.6,14371299065.2
sh600971,恒源煤电,2010-10-12,36.51,39.3,36.08,38.38,36.44,23108346.0,873880228.0,5479593773.7,15136401156.0
sh600971,恒源煤电,2010-10-13,38.0,40.6,37.51,38.93,38.38,18269989.0,711304388.0,5558118436.95,15353311542.5
sh600971,恒源煤电,2010-10-14,39.0,42.82,39.0,42.82,38.93,23429176.0,962786805.0,6113501964.3,16887459549.2
sh600971,恒源煤电,2010-10-15,42.82,46.99,41.3,44.08,42.82,19347944.0,845193218.0,6293394829.2,17384381525.7
sh600971,恒源煤电,2010-10-18,43.0,44.69,40.9,41.09,44.08,18560285.0,788358639.0,5866506205.35,16205177787.9
sh600971,恒源煤电,2010-10-19,41.1,44.49,40.97,44.28,41.09,18127522.0,769310764.0,6321949252.2,17463258029.9
sh600971,恒源煤电,2010-10-20,44.5,48.71,43.51,48.71,44.28,20635544.0,957630947.0,6954429721.65,19210372597.9
sh600971,恒源煤电,2010-10-21,51.4,51.76,48.5,48.8,48.71,20882854.0,1046177230.0,6967279212.0,19245867024.8
sh600971,恒源煤电,2010-10-22,49.18,51.76,48.5,49.55,48.8,15216052.0,758255650.0,7074358298.25,19541653915.5
sh600971,恒源煤电,2010-10-25,49.5,51.76,48.03,51.05,49.55,17213021.0,863802322.0,7288516470.75,20133227697.0
sh600971,恒源煤电,2010-10-26,51.2,51.67,49.03,49.53,51.05,13558615.0,679203106.0,7071502855.95,19533766265.1
sh600971,恒源煤电,2010-10-27,49.5,50.45,47.3,48.28,49.53,14627758.0,709714672.0,6893037712.2,19040788113.9
sh600971,恒源煤电,2010-10-28,47.6,49.34,47.52,48.08,48.28,9687681.0,469392685.0,6864483289.2,18961911609.7
sh600971,恒源煤电,2010-10-29,48.1,48.82,47.1,47.3,48.08,9323874.0,445128166.0,6753121039.5,18654293243.3
sh600971,恒源煤电,2010-11-01,46.98,51.66,46.6,50.78,47.3,17641913.0,878836471.0,7249967999.7,20026744416.4
sh600971,恒源煤电,2010-11-02,51.0,51.35,48.5,48.54,50.78,17900369.0,886959609.0,6930158462.1,19143327569.3
sh600971,恒源煤电,2010-11-03,48.0,48.5,44.9,45.05,48.54,13808286.0,643099773.0,6431883780.75,17766932571.0
sh600971,恒源煤电,2010-11-04,46.0,48.0,45.52,47.25,45.05,12192874.0,572368735.0,6745982433.75,20717862149.2
sh600971,恒源煤电,2010-11-05,49.27,49.56,47.41,47.78,47.25,9703805.0,469567397.0,6821651654.7,20950252983.9
sh600971,恒源煤电,2010-11-08,47.79,48.21,46.3,47.89,47.78,7711616.0,363996699.0,6837356587.35,20998485044.0
sh600971,恒源煤电,2010-11-09,47.88,50.47,47.01,50.37,47.89,12770436.0,625471946.0,7191431432.55,22085898761.0
sh600971,恒源煤电,2010-11-10,49.59,51.29,49.5,51.14,50.37,12004050.0,607032248.0,7301365961.1,22423523181.2
sh600971,恒源煤电,2010-11-11,51.09,56.25,51.0,54.17,51.14,22256751.0,1226579454.0,7733965469.55,23752097198.4
sh600971,恒源煤电,2010-11-12,54.5,55.59,51.48,51.77,54.17,22229982.0,1190435548.0,7391312393.55,22699761343.2
sh600971,恒源煤电,2010-11-15,52.08,54.2,50.09,52.7,51.77,14801796.0,776851393.0,7524090460.5,23107541487.1
sh600971,恒源煤电,2010-11-16,51.64,52.22,47.43,47.43,52.7,15655437.0,768857196.0,6771681414.45,20796787338.4
sh600971,恒源煤电,2010-11-17,45.0,46.87,43.6,44.4,47.43,13839383.0,623039339.0,6339081906.0,19468213321.2
sh600971,恒源煤电,2010-11-18,45.0,45.6,43.35,44.52,44.4,13486987.0,603905087.0,6356214559.8,19520830114.0
sh600971,恒源煤电,2010-11-19,44.98,44.98,42.28,44.48,44.52,11325038.0,493397749.0,6350503675.2,19503291183.0
sh600971,恒源煤电,2010-11-22,43.9,46.31,43.11,45.64,44.48,10291419.0,463757229.0,6516119328.6,20011920179.7
sh600971,恒源煤电,2010-11-23,44.97,45.26,42.24,44.41,45.64,11162226.0,487461576.0,6340509627.15,19472598053.9
sh600971,恒源煤电,2010-11-24,44.0,45.87,43.9,45.79,44.41,8818049.0,398039414.0,6537535145.85,20077691170.7
sh600971,恒源煤电,2010-11-25,46.61,46.84,45.23,46.08,45.79,7638289.0,351838005.0,6578939059.2,20204848419.8
sh600971,恒源煤电,2010-11-26,46.14,48.12,45.6,46.6,46.08,10989973.0,516569494.0,6653180559.0,20432854521.8
sh600971,恒源煤电,2010-11-29,46.12,46.12,44.88,45.39,46.6,6768723.0,306958674.0,6480426299.85,19902301861.5
sh600971,恒源煤电,2010-11-30,45.15,46.2,42.8,44.68,45.39,8026813.0,357122535.0,6379058098.2,19590985837.6
sh600971,恒源煤电,2010-12-01,44.3,45.6,43.9,44.89,44.68,5583232.0,251407538.0,6409040242.35,19683065225.0
sh600971,恒源煤电,2010-12-02,46.08,47.69,45.7,46.67,44.89,13052711.0,610078252.0,6663174607.05,20463547650.9
sh600971,恒源煤电,2010-12-03,46.5,47.12,45.78,46.6,46.67,5757183.0,267265368.0,6653180559.0,20432854521.8
sh600971,恒源煤电,2010-12-06,47.17,47.64,45.7,46.81,46.6,5835935.0,273210492.0,6683162703.15,20524933909.1
sh600971,恒源煤电,2010-12-07,46.31,48.7,45.0,47.84,46.81,7638819.0,356976399.0,6830217981.6,20976561380.3
sh600971,恒源煤电,2010-12-08,47.8,48.0,46.52,46.59,47.84,6072879.0,287672101.0,6651752837.85,20428469789.1
sh600971,恒源煤电,2010-12-09,46.21,47.2,45.2,45.27,46.59,4245883.0,196872001.0,6463293646.05,19849685068.7
sh600971,恒源煤电,2010-12-10,44.9,47.8,44.53,47.11,45.27,5952713.0,276613188.0,6725994337.65,20656475891.0
sh600971,恒源煤电,2010-12-13,47.5,50.0,47.36,49.96,47.11,10744528.0,523075317.0,7132894865.4,21906124719.1
sh600971,恒源煤电,2010-12-14,50.4,50.4,49.31,49.76,49.96,7908582.0,393547039.0,7104340442.4,21818430064.5
sh600971,恒源煤电,2010-12-15,49.7,52.56,49.6,50.33,49.76,10762516.0,549709632.0,7185720547.95,22068359830.1
sh600971,恒源煤电,2010-12-16,50.65,52.7,50.55,51.34,50.33,9778795.0,507296056.0,7329920384.1,22511217835.8
sh600971,恒源煤电,2010-12-17,51.0,51.61,50.37,51.47,51.34,5346941.0,273142555.0,7348480759.05,22568219361.3
sh600971,恒源煤电,2010-12-20,52.01,53.33,49.08,52.08,51.47,10911830.0,564179171.0,7435571749.2,22835688057.8
sh600971,恒源煤电,2010-12-21,52.01,53.88,51.95,53.54,52.08,11088969.0,588795075.0,7644019037.1,23475859036.4
sh600971,恒源煤电,2010-12-22,53.52,53.87,51.18,51.22,53.54,9840712.0,515582489.0,7312787730.3,22458601043.1
sh600971,恒源煤电,2010-12-23,51.03,51.69,49.99,50.11,51.22,8023050.0,406402777.0,7154310682.65,21971895710.0
sh600971,恒源煤电,2010-12-24,49.64,50.22,48.11,49.09,50.11,4808906.0,235748163.0,7008683125.35,21524652971.6
sh600971,恒源煤电,2010-12-27,49.41,53.99,49.41,50.02,49.09,13268191.0,684033922.0,7141461192.3,21932433115.5
sh600971,恒源煤电,2010-12-28,49.61,49.95,47.8,48.69,50.02,6244743.0,304434339.0,6951574279.35,21349263662.4
sh600971,恒源煤电,2010-12-29,48.6,49.06,47.5,48.43,48.69,5297125.0,254369733.0,6914453529.45,21235260611.4
sh600971,恒源煤电,2010-12-30,48.6,50.6,48.2,50.06,48.43,6266109.0,310351022.0,7147172076.9,21949972046.4
sh600971,恒源煤电,2010-12-31,50.27,52.78,50.01,51.96,50.06,8312452.0,430636549.0,7418439095.4,22783071265.1
sh600971,恒源煤电,2011-01-04,53.03,54.67,52.02,52.17,51.96,13205408.0,703705856.0,7448421239.55,22875150652.4
sh600971,恒源煤电,2011-01-05,51.02,53.73,51.02,53.63,52.17,9878235.0,518160787.0,7656868527.45,23515321631.0
sh600971,恒源煤电,2011-01-06,53.45,53.79,52.45,52.78,53.63,6027703.0,319594132.0,7535512229.7,23142619348.9
sh600971,恒源煤电,2011-01-07,52.3,52.7,50.15,50.89,52.78,8303139.0,427332328.0,7265672932.35,22313904863.0
sh600971,恒源煤电,2011-01-10,50.91,51.78,49.5,49.57,50.89,5486639.0,277759290.0,7077213740.55,21735120142.6
sh600971,恒源煤电,2011-01-11,49.4,50.14,48.7,49.33,49.57,5406314.0,266026798.0,7042948432.95,21629886557.1
sh600971,恒源煤电,2011-01-12,49.84,50.46,49.03,50.01,49.33,3975789.0,197727752.0,7140033471.15,21928048382.7
sh600971,恒源煤电,2011-01-13,50.26,50.55,49.1,49.43,50.01,2883939.0,143118668.0,7057225644.45,21673733884.4
sh600971,恒源煤电,2011-01-14,49.5,49.5,44.7,44.8,49.43,9047177.0,423162270.0,6396190752.0,19643602630.4
sh600971,恒源煤电,2011-01-17,45.0,45.0,43.22,43.59,44.8,6412190.0,281634095.0,6223436492.85,19113049970.1
sh600971,恒源煤电,2011-01-18,43.5,43.95,42.3,42.72,43.59,4027595.0,173117460.0,6099224752.8,18731578222.6
sh600971,恒源煤电,2011-01-19,43.18,44.7,42.88,44.64,42.72,5343747.0,233861479.0,6373347213.6,19573446906.7
sh600971,恒源煤电,2011-01-20,44.2,44.25,40.5,40.98,44.64,7666841.0,323086546.0,5850801272.7,17968634727.5
sh600971,恒源煤电,2011-01-21,40.48,42.5,40.2,41.48,40.98,5164899.0,213431603.0,5922187330.2,18187871364.0
sh600971,恒源煤电,2011-01-24,41.62,41.7,39.48,39.56,41.48,4060969.0,163632878.0,5648064869.4,17346002679.9
sh600971,恒源煤电,2011-01-25,39.6,40.2,39.01,39.69,39.56,2515886.0,99711854.0,5666625244.35,17403004205.4
sh600971,恒源煤电,2011-01-26,39.72,40.78,39.72,40.75,39.69,2557804.0,103402869.0,5817963686.25,17867785874.8
sh600971,恒源煤电,2011-01-27,40.31,42.55,39.91,42.02,40.75,4998208.0,208475076.0,5999284272.3,18424646931.5
sh600971,恒源煤电,2011-01-28,41.8,42.4,41.18,42.19,42.02,3511043.0,146962551.0,6023555531.85,18499187387.9
sh600971,恒源煤电,2011-01-31,42.15,42.55,41.4,42.49,42.19,4607472.0,193595395.0,6066387166.35,18630729369.8
sh600971,恒源煤电,2011-02-01,42.99,43.8,42.53,42.9,42.49,4262159.0,183570651.0,6124923733.5,18810503411.7
sh600971,恒源煤电,2011-02-09,42.0,42.49,40.02,40.15,42.9,5095809.0,210070187.0,5732300417.25,17604701911.0
sh600971,恒源煤电,2011-02-10,40.05,41.7,39.4,41.62,40.15,3968373.0,161454286.0,5942175426.3,18249257622.3
sh600971,恒源煤电,2011-02-11,41.85,42.59,41.41,42.11,41.62,4753221.0,199508542.0,6012133762.65,18464109526.0
sh600971,恒源煤电,2011-02-14,42.31,44.69,42.2,44.14,42.11,8800430.0,385648845.0,6301961156.1,19354210270.2
sh600971,恒源煤电,2011-02-15,44.45,44.79,43.71,43.98,44.14,7290380.0,323306103.0,6279117617.7,19284054546.5
sh600971,恒源煤电,2011-02-16,43.51,45.3,43.51,45.26,43.98,6793030.0,303839787.0,6461865924.9,19845300336.0
sh600971,恒源煤电,2011-02-17,45.4,45.4,44.0,44.9,45.26,6297760.0,281453461.0,6410467963.5,19687449957.7
sh600971,恒源煤电,2011-02-18,44.73,44.73,43.6,43.85,44.9,4833115.0,213128055.0,6260557242.75,19227053021.0
sh600971,恒源煤电,2011-02-21,43.36,45.23,43.36,45.05,43.85,4794660.0,213033979.0,6431883780.75,19753220948.7
sh600971,恒源煤电,2011-02-22,45.6,45.88,43.5,43.75,45.05,6586480.0,293894634.0,6246280031.25,19183205693.8
sh600971,恒源煤电,2011-02-23,43.72,44.12,43.37,43.76,43.75,3425778.0,149660280.0,6247707752.4,19187590426.5
sh600971,恒源煤电,2011-02-24,44.01,45.35,44.0,44.89,43.76,5584490.0,250036250.0,6409040242.35,19683065225.0
sh600971,恒源煤电,2011-02-25,44.9,44.9,43.71,44.58,44.89,3067739.0,135843160.0,6364780886.7,19547138510.3
sh600971,恒源煤电,2011-02-28,44.6,45.5,44.1,45.47,44.58,4539349.0,203949724.0,6491848069.05,19937379723.3
sh600971,恒源煤电,2011-03-01,45.3,46.18,44.64,45.32,45.47,6247311.0,283332245.0,6470432251.8,19871608732.4
sh600971,恒源煤电,2011-03-02,45.3,45.58,44.15,44.83,45.32,4490640.0,201106564.0,6400473915.45,19656756828.6
sh600971,恒源煤电,2011-03-03,45.2,45.48,43.9,43.93,44.83,3999722.0,178774802.0,6271979011.95,19262130882.9
sh600971,恒源煤电,2011-03-04,44.01,45.45,43.7,45.12,43.93,5425887.0,242924394.0,6441877828.8,19783914077.8
sh600971,恒源煤电,2011-03-07,45.61,49.19,45.51,49.0,45.12,14721036.0,702899843.0,6995833635.0,21485190377.0
sh600971,恒源煤电,2011-03-08,49.1,49.1,47.61,48.37,49.0,8213492.0,396109393.0,6905887202.55,21208952215.0
sh600971,恒源煤电,2011-03-09,48.2,48.56,47.61,48.18,48.37,5036932.0,241610463.0,6878760500.7,21125642293.1
sh600971,恒源煤电,2011-03-10,48.03,48.03,46.57,46.7,48.18,5567661.0,261807556.0,6667457770.5,20476701849.1
sh600971,恒源煤电,2011-03-11,46.55,51.05,46.4,49.12,46.7,13242856.0,652523534.0,7012966288.8,21537807169.8
sh600971,恒源煤电,2011-03-14,48.76,51.28,47.7,51.06,49.12,14596494.0,727334655.0,7289944191.9,22388445319.4
sh600971,恒源煤电,2011-03-15,47.5,47.5,45.95,45.95,51.06,9775975.0,452246161.0,6560378684.25,20147846894.3
sh600971,恒源煤电,2011-03-16,44.04,45.52,44.04,44.99,45.95,18286719.0,819603597.0,6423317453.85,19726912552.3
sh600971,恒源煤电,2011-03-17,44.4,45.86,43.21,44.08,44.99,10373317.0,461591831.0,6293394829.2,19327901873.8
sh600971,恒源煤电,2011-03-18,44.98,45.1,43.9,44.04,44.08,6167919.0,272993159.0,6287683944.6,19310362942.9
sh600971,恒源煤电,2011-03-21,44.21,44.59,43.3,43.62,44.04,5606183.0,246220586.0,6227719656.3,19126204168.3
sh600971,恒源煤电,2011-03-22,43.8,43.89,42.63,43.29,43.62,4981352.0,214893142.0,6180604858.35,18981507988.2
sh600971,恒源煤电,2011-03-23,43.63,44.5,43.36,44.25,43.29,5725963.0,252059621.0,6317666088.75,19402442330.2
sh600971,恒源煤电,2011-03-24,44.46,44.7,43.65,43.69,44.25,4654038.0,204912949.0,6237713704.35,19156897297.4
sh600971,恒源煤电,2011-03-25,43.69,44.3,43.37,43.84,43.69,5544129.0,243056460.0,6259129521.6,19222668288.3
sh600971,恒源煤电,2011-03-28,43.93,45.48,43.93,44.59,43.84,9368419.0,420113274.0,6366208607.85,19551523243.1
sh600971,恒源煤电,2011-03-29,44.5,45.14,43.7,43.84,44.59,5937104.0,263410467.0,6259129521.6,19222668288.3
sh600971,恒源煤电,2011-03-30,43.84,44.09,42.79,42.81,43.84,4856621.0,209609733.0,6112074243.15,18771040817.1
sh600971,恒源煤电,2011-03-31,43.08,43.18,41.4,41.71,42.81,4286852.0,180765221.0,5955024916.65,18288720216.8
sh600971,恒源煤电,2011-04-01,42.1,43.83,41.72,43.8,41.71,4905296.0,210100084.0,6253418637.0,19205129357.4
sh600971,恒源煤电,2011-04-06,43.35,45.22,43.2,44.91,43.8,10197450.0,454887763.0,6411895684.65,19691834690.4
sh600971,恒源煤电,2011-04-07,44.88,44.9,44.1,44.34,44.91,3860027.0,171539643.0,6330515579.1,19441904924.8
sh600971,恒源煤电,2011-04-11,45.0,45.75,44.65,44.77,44.34,7804227.0,353933000.0,6391907588.55,19630448432.2
sh600971,恒源煤电,2011-04-12,44.49,44.49,42.53,43.04,44.77,5679994.0,248062413.0,6144911829.6,18871889669.9
sh600971,恒源煤电,2011-04-13,42.8,43.48,42.08,43.47,43.04,4291275.0,182910476.0,6206303839.05,19060433177.3
sh600971,恒源煤电,2011-04-14,43.27,43.27,42.11,42.46,43.47,5021364.0,213374399.0,6062104002.9,18617575171.6
sh600971,恒源煤电,2011-04-15,42.61,42.77,42.11,42.67,42.46,2611054.0,110783864.0,6092086147.05,18709654558.9
sh600971,恒源煤电,2011-04-18,42.88,43.42,42.59,42.82,42.67,2810671.0,120813085.0,6113501964.3,18775425549.9
sh600971,恒源煤电,2011-04-19,42.59,42.59,41.9,41.92,42.82,3350219.0,141111752.0,5985007060.8,18380799604.2
sh600971,恒源煤电,2011-04-20,42.3,42.49,42.0,42.37,41.92,2105922.0,88925858.0,6049254512.55,18578112577.0
sh600971,恒源煤电,2011-04-21,42.9,43.8,42.65,43.37,42.37,4789133.0,207469751.0,6192026627.55,19016585850.0
sh600971,XD恒源煤,2011-04-22,42.5,42.7,41.65,41.91,42.57,2808520.0,117881273.0,5983579339.65,18376414871.4
sh600971,恒源煤电,2011-04-25,41.7,41.7,40.06,40.2,41.91,4170073.0,168704405.0,5739439023.0,17626625574.6
sh600971,恒源煤电,2011-04-26,40.01,40.43,39.52,39.67,40.2,2635160.0,105075465.0,5663769802.05,17394234739.9
sh600971,恒源煤电,2011-04-27,39.9,40.18,39.12,39.47,39.67,1998855.0,79390542.0,5635215379.05,17306540085.3
sh600971,恒源煤电,2011-04-28,39.84,39.88,38.7,38.77,39.47,1978676.0,77784482.0,5535274898.55,16999608794.2
sh600971,恒源煤电,2011-04-29,38.65,39.58,38.65,39.52,38.77,1668411.0,65545170.0,5642353984.8,17328463749.0
sh600971,恒源煤电,2011-05-03,39.55,39.6,38.73,39.18,39.52,1901177.0,74201298.0,5593811465.7,17179382836.1
sh600971,恒源煤电,2011-05-04,39.24,39.24,37.08,37.31,39.18,3359472.0,127224110.0,5326827610.65,16359437815.6
sh600971,恒源煤电,2011-05-05,37.11,37.58,37.03,37.21,37.31,1702564.0,63372705.0,5312550399.15,16315590488.3
sh600971,恒源煤电,2011-05-06,36.0,37.19,35.81,36.64,37.21,2244896.0,81817390.0,5231170293.6,16065660722.7
sh600971,恒源煤电,2011-05-09,36.62,37.68,36.62,37.27,36.64,1723079.0,64412443.0,5321116726.05,16341898884.7
sh600971,恒源煤电,2011-05-10,37.7,38.29,37.7,38.27,37.27,2119327.0,80646014.0,5463888841.05,16780372157.7
sh600971,恒源煤电,2011-05-11,38.38,38.38,37.52,37.95,38.27,1723564.0,65416216.0,5418201764.25,16640060710.4
sh600971,恒源煤电,2011-05-12,37.48,37.77,36.93,36.94,37.95,2000725.0,74495818.0,5274001928.1,16197202704.6
sh600971,恒源煤电,2011-05-13,37.1,37.85,36.98,37.79,36.94,1735741.0,64896526.0,5395358225.85,16569904986.7
sh600971,恒源煤电,2011-05-16,37.68,37.75,36.9,36.99,37.79,2324716.0,86706748.0,5281140533.85,16219126368.3
sh600971,恒源煤电,2011-05-17,36.88,39.7,36.85,38.93,36.99,5253759.0,203838038.0,5558118436.95,17069764517.9
sh600971,恒源煤电,2011-05-18,38.5,39.66,38.01,39.1,38.93,4060415.0,158573487.0,5582389696.5,17144304974.3
sh600971,恒源煤电,2011-05-19,39.23,39.6,38.58,38.59,39.1,1725201.0,67086718.0,5509575917.85,16920683605.1
sh600971,恒源煤电,2011-05-20,38.58,38.88,38.45,38.69,38.59,1199819.0,46417078.0,5523853129.35,16964530932.4
sh600971,恒源煤电,2011-05-23,38.72,38.75,37.2,37.25,38.69,2607192.0,98752981.0,5318261283.75,16333129419.2
sh600971,恒源煤电,2011-05-24,37.02,37.57,37.0,37.39,37.25,1995881.0,74438067.0,5338249379.85,16394515677.5
sh600971,恒源煤电,2011-05-25,36.41,37.85,36.41,37.4,37.39,1796825.0,67393045.0,5339677101.0,16398900410.2
sh600971,恒源煤电,2011-05-26,37.9,38.3,37.12,37.21,37.4,1394114.0,52378482.0,5312550399.15,16315590488.3
sh600971,恒源煤电,2011-05-27,37.75,38.68,37.1,37.66,37.21,2914992.0,110646386.0,5376797850.9,16512903461.2
sh600971,恒源煤电,2011-05-30,37.55,37.9,37.02,37.31,37.66,1930478.0,72230225.0,5326827610.65,16359437815.6
sh600971,恒源煤电,2011-05-31,37.16,38.6,36.49,38.41,37.31,3232403.0,121261881.0,5483876937.15,16841758415.9
sh600971,恒源煤电,2011-06-01,38.47,38.6,38.0,38.21,38.41,2092705.0,80249544.0,5455322514.15,16754063761.3
sh600971,恒源煤电,2011-06-02,37.85,39.18,37.24,39.0,38.21,5193459.0,199520599.0,5568112485.0,17100457647.0
sh600971,恒源煤电,2011-06-03,38.9,39.68,38.59,39.13,39.0,3537752.0,138718711.0,5586672859.95,17157459172.5
sh600971,恒源煤电,2011-06-07,38.87,39.14,38.68,39.03,39.13,1586576.0,61692124.0,5572395648.45,17113611845.2
sh600971,恒源煤电,2011-06-08,38.97,38.97,38.26,38.68,39.03,1615583.0,62415140.0,5522425408.2,16960146199.6
sh600971,恒源煤电,2011-06-09,38.68,39.2,38.01,38.16,38.68,1704587.0,65837516.0,5448183908.4,16732140097.7
sh600971,恒源煤电,2011-06-10,38.11,38.35,37.6,38.11,38.16,1457948.0,55229791.0,5441045302.65,16710216434.0
sh600971,恒源煤电,2011-06-13,37.8,38.18,37.48,37.9,38.11,1044811.0,39556853.0,5411063158.5,16618137046.7
sh600971,恒源煤电,2011-06-14,37.9,38.78,37.71,38.68,37.9,1517355.0,58418042.0,5522425408.2,16960146199.6
sh600971,恒源煤电,2011-06-15,38.68,39.2,38.4,38.43,38.68,1770326.0,68720950.0,5486732379.45,16850527881.4
sh600971,恒源煤电,2011-06-16,38.0,38.27,37.5,37.53,38.43,1428953.0,53931849.0,5358237475.95,16455901935.7
sh600971,恒源煤电,2011-06-17,37.55,38.38,37.28,37.31,37.53,1303417.0,49247286.0,5326827610.65,16359437815.6
sh600971,恒源煤电,2011-06-20,37.01,37.74,37.01,37.36,37.31,1091526.0,40819540.0,5333966216.4,16381361479.3
sh600971,恒源煤电,2011-06-21,37.54,38.64,37.54,38.45,37.36,2049931.0,78189619.0,5489587821.75,16859297346.9
sh600971,恒源煤电,2011-06-22,38.5,38.7,38.03,38.16,38.45,1035333.0,39632647.0,5448183908.4,16732140097.7
sh600971,恒源煤电,2011-06-23,37.87,39.09,37.83,38.86,38.16,2126814.0,82042377.0,5548124388.9,17039071388.8
sh600971,恒源煤电,2011-06-24,38.75,39.68,38.4,39.41,38.86,6076478.0,238797669.0,5626649052.15,17280231688.9
sh600971,恒源煤电,2011-06-27,39.47,40.25,39.27,39.78,39.41,3745101.0,148882950.0,5679474734.7,17442466799.9
sh600971,恒源煤电,2011-06-28,39.95,39.97,39.29,39.64,39.78,2834106.0,112224384.0,5659486638.6,17381080541.7
sh600971,恒源煤电,2011-06-29,39.64,40.65,39.64,39.72,39.64,5155297.0,206800395.0,5670908407.8,17416158403.6
sh600971,恒源煤电,2011-06-30,40.0,40.68,39.68,40.36,39.72,3748832.0,151091383.0,5762282561.4,17696781298.3
sh600971,恒源煤电,2011-07-01,40.44,44.4,40.28,44.01,40.36,19367774.0,838481458.0,6283400781.15,19297208744.7
sh600971,恒源煤电,2011-07-04,43.77,44.58,43.43,44.41,44.01,12519224.0,551702702.0,6340509627.15,19472598053.9
sh600971,恒源煤电,2011-07-05,44.08,45.36,44.08,45.06,44.41,8100400.0,362577370.0,6433311501.9,19757605681.4
sh600971,恒源煤电,2011-07-06,44.82,44.99,43.78,44.29,45.06,4937246.0,218997914.0,6323376973.35,19419981261.2
sh600971,恒源煤电,2011-07-07,44.35,45.18,43.82,43.84,44.29,5557673.0,247624513.0,6259129521.6,19222668288.3
sh600971,恒源煤电,2011-07-08,43.69,44.22,43.32,44.03,43.84,3146096.0,138026652.0,6286256223.45,19305978210.2
sh600971,恒源煤电,2011-07-11,43.63,45.38,43.61,44.94,44.03,5017444.0,224332332.0,6416178848.1,19704988888.6
sh600971,恒源煤电,2011-07-14,49.43,49.43,49.43,49.43,44.94,4338861.0,214469899.0,7057225644.45,21673733884.4
sh600971,恒源煤电,2011-07-15,52.02,54.18,51.32,51.87,49.43,30758550.0,1609844746.0,7405589605.05,22743608670.5
sh600971,恒源煤电,2011-07-18,51.92,54.96,51.92,53.71,51.87,17896064.0,958406414.0,7668290296.65,23550399492.8
sh600971,恒源煤电,2011-07-19,53.08,54.31,52.71,53.01,53.71,10789170.0,576725145.0,7568349816.15,23243468201.7
sh600971,恒源煤电,2011-07-20,53.3,54.0,52.28,53.03,53.01,8287998.0,439053720.0,7571205258.45,23252237667.2
sh600971,恒源煤电,2011-07-21,53.0,54.15,52.45,53.07,53.03,11458694.0,611086057.0,7576916143.05,23269776598.1
sh600971,恒源煤电,2011-07-22,53.34,53.34,51.85,51.91,53.07,9839734.0,517024332.0,7411300489.65,22761147601.4
sh600971,恒源煤电,2011-07-25,51.77,52.2,50.1,50.25,51.91,10967386.0,561210434.0,7174298778.75,22033281968.2
sh600971,恒源煤电,2011-07-26,50.4,50.88,49.41,49.98,50.25,7183391.0,359598873.0,7135750307.7,21914894184.5
sh600971,恒源煤电,2011-07-27,49.52,51.18,49.45,50.71,49.98,9603438.0,483029223.0,7239973951.65,22234979673.8
sh600971,恒源煤电,2011-07-28,50.0,50.98,49.62,50.52,50.71,8109937.0,408476850.0,7212847249.8,22151669752.0
sh600971,恒源煤电,2011-07-29,50.53,51.16,49.49,49.51,50.52,6138266.0,307768989.0,7068647413.65,21708811746.2
sh600971,恒源煤电,2011-08-01,49.53,50.77,49.36,50.68,49.51,4816165.0,242683909.0,7235690788.2,22221825475.6
sh600971,恒源煤电,2011-08-02,50.3,50.97,49.4,50.88,50.68,5319967.0,267388280.0,7264245211.2,22309520130.2
sh600971,恒源煤电,2011-08-03,50.32,51.59,50.11,50.6,50.88,5681218.0,289298561.0,7224269019.0,22186747613.8
sh600971,恒源煤电,2011-08-04,50.56,51.5,50.56,51.22,50.6,4370319.0,222858869.0,7312787730.3,22458601043.1
sh600971,恒源煤电,2011-08-05,49.55,50.37,49.11,49.19,51.22,6800736.0,339090771.0,7022960336.85,21568500298.9
sh600971,恒源煤电,2011-08-08,48.51,48.88,46.22,47.29,49.19,8722014.0,415931470.0,6751693318.35,20735401080.2
sh600971,恒源煤电,2011-08-09,46.1,48.1,46.0,47.6,47.29,5912586.0,277880977.0,6795952674.0,20871327794.8
sh600971,恒源煤电,2011-08-10,48.4,48.8,47.57,47.71,47.6,5857318.0,282326662.0,6811657606.65,20919559854.8
sh600971,恒源煤电,2011-08-11,46.8,48.5,46.7,48.4,47.71,3950060.0,189339865.0,6910170366.0,21222106413.2
sh600971,恒源煤电,2011-08-12,48.98,49.0,48.0,48.21,48.4,3783587.0,183507430.0,6883043664.15,21138796491.3
sh600971,恒源煤电,2011-08-15,48.25,48.75,47.81,48.73,48.21,3128981.0,151128015.0,6957285163.95,21366802593.3
sh600971,恒源煤电,2011-08-16,48.97,49.89,48.71,49.46,48.73,5334023.0,263851239.0,7061508807.9,21686888082.6
sh600971,恒源煤电,2011-08-17,49.3,49.5,48.67,48.75,49.46,2436191.0,119403546.0,6960140606.25,21375572058.8
sh600971,恒源煤电,2011-08-18,48.65,48.99,47.5,47.51,48.75,2958497.0,142652891.0,6783103183.65,20831865200.2
sh600971,恒源煤电,2011-08-19,46.72,47.47,46.31,46.77,47.51,2960873.0,138460729.0,6677451818.55,20507394978.2
sh600971,恒源煤电,2011-08-22,46.99,47.96,46.69,47.09,46.77,2290635.0,108435634.0,6723138895.35,20647706425.6
sh600971,恒源煤电,2011-08-23,47.25,48.92,47.12,48.68,47.09,4178974.0,201906918.0,6950146558.2,21344878929.6
sh600971,恒源煤电,2011-08-24,48.8,49.1,48.29,48.49,48.68,2871660.0,139675815.0,6923019856.35,21261569007.8
sh600971,恒源煤电,2011-08-25,48.55,51.35,48.3,50.99,48.49,9597425.0,483016550.0,7279950143.85,22357752190.3
sh600971,恒源煤电,2011-08-26,50.5,51.04,50.22,50.9,50.99,4032606.0,204348277.0,7267100653.5,22318289595.7
sh600971,恒源煤电,2011-08-29,50.5,50.6,49.48,49.88,50.9,4533322.0,226627407.0,7121473096.2,21871046857.2
sh600971,恒源煤电,2011-08-30,50.33,51.1,48.41,48.44,49.88,7663418.0,383682591.0,6915881250.6,21239645344.1
sh600971,恒源煤电,2011-08-31,48.35,48.58,47.36,48.19,48.44,4133818.0,197967153.0,6880188221.85,21130027025.9
sh600971,恒源煤电,2011-09-01,48.1,48.5,47.2,47.27,48.19,3587817.0,171115022.0,6748837876.05,20726631614.7
sh600971,恒源煤电,2011-09-02,47.4,47.6,46.41,47.47,47.27,3502076.0,164461518.0,6777392299.05,20814326269.3
sh600971,恒源煤电,2011-09-05,46.8,47.2,46.02,46.08,47.47,2852684.0,133129685.0,6578939059.2,20204848419.8
sh600971,恒源煤电,2011-09-06,45.4,46.06,44.75,45.29,46.08,3352080.0,152365364.0,6466149088.35,19858454534.2
sh600971,恒源煤电,2011-09-07,45.6,46.74,45.3,46.58,45.29,3741158.0,172293736.0,6650325116.7,20424085056.3
sh600971,恒源煤电,2011-09-08,46.98,46.98,45.92,45.95,46.58,3122635.0,145219488.0,6560378684.25,20147846894.3
sh600971,恒源煤电,2011-09-09,45.98,46.72,45.56,45.72,45.95,2121183.0,97744247.0,6527541097.8,20046998041.6
sh600971,恒源煤电,2011-09-13,45.11,46.5,45.1,46.49,45.72,2648934.0,121566837.0,6637475626.35,20384622461.8
sh600971,恒源煤电,2011-09-14,46.55,46.77,45.8,46.52,46.49,3352472.0,155596860.0,6641758789.8,20397776660.0
sh600971,恒源煤电,2011-09-16,46.9,47.2,46.41,46.45,46.52,2944611.0,137937361.0,6631764741.75,20367083530.8
sh600971,恒源煤电,2011-09-19,45.0,45.85,44.38,44.42,46.45,2841292.0,127717676.0,6341937348.3,19476982786.7
sh600971,恒源煤电,2011-09-20,44.34,44.65,43.9,44.34,44.42,2716637.0,120272025.0,6330515579.1,19441904924.8
sh600971,恒源煤电,2011-09-21,44.5,47.18,44.25,46.88,44.34,8688899.0,398536566.0,6693156751.2,20555627038.2
sh600971,恒源煤电,2011-09-22,45.9,46.29,44.81,44.9,46.88,5965351.0,271939740.0,6410467963.5,19687449957.7
sh600971,恒源煤电,2011-09-23,44.0,45.58,43.81,45.52,44.9,3855592.0,172352619.0,6498986674.8,19959303387.0
sh600971,恒源煤电,2011-09-26,45.52,46.5,45.08,45.78,45.52,5028771.0,230416264.0,6536107424.7,20073306437.9
sh600971,恒源煤电,2011-09-27,46.25,47.18,46.0,46.97,45.78,5712665.0,267067554.0,6706006241.55,20595089632.8
sh600971,恒源煤电,2011-09-28,47.28,47.35,45.0,45.08,46.97,5335335.0,246596727.0,6436166944.2,19766375146.8
sh600971,恒源煤电,2011-09-29,45.0,45.5,43.68,43.8,45.08,4950500.0,220734911.0,6253418637.0,19205129357.4
sh600971,XR恒源煤,2011-09-30,19.33,20.62,19.28,19.32,19.21,10390599.0,206546924.0,6290847487.68,19320078632.4
sh600971,恒源煤电,2011-10-10,19.3,19.31,17.63,17.67,19.32,11838461.0,217586627.0,5753585668.08,17670071916.9
sh600971,恒源煤电,2011-10-11,18.3,18.38,15.96,16.49,17.67,17706257.0,299913863.0,5369362063.76,16490067114.3
sh600971,恒源煤电,2011-10-12,16.35,17.08,15.85,17.0,16.49,10014882.0,166742163.0,5535424808.0,17000069190.0
sh600971,恒源煤电,2011-10-13,16.78,17.5,16.68,17.28,17.0,9327132.0,160095521.0,5626596510.72,17280070329.6
sh600971,恒源煤电,2011-10-14,17.4,17.79,17.22,17.53,17.28,9030871.0,158414050.0,5707999816.72,17530071347.1
sh600971,恒源煤电,2011-10-17,17.65,17.8,17.12,17.3,17.53,5879370.0,102259162.0,5633108775.2,17300070411.0
sh600971,恒源煤电,2011-10-18,17.01,17.1,16.33,16.46,17.3,7031632.0,117475125.0,5359593667.04,16460066992.2
sh600971,恒源煤电,2011-10-19,16.6,16.87,16.23,16.66,16.46,4613100.0,76509673.0,5424716311.84,16660067806.2
sh600971,恒源煤电,2011-10-20,16.6,16.6,15.66,15.9,16.66,6026739.0,96498485.0,5177250261.6,15900064713.0
sh600971,恒源煤电,2011-10-21,15.61,16.08,15.61,15.68,15.9,3738205.0,59111647.0,5105615352.32,15680063817.6
sh600971,恒源煤电,2011-10-24,15.84,16.22,15.44,16.19,15.68,6111842.0,97149037.0,5271678096.56,16190065893.3
sh600971,恒源煤电,2011-10-25,16.3,17.13,15.81,16.78,16.19,11371172.0,188075097.0,5463789898.72,16780068294.6
sh600971,恒源煤电,2011-10-26,16.55,17.13,16.47,16.65,16.78,10927241.0,183764162.0,5421460179.6,16650067765.5
sh600971,恒源煤电,2011-10-27,16.7,17.06,16.62,16.75,16.65,6804525.0,114501282.0,5454021502.0,16750068172.5
sh600971,恒源煤电,2011-10-28,17.17,18.15,17.01,18.11,16.75,20382214.0,359637990.0,5896855486.64,18110073707.7
sh600971,恒源煤电,2011-10-31,18.0,18.3,17.66,17.83,18.11,13922841.0,249598904.0,5805683783.92,17830072568.1
sh600971,恒源煤电,2011-11-01,17.6,18.01,17.43,17.63,17.83,10697678.0,189425574.0,5740561139.12,17630071754.1
sh600971,恒源煤电,2011-11-02,17.15,17.56,16.72,17.54,17.63,20791104.0,354245376.0,7475000699.38,17540071387.8
sh600971,恒源煤电,2011-11-03,17.66,18.1,17.35,17.54,17.54,22488295.0,397842240.0,7475000699.38,17540071387.8
sh600971,恒源煤电,2011-11-04,17.76,17.98,17.4,17.68,17.54,13088860.0,231237731.0,7534664330.96,17680071957.6
sh600971,恒源煤电,2011-11-07,17.56,17.95,17.31,17.4,17.68,14037062.0,247390111.0,7415337067.8,17400070818.0
sh600971,恒源煤电,2011-11-08,17.5,18.12,17.43,17.98,17.4,23190906.0,414822832.0,7662514970.06,17980073178.6
sh600971,恒源煤电,2011-11-09,18.07,18.3,17.53,18.06,17.98,17430193.0,312691851.0,7696608473.82,18060073504.2
sh600971,恒源煤电,2011-11-10,17.77,17.94,17.61,17.65,18.06,12396110.0,220084449.0,7521879267.05,17650071835.5
sh600971,恒源煤电,2011-11-11,17.87,18.15,17.71,17.78,17.65,14219350.0,255284061.0,7577281210.66,17780072364.6
sh600971,恒源煤电,2011-11-14,18.1,18.88,17.93,18.77,17.78,24976485.0,461781818.0,7999188319.69,18770076393.9
sh600971,恒源煤电,2011-11-15,18.7,18.8,18.45,18.65,18.77,14547987.0,270821252.0,7948048064.05,18650075905.5
sh600971,恒源煤电,2011-11-16,18.6,18.75,17.7,17.84,18.65,16096026.0,292566509.0,7602851338.48,17840072608.8
sh600971,恒源煤电,2011-11-17,17.96,18.14,17.66,17.86,17.84,7848513.0,140546801.0,7611374714.42,17860072690.2
sh600971,恒源煤电,2011-11-18,17.66,17.7,16.95,17.17,17.86,11590954.0,199666155.0,7317318244.49,17170069881.9
sh600971,恒源煤电,2011-11-21,17.0,17.19,16.6,16.83,17.17,9367782.0,157704369.0,7172420853.51,16830068498.1
sh600971,恒源煤电,2011-11-22,16.66,16.88,16.4,16.76,16.83,6319598.0,105348687.0,7142589037.72,16760068213.2
sh600971,恒源煤电,2011-11-23,16.8,16.89,16.23,16.33,16.76,8988466.0,148300603.0,6959336455.01,16330066463.1
sh600971,恒源煤电,2011-11-24,16.0,16.42,15.77,16.12,16.33,8685254.0,139081627.0,6869841007.64,16120065608.4
sh600971,恒源煤电,2011-11-25,16.1,16.38,15.96,16.0,16.12,5053577.0,81367814.0,6818700752.0,16000065120.0
sh600971,恒源煤电,2011-11-28,16.12,16.25,15.9,16.05,16.0,5034103.0,80903240.0,6840009191.85,16050065323.5
sh600971,恒源煤电,2011-11-29,16.35,16.35,16.14,16.34,16.05,8808622.0,143202932.0,6963598142.98,16340066503.8
sh600971,恒源煤电,2011-11-30,16.29,16.29,15.3,15.4,16.34,9537865.0,150229199.0,6562999473.8,15400062678.0
sh600971,恒源煤电,2011-12-01,16.15,16.2,15.68,15.7,15.4,11187569.0,178630209.0,6690850112.9,15700063899.0
sh600971,恒源煤电,2011-12-02,15.5,15.58,15.24,15.45,15.7,6511292.0,100010380.0,6584307913.65,15450062881.5
sh600971,恒源煤电,2011-12-05,15.41,15.46,14.9,14.95,15.45,4179861.0,63099065.0,6371223515.15,14950060846.5
sh600971,恒源煤电,2011-12-06,14.9,15.2,14.82,15.09,14.95,3386931.0,50901107.0,6430887146.73,15090061416.3
sh600971,恒源煤电,2011-12-07,15.4,15.55,15.18,15.25,15.09,4639129.0,71107516.0,6499074154.25,15250062067.5
sh600971,恒源煤电,2011-12-08,15.01,15.34,14.8,15.09,15.25,4848154.0,73019167.0,6430887146.73,15090061416.3
sh600971,恒源煤电,2011-12-09,14.81,15.16,14.81,14.99,15.09,2932944.0,43896208.0,6388270267.03,14990061009.3
sh600971,恒源煤电,2011-12-12,15.0,15.07,14.65,14.67,14.99,3465013.0,51545135.0,6251896251.99,14670059706.9
sh600971,恒源煤电,2011-12-13,14.51,14.62,13.9,13.91,14.67,7019246.0,98881688.0,5928007966.27,13910056613.7
sh600971,恒源煤电,2011-12-14,13.91,14.09,13.3,13.44,13.91,5249175.0,71936680.0,5727708631.68,13440054700.8
sh600971,恒源煤电,2011-12-15,13.18,13.27,12.5,12.56,13.44,8917434.0,114365147.0,5352680090.32,12560051119.2
sh600971,恒源煤电,2011-12-16,12.6,13.07,12.35,13.04,12.56,8018105.0,101681353.0,5557241112.88,13040053072.8
sh600971,恒源煤电,2011-12-19,12.8,13.01,12.4,12.94,13.04,6307731.0,80031537.0,5514624233.18,12940052665.8
sh600971,恒源煤电,2011-12-20,12.83,13.19,12.83,12.96,12.94,6059316.0,79126052.0,5523147609.12,12960052747.2
sh600971,恒源煤电,2011-12-21,13.25,13.3,12.6,12.61,12.96,6103472.0,79437301.0,5373988530.17,12610051322.7
sh600971,恒源煤电,2011-12-23,12.65,13.5,12.65,13.22,12.61,11016689.0,144800045.0,5633951496.34,13220053805.4
sh600971,恒源煤电,2011-12-26,13.1,13.43,12.96,13.18,13.22,5629718.0,74577461.0,5616904744.46,13180053642.6
sh600971,恒源煤电,2011-12-27,13.18,13.33,12.92,13.0,13.18,3979189.0,52154885.0,5540194361.0,13000052910.0
sh600971,恒源煤电,2011-12-28,12.85,13.04,12.49,12.96,13.0,5993218.0,76510304.0,5523147609.12,12960052747.2
sh600971,恒源煤电,2011-12-29,12.85,13.15,12.68,13.01,12.96,4511380.0,58645553.0,5544456048.97,13010052950.7
sh600971,恒源煤电,2011-12-30,13.19,13.38,13.07,13.23,13.01,6720969.0,88843298.0,5638213184.31,13230053846.1
sh600971,恒源煤电,2012-01-04,13.45,13.5,12.53,12.57,13.23,6412637.0,83843081.0,5356941778.29,12570051159.9
sh600971,恒源煤电,2012-01-05,12.5,12.7,12.12,12.2,12.57,7460937.0,93094268.0,5199259323.4,12200049654.0
sh600971,恒源煤电,2012-01-06,12.2,12.46,11.9,12.44,12.2,4896662.0,59587561.0,5301539834.68,12440050630.8
sh600971,恒源煤电,2012-01-09,12.4,13.68,12.22,13.68,12.44,15484798.0,207766364.0,5829989142.96,13680055677.6
sh600971,恒源煤电,2012-01-10,14.29,15.05,14.18,15.05,13.68,33217048.0,485657224.0,6413840394.85,15050061253.5
sh600971,恒源煤电,2012-01-11,15.79,16.56,15.55,16.56,15.05,75842531.0,1233180585.0,7057355278.32,16560067399.2
sh600971,恒源煤电,2012-01-12,16.46,16.58,15.95,16.24,16.56,40449382.0,654207822.0,6920981263.28,16240066096.8
sh600971,恒源煤电,2012-01-13,16.09,16.36,15.36,15.7,16.24,39783576.0,631031439.0,6690850112.9,15700063899.0
sh600971,恒源煤电,2012-01-16,15.57,15.96,14.99,15.03,15.7,27542540.0,424950615.0,6405317018.91,15030061172.1
sh600971,恒源煤电,2012-01-17,15.18,16.53,14.91,16.52,15.03,60333148.0,964372485.0,7040308526.44,16520067236.4
sh600971,恒源煤电,2012-01-18,16.35,16.35,15.6,15.78,16.52,43259914.0,692517266.0,6724943616.66,15780064224.6
sh600971,恒源煤电,2012-01-19,15.8,16.23,15.63,15.97,15.78,23196982.0,369600321.0,6805915688.09,15970064997.9
sh600971,恒源煤电,2012-01-20,16.0,16.08,15.64,15.83,15.97,16398784.0,259798231.0,6746252056.51,15830064428.1
sh600971,恒源煤电,2012-01-30,15.89,15.89,15.17,15.42,15.83,14130754.0,219704850.0,6571522849.74,15420062759.4
sh600971,恒源煤电,2012-01-31,15.35,16.36,15.3,15.96,15.42,21518693.0,342052645.0,6801654000.12,15960064957.2
sh600971,恒源煤电,2012-02-01,15.68,15.98,15.42,15.62,15.96,14085730.0,220168171.0,6656756609.14,15620063573.4
sh600971,恒源煤电,2012-02-02,15.61,17.18,15.55,17.01,15.62,55148625.0,921062548.0,7249131236.97,17010069230.7
sh600971,恒源煤电,2012-02-03,16.68,17.06,16.45,16.92,17.01,38727395.0,648362371.0,7210776045.24,16920068864.4
sh600971,恒源煤电,2012-02-06,17.0,17.66,16.9,17.01,16.92,38019720.0,657336415.0,7249131236.97,17010069230.7
sh600971,恒源煤电,2012-02-07,17.0,17.39,16.31,17.16,17.01,31606009.0,528240550.0,7313056556.52,17160069841.2
sh600971,恒源煤电,2012-02-08,17.0,18.46,16.74,18.18,17.16,49175578.0,870081342.0,7747748729.46,18180073992.6
sh600971,恒源煤电,2012-02-09,18.18,18.36,17.81,17.98,18.18,32405255.0,585739472.0,7662514970.06,17980073178.6
sh600971,恒源煤电,2012-02-10,17.82,18.19,17.6,17.76,17.98,23186146.0,414410501.0,7568757834.72,17760072283.2
sh600971,恒源煤电,2012-02-13,17.52,18.07,17.4,17.8,17.76,21563891.0,383758902.0,7585804586.6,17800072446.0
sh600971,恒源煤电,2012-02-14,17.8,18.29,17.53,17.96,17.8,25292673.0,451974471.0,7653991594.12,17960073097.2
sh600971,恒源煤电,2012-02-15,17.88,18.27,17.58,17.93,17.96,27808042.0,499348613.0,7641206530.21,17930072975.1
sh600971,恒源煤电,2012-02-16,17.9,17.97,17.4,17.58,17.93,19008752.0,335726753.0,7492047451.26,17580071550.6
sh600971,恒源煤电,2012-02-17,17.64,17.8,17.21,17.43,17.58,13522829.0,236103083.0,7428122131.71,17430070940.1
sh600971,恒源煤电,2012-02-20,17.8,17.86,17.27,17.3,17.43,17373048.0,305118162.0,7372720188.1,17300070411.0
sh600971,恒源煤电,2012-02-21,17.33,18.1,17.16,18.06,17.3,28449447.0,503168549.0,7696608473.82,18060073504.2
sh600971,恒源煤电,2012-02-22,17.9,18.28,17.72,18.04,18.06,29555046.0,531113299.0,7688085097.88,18040073422.8
sh600971,恒源煤电,2012-02-23,17.99,18.25,17.8,18.07,18.04,26884802.0,485430750.0,7700870161.79,18070073544.9
sh600971,恒源煤电,2012-02-24,18.07,18.58,18.07,18.29,18.07,36052497.0,660819808.0,7794627297.13,18290074440.3
sh600971,恒源煤电,2012-02-27,18.5,18.62,18.02,18.03,18.29,31569281.0,577551521.0,7683823409.91,18030073382.1
sh600971,恒源煤电,2012-02-28,17.8,17.96,17.65,17.8,18.03,17145553.0,305044125.0,7585804586.6,17800072446.0
sh600971,恒源煤电,2012-02-29,17.77,18.22,17.6,17.81,17.8,16536255.0,296793349.0,7590066274.57,17810072486.7
sh600971,恒源煤电,2012-03-01,17.7,17.91,17.63,17.74,17.81,10254486.0,182195306.0,7560234458.78,17740072201.8
sh600971,恒源煤电,2012-03-02,17.78,18.49,17.78,18.22,17.74,22183192.0,404310205.0,7764795481.34,18220074155.4
sh600971,恒源煤电,2012-03-05,18.23,18.4,18.02,18.04,18.22,16776739.0,304754010.0,7688085097.88,18040073422.8
sh600971,恒源煤电,2012-03-06,17.96,18.03,17.49,17.75,18.04,16578376.0,293359746.0,7564496146.75,17750072242.5
sh600971,恒源煤电,2012-03-07,17.5,17.8,17.39,17.43,17.75,13825422.0,243259734.0,7428122131.71,17430070940.1
sh600971,恒源煤电,2012-03-08,17.58,17.84,17.46,17.71,17.43,10607899.0,187541299.0,7547449394.87,17710072079.7
sh600971,恒源煤电,2012-03-09,17.75,18.36,17.75,18.2,17.71,24241965.0,439335185.0,7756272105.4,18200074074.0
sh600971,恒源煤电,2012-03-12,18.2,18.28,17.75,17.89,18.2,18213109.0,326987581.0,7624159778.33,17890072812.3
sh600971,恒源煤电,2012-03-13,17.95,18.4,17.75,18.25,17.89,21184890.0,383854235.0,7777580545.25,18250074277.5
sh600971,恒源煤电,2012-03-14,18.45,18.53,17.07,17.11,18.25,32667263.0,579329039.0,7291748116.67,17110069637.7
sh600971,恒源煤电,2012-03-15,17.08,17.23,16.45,16.69,17.11,23875280.0,399700452.0,7112757221.93,16690067928.3
sh600971,恒源煤电,2012-03-16,16.72,17.0,16.52,16.93,16.69,13029331.0,218830091.0,7215037733.21,16930068905.1
sh600971,恒源煤电,2012-03-19,16.8,17.42,16.78,17.39,16.93,15575898.0,266666489.0,7411075379.83,17390070777.3
sh600971,恒源煤电,2012-03-20,17.41,17.7,16.9,16.94,17.39,17246052.0,298793535.0,7219299421.18,16940068945.8
sh600971,恒源煤电,2012-03-21,17.1,17.79,16.88,17.34,16.94,19877459.0,345592118.0,7389766939.98,17340070573.8
sh600971,恒源煤电,2012-03-22,17.29,17.44,17.0,17.07,17.34,9750380.0,167463702.0,7274701364.79,17070069474.9
sh600971,恒源煤电,2012-03-23,17.03,17.03,16.59,16.74,17.07,8951826.0,150237059.0,7134065661.78,16740068131.8
sh600971,恒源煤电,2012-03-26,16.74,16.94,16.54,16.86,16.74,5442010.0,91057586.0,7185205917.42,16860068620.2
sh600971,恒源煤电,2012-03-27,16.99,17.1,16.52,16.59,16.86,9764313.0,164097604.0,7070140342.23,16590067521.3
sh600971,恒源煤电,2012-03-28,16.4,16.41,15.1,15.15,16.59,17466483.0,274600386.0,6456457274.55,15150061660.5
sh600971,恒源煤电,2012-03-29,14.93,15.09,14.31,14.61,15.15,12511978.0,184381473.0,6226326124.17,14610059462.7
sh600971,恒源煤电,2012-03-30,14.7,14.79,14.18,14.45,14.61,8528759.0,123725292.0,6158139116.65,14450058811.5
sh600971,恒源煤电,2012-04-05,14.52,15.28,14.45,15.23,14.45,11145800.0,166472371.0,6490550778.31,15230061986.1
sh600971,恒源煤电,2012-04-06,15.25,15.3,14.95,15.19,15.23,11054905.0,167521754.0,6473504026.43,15190061823.3
sh600971,恒源煤电,2012-04-09,15.0,15.15,14.75,14.76,15.19,9700455.0,145006156.0,6290251443.72,14760060073.2
sh600971,恒源煤电,2012-04-10,14.59,15.37,14.46,15.33,14.76,11315771.0,168696843.0,6533167658.01,15330062393.1
sh600971,恒源煤电,2012-04-11,15.0,15.39,14.9,15.23,15.33,9932974.0,150700549.0,6490550778.31,15230061986.1
sh600971,恒源煤电,2012-04-13,15.85,15.93,15.6,15.72,15.23,18318939.0,288842235.0,6699373488.84,15720063980.4
sh600971,恒源煤电,2012-04-16,15.63,16.2,15.51,15.93,15.72,12677490.0,201822242.0,6788868936.21,15930064835.1
sh600971,恒源煤电,2012-04-17,15.93,15.99,15.38,15.4,15.93,8242251.0,129051796.0,6562999473.8,15400062678.0
sh600971,恒源煤电,2012-04-18,15.53,16.13,15.51,16.08,15.4,11720505.0,186544517.0,6852794255.76,16080065445.6
sh600971,恒源煤电,2012-04-19,16.05,16.21,15.91,16.0,16.08,9751322.0,156827737.0,6818700752.0,16000065120.0
sh600971,恒源煤电,2012-04-20,15.97,16.37,15.9,16.32,16.0,12439156.0,201504691.0,6955074767.04,16320066422.4
sh600971,恒源煤电,2012-04-23,16.37,16.37,15.9,16.0,16.32,10283214.0,165457713.0,6818700752.0,16000065120.0
sh600971,恒源煤电,2012-04-24,15.8,16.29,15.42,16.1,16.0,12155669.0,193017386.0,6861317631.7,16100065527.0
sh600971,恒源煤电,2012-04-25,16.06,16.5,15.82,16.41,16.1,14734236.0,239230294.0,6993429958.77,16410066788.7
sh600971,恒源煤电,2012-04-26,16.61,17.2,16.28,16.8,16.41,20269600.0,340623760.0,7159635789.6,16800068376.0
sh600971,恒源煤电,2012-04-27,16.67,16.9,16.52,16.58,16.8,10644358.0,178171579.0,7065878654.26,16580067480.6
sh600971,恒源煤电,2012-05-02,16.98,18.18,16.82,17.74,16.58,32263611.0,567050366.0,7560234458.78,17740072201.8
sh600971,恒源煤电,2012-05-03,17.63,18.08,17.55,17.83,17.74,22414587.0,400626134.0,7598589650.51,17830072568.1
sh600971,恒源煤电,2012-05-04,17.8,18.1,17.52,17.98,17.83,20064514.0,358269322.0,7662514970.06,17980073178.6
sh600971,恒源煤电,2012-05-07,17.69,18.03,17.57,17.89,17.98,17340199.0,308502266.0,7624159778.33,17890072812.3
sh600971,恒源煤电,2012-05-08,17.85,18.03,17.51,17.66,17.89,12237697.0,216362494.0,7526140955.02,17660071876.2
sh600971,恒源煤电,2012-05-09,17.4,17.4,16.95,16.98,17.66,15349023.0,263149324.0,7236346173.06,16980069108.6
sh600971,恒源煤电,2012-05-10,16.93,17.25,16.9,17.1,16.98,9036104.0,154501066.0,7287486428.7,17100069597.0
sh600971,恒源煤电,2012-05-11,17.03,17.4,16.85,16.94,17.1,9273751.0,158611192.0,7219299421.18,16940068945.8
sh600971,恒源煤电,2012-05-14,17.19,17.28,16.41,16.47,16.94,12907109.0,218212256.0,7019000086.59,16470067032.9
sh600971,恒源煤电,2012-05-15,16.21,16.36,15.84,16.22,16.47,13759171.0,221722205.0,6912457887.34,16220066015.4
sh600971,恒源煤电,2012-05-16,16.15,16.67,16.01,16.1,16.22,11038100.0,180066705.0,6861317631.7,16100065527.0
sh600971,恒源煤电,2012-05-17,16.09,16.47,16.08,16.41,16.1,8202931.0,134072901.0,6993429958.77,16410066788.7
sh600971,恒源煤电,2012-05-18,16.2,16.28,15.88,15.95,16.41,8544964.0,137081489.0,6797392312.15,15950064916.5
sh600971,恒源煤电,2012-05-21,15.82,16.45,15.76,16.2,15.95,9390790.0,151694406.0,6903934511.4,16200065934.0
sh600971,恒源煤电,2012-05-22,16.39,16.6,16.28,16.59,16.2,10977527.0,180615820.0,7070140342.23,16590067521.3
sh600971,恒源煤电,2012-05-23,16.36,16.65,16.23,16.39,16.59,8285658.0,136157277.0,6984906582.83,16390066707.3
sh600971,恒源煤电,2012-05-24,16.4,16.63,16.2,16.22,16.39,7113442.0,116765887.0,6912457887.34,16220066015.4
sh600971,恒源煤电,2012-05-25,16.27,16.32,15.87,15.98,16.22,6174095.0,98933506.0,6810177376.06,15980065038.6
sh600971,恒源煤电,2012-05-28,15.82,16.27,15.4,16.26,15.98,9971540.0,158082235.0,6929504639.22,16260066178.2
sh600971,恒源煤电,2012-05-29,16.23,16.75,16.15,16.56,16.26,14025916.0,231493058.0,7057355278.32,16560067399.2
sh600971,恒源煤电,2012-05-30,16.47,16.57,16.16,16.21,16.56,10285740.0,168251656.0,6908196199.37,16210065974.7
sh600971,恒源煤电,2012-05-31,16.04,16.3,15.9,16.14,16.21,6401452.0,103058761.0,6878364383.58,16140065689.8
sh600971,恒源煤电,2012-06-01,16.11,16.29,15.9,15.99,16.14,7068294.0,113718436.0,6814439064.03,15990065079.3
sh600971,恒源煤电,2012-06-04,15.67,15.67,15.06,15.08,15.99,12903058.0,198783077.0,6426625458.76,15080061375.6
sh600971,恒源煤电,2012-06-05,15.15,15.26,14.97,15.03,15.08,6694213.0,100988798.0,6405317018.91,15030061172.1
sh600971,恒源煤电,2012-06-06,15.1,15.19,14.9,15.05,15.03,6155738.0,92524772.0,6413840394.85,15050061253.5
sh600971,恒源煤电,2012-06-07,15.22,15.27,14.81,14.85,15.05,5898991.0,88728240.0,6328606635.45,14850060439.5
sh600971,恒源煤电,2012-06-08,15.02,15.08,14.66,14.7,14.85,6026533.0,89617107.0,6264681315.9,14700059829.0
sh600971,恒源煤电,2012-06-11,14.78,15.17,14.73,15.12,14.7,5643585.0,84585620.0,6443672210.64,15120061538.4
sh600971,恒源煤电,2012-06-12,14.92,14.95,14.67,14.78,15.12,4356588.0,64514097.0,6298774819.66,14780060154.6
sh600971,恒源煤电,2012-06-13,14.89,15.03,14.64,15.01,14.78,5451845.0,81070015.0,6396793642.97,15010061090.7
sh600971,恒源煤电,2012-06-14,14.89,15.06,14.82,14.83,15.01,4730432.0,70675785.0,6320083259.51,14830060358.1
sh600971,恒源煤电,2012-06-15,14.87,15.13,14.76,15.1,14.83,5197815.0,77675465.0,6435148834.7,15100061457.0
sh600971,恒源煤电,2012-06-18,15.2,15.44,15.1,15.21,15.1,6648852.0,101393614.0,6482027402.37,15210061904.7
sh600971,恒源煤电,2012-06-19,15.11,15.15,14.87,14.93,15.21,4560003.0,68396435.0,6362700139.21,14930060765.1
sh600971,恒源煤电,2012-06-20,15.0,15.14,14.88,14.99,14.93,4331665.0,65054919.0,6388270267.03,14990061009.3
sh600971,恒源煤电,2012-06-21,14.81,14.82,14.41,14.42,14.99,6785570.0,98479887.0,6145354052.74,14420058689.4
sh600971,恒源煤电,2012-06-25,14.35,14.4,13.7,13.75,14.42,5753163.0,80149300.0,5859820958.75,13750055962.5
sh600971,恒源煤电,2012-06-26,13.51,13.9,13.5,13.81,13.75,4566249.0,62834325.0,5885391086.57,13810056206.7
sh600971,恒源煤电,2012-06-27,13.85,14.35,13.7,13.99,13.81,7568101.0,106609082.0,5962101470.03,13990056939.3
sh600971,恒源煤电,2012-06-28,14.12,14.27,13.6,13.62,13.99,6179173.0,86134568.0,5804419015.14,13620055433.4
sh600971,恒源煤电,2012-06-29,13.4,13.94,13.21,13.93,13.62,6844155.0,93756022.0,5936531342.21,13930056695.1
sh600971,恒源煤电,2012-07-02,14.2,14.55,13.92,14.0,13.93,8793604.0,124923976.0,5966363158.0,14000056980.0
sh600971,恒源煤电,2012-07-03,14.02,14.26,13.73,13.85,14.0,5796560.0,80794274.0,5902437838.45,13850056369.5
sh600971,恒源煤电,2012-07-04,14.01,14.28,14.0,14.14,13.85,7917572.0,111978352.0,6026026789.58,14140057549.8
sh600971,恒源煤电,2012-07-05,13.95,13.95,13.53,13.72,14.14,5442287.0,74678557.0,5847035894.84,13720055840.4
sh600971,恒源煤电,2012-07-06,13.75,14.2,13.56,14.1,13.72,5550290.0,77196550.0,6008980037.7,14100057387.0
sh600971,恒源煤电,2012-07-09,13.9,13.93,13.31,13.33,14.1,7622381.0,103978464.0,5680830064.01,13330054253.1
sh600971,恒源煤电,2012-07-10,13.33,13.43,13.13,13.24,13.33,3932661.0,52122264.0,5642474872.28,13240053886.8
sh600971,恒源煤电,2012-07-11,13.11,13.52,13.11,13.35,13.24,3568690.0,47746829.0,5689353439.95,13350054334.5
sh600971,恒源煤电,2012-07-12,13.36,14.44,13.21,14.19,13.35,14465468.0,202339433.0,6047335229.43,14190057753.3
sh600971,恒源煤电,2012-07-13,13.91,14.34,13.85,13.94,14.19,8874430.0,124754867.0,5940793030.18,13940056735.8
sh600971,恒源煤电,2012-07-16,14.02,14.05,13.6,13.61,13.94,5430140.0,74587409.0,5800157327.17,13610055392.7
sh600971,恒源煤电,2012-07-17,13.48,13.95,13.48,13.85,13.61,4612083.0,63635609.0,5902437838.45,13850056369.5
sh600971,恒源煤电,2012-07-18,13.78,14.2,13.7,14.19,13.85,7806885.0,109213200.0,6047335229.43,14190057753.3
sh600971,恒源煤电,2012-07-19,14.17,14.45,14.07,14.14,14.19,9389967.0,133947747.0,6026026789.58,14140057549.8
sh600971,恒源煤电,2012-07-20,14.17,14.31,13.98,14.02,14.14,5799632.0,81998556.0,5974886533.94,14020057061.4
sh600971,恒源煤电,2012-07-23,13.85,14.13,13.6,13.9,14.02,5060294.0,70179131.0,5923746278.3,13900056573.0
sh600971,恒源煤电,2012-07-24,13.71,14.15,13.62,14.0,13.9,4360974.0,60635657.0,5966363158.0,14000056980.0
sh600971,恒源煤电,2012-07-25,13.97,14.03,13.65,13.69,14.0,3861753.0,53323869.0,5834250830.93,13690055718.3
sh600971,恒源煤电,2012-07-26,13.68,13.99,13.63,13.74,13.69,3316628.0,45800317.0,5855559270.78,13740055921.8
sh600971,恒源煤电,2012-07-27,13.78,14.06,13.72,13.9,13.74,4448568.0,61824691.0,5923746278.3,13900056573.0
sh600971,恒源煤电,2012-07-30,14.0,14.2,13.72,13.87,13.9,4756434.0,66479060.0,5910961214.39,13870056450.9
sh600971,恒源煤电,2012-07-31,13.75,13.9,13.16,13.28,13.87,5603484.0,74943440.0,5659521624.16,13280054049.6
sh600971,恒源煤电,2012-08-01,13.3,13.7,13.3,13.48,13.28,5093920.0,68724987.0,5744755383.56,13480054863.6
sh600971,恒源煤电,2012-08-02,13.4,13.49,13.07,13.13,13.48,6057751.0,80113221.0,5595596304.61,13130053439.1
sh600971,恒源煤电,2012-08-03,13.21,13.42,13.11,13.4,13.13,4171691.0,55259962.0,5710661879.8,13400054538.0
sh600971,恒源煤电,2012-08-06,13.3,13.84,13.3,13.79,13.4,7520159.0,102219445.0,5876867710.63,13790056125.3
sh600971,恒源煤电,2012-08-07,13.79,13.85,13.6,13.75,13.79,7013313.0,96305043.0,5859820958.75,13750055962.5
sh600971,恒源煤电,2012-08-08,13.82,14.43,13.75,14.07,13.75,12896151.0,182217817.0,5996194973.79,14070057264.9
sh600971,恒源煤电,2012-08-09,13.93,14.14,13.77,14.03,14.07,8125277.0,113312299.0,5979148221.91,14030057102.1
sh600971,恒源煤电,2012-08-10,14.03,14.13,13.84,13.9,14.03,4841826.0,67592089.0,5923746278.3,13900056573.0
sh600971,恒源煤电,2012-08-13,13.83,13.84,13.5,13.52,13.9,4999071.0,68230414.0,5761802135.44,13520055026.4
sh600971,恒源煤电,2012-08-14,13.44,13.65,13.23,13.64,13.52,5925785.0,79548109.0,5812942391.08,13640055514.8
sh600971,恒源煤电,2012-08-15,13.53,13.6,13.3,13.36,13.64,3151663.0,42330893.0,5693615127.92,13360054375.2
sh600971,恒源煤电,2012-08-16,13.28,13.5,13.28,13.41,13.36,2429414.0,32568300.0,5714923567.77,13410054578.7
sh600971,恒源煤电,2012-08-17,13.49,13.58,13.32,13.53,13.41,3205827.0,43121810.0,5766063823.41,13530055067.1
sh600971,恒源煤电,2012-08-20,13.45,13.5,13.23,13.4,13.53,2930472.0,39073645.0,5710661879.8,13400054538.0
sh600971,恒源煤电,2012-08-21,13.36,13.59,13.31,13.52,13.4,4108653.0,55460588.0,5761802135.44,13520055026.4
sh600971,恒源煤电,2012-08-22,13.48,13.56,13.24,13.31,13.52,4542024.0,60536905.0,5672306688.07,13310054171.7
sh600971,恒源煤电,2012-08-23,13.36,13.57,13.28,13.46,13.31,4177418.0,56156438.0,5736232007.62,13460054782.2
sh600971,恒源煤电,2012-08-24,13.34,13.35,13.05,13.07,13.46,5930929.0,78117636.0,5570026176.79,13070053194.9
sh600971,恒源煤电,2012-08-27,13.04,13.04,12.6,12.62,13.07,4437737.0,56648506.0,5378250218.14,12620051363.4
sh600971,恒源煤电,2012-08-28,12.61,12.97,12.6,12.78,12.62,3081155.0,39325560.0,5446437225.66,12780052014.6
sh600971,恒源煤电,2012-08-29,12.68,12.85,12.53,12.54,12.78,2722567.0,34460327.0,5344156714.38,12540051037.8
sh600971,恒源煤电,2012-08-30,12.52,12.69,12.31,12.59,12.54,2876333.0,36069902.0,5365465154.23,12590051241.3
sh600971,恒源煤电,2012-08-31,12.61,12.86,12.51,12.72,12.59,3853366.0,49092444.0,5420867097.84,12720051770.4
sh600971,恒源煤电,2012-09-03,12.62,12.97,12.61,12.86,12.72,3546780.0,45579002.0,5480530729.42,12860052340.2
sh600971,恒源煤电,2012-09-04,12.82,13.18,12.73,12.83,12.86,4175654.0,53869207.0,5467745665.51,12830052218.1
sh600971,恒源煤电,2012-09-05,12.67,12.94,12.55,12.84,12.83,3680008.0,46930377.0,5472007353.48,12840052258.8
sh600971,恒源煤电,2012-09-06,12.85,12.97,12.82,12.95,12.84,2862374.0,36911412.0,5518885921.15,12950052706.5
sh600971,恒源煤电,2012-09-07,13.07,14.2,13.01,13.91,12.95,18560425.0,255301432.0,5928007966.27,13910056613.7
sh600971,恒源煤电,2012-09-10,13.82,14.15,13.71,13.96,13.91,10280750.0,143067732.0,5949316406.12,13960056817.2
sh600971,恒源煤电,2012-09-11,13.85,13.85,13.71,13.82,13.96,4880447.0,67244402.0,5889652774.54,13820056247.4
sh600971,恒源煤电,2012-09-12,13.99,14.15,13.78,13.97,13.82,8227334.0,115043095.0,5953578094.09,13970056857.9
sh600971,恒源煤电,2012-09-13,14.0,14.0,13.62,13.64,13.97,5258155.0,72408400.0,5812942391.08,13640055514.8
sh600971,恒源煤电,2012-09-14,13.98,14.19,13.75,13.84,13.64,8377644.0,116851959.0,5898176150.48,13840056328.8
sh600971,恒源煤电,2012-09-17,13.87,13.95,13.4,13.42,13.84,5553305.0,76024162.0,5719185255.74,13420054619.4
sh600971,恒源煤电,2012-09-18,13.28,13.48,13.1,13.18,13.42,3351761.0,44372186.0,5616904744.46,13180053642.6
sh600971,恒源煤电,2012-09-19,13.2,13.45,13.08,13.39,13.18,3229868.0,42843667.0,5706400191.83,13390054497.3
sh600971,恒源煤电,2012-09-20,13.43,13.43,12.68,12.71,13.39,5099032.0,66034516.0,5416605409.87,12710051729.7
sh600971,恒源煤电,2012-09-21,12.7,13.25,12.62,12.87,12.71,4972448.0,64755052.0,5484792417.39,12870052380.9
sh600971,恒源煤电,2012-09-24,12.66,13.27,12.62,13.07,12.87,4529320.0,58895594.0,5570026176.79,13070053194.9
sh600971,恒源煤电,2012-09-25,12.98,13.16,12.82,12.9,13.07,3489967.0,45343300.0,5497577481.3,12900052503.0
sh600971,恒源煤电,2012-09-26,12.92,13.09,12.76,12.79,12.9,2921643.0,37676175.0,5450698913.63,12790052055.3
sh600971,恒源煤电,2012-09-27,12.79,13.75,12.79,13.47,12.79,8224447.0,109558934.0,5740493695.59,13470054822.9
sh600971,恒源煤电,2012-09-28,13.21,13.95,13.21,13.88,13.47,10859903.0,148643341.0,5915222902.36,13880056491.6
sh600971,恒源煤电,2012-10-08,13.9,13.9,13.35,13.48,13.88,6155045.0,83857213.0,5744755383.56,13480054863.6
sh600971,恒源煤电,2012-10-09,13.61,14.02,13.58,13.91,13.48,8718807.0,120989904.0,5928007966.27,13910056613.7
sh600971,恒源煤电,2012-10-10,13.91,14.06,13.72,13.93,13.91,6290535.0,87449876.0,5936531342.21,13930056695.1
sh600971,恒源煤电,2012-10-11,13.89,13.89,13.61,13.62,13.93,5148922.0,70679193.0,5804419015.14,13620055433.4
sh600971,恒源煤电,2012-10-12,13.73,13.84,13.43,13.69,13.62,4302442.0,58690235.0,5834250830.93,13690055718.3
sh600971,恒源煤电,2012-10-15,13.67,13.86,13.51,13.74,13.69,4537467.0,62098162.0,5855559270.78,13740055921.8
sh600971,恒源煤电,2012-10-16,13.74,13.91,13.6,13.64,13.74,5188709.0,71428096.0,5812942391.08,13640055514.8
sh600971,恒源煤电,2012-10-17,13.68,13.79,13.31,13.51,13.64,4672928.0,63193149.0,5757540447.47,13510054985.7
sh600971,恒源煤电,2012-10-18,13.56,13.93,13.55,13.85,13.51,6463460.0,89033022.0,5902437838.45,13850056369.5
sh600971,恒源煤电,2012-10-19,13.85,13.93,13.75,13.79,13.85,3673090.0,50777483.0,5876867710.63,13790056125.3
sh600971,恒源煤电,2012-10-22,13.61,13.9,13.61,13.88,13.79,4200333.0,57790185.0,5915222902.36,13880056491.6
sh600971,恒源煤电,2012-10-23,13.9,13.91,13.61,13.69,13.88,3583954.0,49195813.0,5834250830.93,13690055718.3
sh600971,恒源煤电,2012-10-24,13.55,13.67,13.3,13.39,13.69,6356074.0,85594571.0,5706400191.83,13390054497.3
sh600971,恒源煤电,2012-10-25,13.39,13.5,13.1,13.12,13.39,4042793.0,53676253.0,5591334616.64,13120053398.4
sh600971,恒源煤电,2012-10-26,13.15,13.18,12.83,12.88,13.12,4109260.0,53246166.0,5489054105.36,12880052421.6
sh600971,恒源煤电,2012-10-29,12.88,13.12,12.83,12.89,12.88,2538110.0,32868118.0,5493315793.33,12890052462.3
sh600971,恒源煤电,2012-10-30,12.95,13.14,12.92,13.08,12.89,3062327.0,39939527.0,5574287864.76,13080053235.6
sh600971,恒源煤电,2012-10-31,13.09,13.38,13.0,13.37,13.08,4951735.0,65406530.0,5697876815.89,13370054415.9
sh600971,恒源煤电,2012-11-01,13.37,13.58,13.2,13.54,13.37,5771781.0,77649379.0,5770325511.38,13540055107.8
sh600971,恒源煤电,2012-11-02,13.54,13.61,13.41,13.53,13.54,3664835.0,49480975.0,5766063823.41,13530055067.1
sh600971,恒源煤电,2012-11-05,13.48,13.96,13.43,13.76,13.53,8761376.0,121121856.0,5864082646.72,13760056003.2
sh600971,恒源煤电,2012-11-06,13.66,13.74,13.32,13.52,13.76,4971056.0,66959990.0,5761802135.44,13520055026.4
sh600971,恒源煤电,2012-11-07,13.5,13.73,13.44,13.52,13.52,3142044.0,42582483.0,5761802135.44,13520055026.4
sh600971,恒源煤电,2012-11-08,13.35,13.35,12.92,12.95,13.52,6056994.0,79441530.0,5518885921.15,12950052706.5
sh600971,恒源煤电,2012-11-09,12.95,13.04,12.87,12.98,12.95,2884303.0,37370286.0,5531670985.06,12980052828.6
sh600971,恒源煤电,2012-11-12,13.09,13.14,12.88,13.05,12.98,3801938.0,49278586.0,5561502800.85,13050053113.5
sh600971,恒源煤电,2012-11-13,13.0,13.13,12.8,12.85,13.05,2692565.0,34760849.0,5476269041.45,12850052299.5
sh600971,恒源煤电,2012-11-14,12.91,12.99,12.8,12.97,12.85,2137671.0,27586068.0,5527409297.09,12970052787.9
sh600971,恒源煤电,2012-11-15,12.88,12.89,12.48,12.56,12.97,3253644.0,41364676.0,5352680090.32,12560051119.2
sh600971,恒源煤电,2012-11-16,12.54,12.54,11.99,12.17,12.56,5399974.0,65743216.0,5186474259.49,12170049531.9
sh600971,恒源煤电,2012-11-19,12.2,12.24,11.98,12.16,12.17,4402394.0,53262050.0,5182212571.52,12160049491.2
sh600971,恒源煤电,2012-11-20,12.3,12.32,12.02,12.04,12.16,3061483.0,37151296.0,5131072315.88,12040049002.8
sh600971,恒源煤电,2012-11-21,12.05,12.29,11.91,12.27,12.04,3939554.0,47762980.0,5229091139.19,12270049938.9
sh600971,恒源煤电,2012-11-22,12.19,12.19,11.93,12.08,12.27,3726606.0,44905083.0,5148119067.76,12080049165.6
sh600971,恒源煤电,2012-11-23,12.12,12.23,11.99,12.09,12.08,3144095.0,38148784.0,5152380755.73,12090049206.3
sh600971,恒源煤电,2012-11-26,12.02,12.11,11.89,11.9,12.09,2997591.0,35772935.0,5071408684.3,11900048433.0
sh600971,恒源煤电,2012-11-27,11.85,11.85,11.45,11.46,11.9,3667008.0,42430631.0,4883894413.62,11460046642.2
sh600971,恒源煤电,2012-11-28,11.35,11.56,11.31,11.48,11.46,2466203.0,28173122.0,4892417789.56,11480046723.6
sh600971,恒源煤电,2012-11-29,11.48,11.57,11.23,11.28,11.48,1938978.0,22159427.0,4807184030.16,11280045909.6
sh600971,恒源煤电,2012-11-30,11.21,11.47,11.21,11.39,11.28,1828129.0,20758438.0,4854062597.83,11390046357.3
sh600971,恒源煤电,2012-12-03,11.37,11.45,10.49,10.53,11.39,3787512.0,41365034.0,4487557432.41,10530042857.1
sh600971,恒源煤电,2012-12-04,10.53,10.78,10.43,10.68,10.53,4077739.0,43096177.0,4551482751.96,10680043467.6
sh600971,恒源煤电,2012-12-05,10.69,11.37,10.58,11.21,10.68,6525388.0,72729883.0,4777352214.37,11210045624.7
sh600971,恒源煤电,2012-12-06,11.22,11.32,11.04,11.05,11.21,3336951.0,37243851.0,4709165206.85,11050044973.5
sh600971,恒源煤电,2012-12-07,11.09,11.85,11.04,11.5,11.05,8202515.0,94319686.0,4900941165.5,11500046805.0
sh600971,恒源煤电,2012-12-10,11.5,11.66,11.32,11.62,11.5,7172832.0,82887497.0,4952081421.14,11620047293.4
sh600971,恒源煤电,2012-12-11,11.55,12.2,11.34,11.72,11.62,10628920.0,124432174.0,4994698300.84,11720047700.4
sh600971,恒源煤电,2012-12-12,11.6,11.77,11.5,11.61,11.72,5366332.0,62264370.0,4947819733.17,11610047252.7
sh600971,恒源煤电,2012-12-13,11.61,11.65,11.29,11.3,11.61,5852573.0,66760000.0,4815707406.1,11300045991.0
sh600971,恒源煤电,2012-12-14,11.29,11.95,11.29,11.89,11.3,10854593.0,127425997.0,5067146996.33,11890048392.3
sh600971,恒源煤电,2012-12-17,11.97,12.78,11.97,12.25,11.89,14674138.0,181907154.0,5220567763.25,12250049857.5
sh600971,恒源煤电,2012-12-18,12.16,12.44,12.05,12.15,12.25,9102568.0,111388378.0,5177950883.55,12150049450.5
sh600971,恒源煤电,2012-12-19,12.16,12.4,12.12,12.22,12.15,6210380.0,76148526.0,5207782699.34,12220049735.4
sh600971,恒源煤电,2012-12-20,12.14,12.45,11.91,12.37,12.22,10292882.0,124969284.0,5271708018.89,12370050345.9
sh600971,恒源煤电,2012-12-21,12.47,13.0,12.37,12.39,12.37,16682993.0,210826640.0,5280231394.83,12390050427.3
sh600971,恒源煤电,2012-12-24,12.35,12.56,12.25,12.38,12.39,7324934.0,90789316.0,12380050386.6,12380050386.6
sh600971,恒源煤电,2012-12-25,12.36,12.82,12.2,12.72,12.38,11964258.0,150808879.0,12720051770.4,12720051770.4
sh600971,恒源煤电,2012-12-26,12.74,12.92,12.6,12.71,12.72,8734330.0,111095250.0,12710051729.7,12710051729.7
sh600971,恒源煤电,2012-12-27,12.78,13.1,12.67,12.69,12.71,11050779.0,141900674.0,12690051648.3,12690051648.3
sh600971,恒源煤电,2012-12-28,12.75,12.81,12.47,12.79,12.69,8022089.0,101690386.0,12790052055.3,12790052055.3
sh600971,恒源煤电,2012-12-31,12.79,12.95,12.65,12.88,12.79,8239298.0,105740130.0,12880052421.6,12880052421.6
sh600971,恒源煤电,2013-01-04,13.08,13.18,12.57,12.69,12.88,10356843.0,132660694.0,12690051648.3,12690051648.3
sh600971,恒源煤电,2013-01-07,12.63,12.89,12.6,12.85,12.69,8849810.0,112795427.0,12850052299.5,12850052299.5
sh600971,恒源煤电,2013-01-08,12.79,12.83,12.5,12.74,12.85,8692039.0,110084566.0,12740051851.8,12740051851.8
sh600971,恒源煤电,2013-01-09,12.7,13.18,12.55,13.14,12.74,14417580.0,185536312.0,13140053479.8,13140053479.8
sh600971,恒源煤电,2013-01-10,13.05,13.24,12.86,13.02,13.14,13669898.0,178470050.0,13020052991.4,13020052991.4
sh600971,恒源煤电,2013-01-11,13.0,13.01,12.53,12.62,13.02,8635232.0,109981677.0,12620051363.4,12620051363.4
sh600971,恒源煤电,2013-01-14,12.55,12.99,12.45,12.99,12.62,11214408.0,143645219.0,12990052869.3,12990052869.3
sh600971,恒源煤电,2013-01-15,13.03,13.23,12.91,13.09,12.99,13152921.0,172374163.0,13090053276.3,13090053276.3
sh600971,恒源煤电,2013-01-16,13.12,13.68,12.91,13.2,13.09,16263486.0,215503838.0,13200053724.0,13200053724.0
sh600971,恒源煤电,2013-01-17,13.18,13.18,12.85,12.9,13.2,10829472.0,140443381.0,12900052503.0,12900052503.0
sh600971,恒源煤电,2013-01-18,13.0,13.25,12.93,13.1,12.9,9211013.0,120847837.0,13100053317.0,13100053317.0
sh600971,恒源煤电,2013-01-21,13.16,13.56,13.03,13.38,13.1,14537209.0,194388672.0,13380054456.6,13380054456.6
sh600971,恒源煤电,2013-01-22,13.38,13.38,13.03,13.1,13.38,11780489.0,155126485.0,13100053317.0,13100053317.0
sh600971,恒源煤电,2013-01-23,13.07,13.07,12.63,12.91,13.1,10088605.0,129702912.0,12910052543.7,12910052543.7
sh600971,恒源煤电,2013-01-24,12.9,13.09,12.5,12.64,12.91,8666365.0,111034333.0,12640051444.8,12640051444.8
sh600971,恒源煤电,2013-01-25,12.69,12.72,12.58,12.64,12.64,3942445.0,49899830.0,12640051444.8,12640051444.8
sh600971,恒源煤电,2013-01-28,12.68,12.97,12.66,12.95,12.64,5846992.0,74998606.0,12950052706.5,12950052706.5
sh600971,恒源煤电,2013-01-29,12.96,13.21,12.94,13.08,12.95,8474965.0,111176454.0,13080053235.6,13080053235.6
sh600971,恒源煤电,2013-01-30,13.15,13.49,13.05,13.17,13.08,8258650.0,109187954.0,13170053601.9,13170053601.9
sh600971,恒源煤电,2013-01-31,13.18,13.68,13.13,13.41,13.17,16954011.0,228176533.0,13410054578.7,13410054578.7
sh600971,恒源煤电,2013-02-01,13.3,13.48,13.15,13.42,13.41,13679940.0,181849004.0,13420054619.4,13420054619.4
sh600971,恒源煤电,2013-02-04,13.5,14.21,13.42,13.94,13.42,27370316.0,379123593.0,13940056735.8,13940056735.8
sh600971,恒源煤电,2013-02-05,13.86,14.37,13.67,14.06,13.94,20708743.0,292321733.0,14060057224.2,14060057224.2
sh600971,恒源煤电,2013-02-06,14.06,14.13,13.81,13.95,14.06,8199977.0,114077818.0,13950056776.5,13950056776.5
sh600971,恒源煤电,2013-02-07,13.91,14.03,13.67,13.77,13.95,7431927.0,102671169.0,13770056043.9,13770056043.9
sh600971,恒源煤电,2013-02-08,13.73,14.09,13.73,13.85,13.77,7600234.0,105822931.0,13850056369.5,13850056369.5
sh600971,恒源煤电,2013-02-18,13.85,13.93,13.4,13.43,13.85,9226185.0,125215253.0,13430054660.1,13430054660.1
sh600971,恒源煤电,2013-02-19,13.4,13.52,13.01,13.08,13.43,8043515.0,106078080.0,13080053235.6,13080053235.6
sh600971,恒源煤电,2013-02-20,13.1,13.29,13.07,13.27,13.08,5569481.0,73337108.0,13270054008.9,13270054008.9
sh600971,恒源煤电,2013-02-21,13.1,13.1,12.66,12.73,13.27,9466108.0,121268070.0,12730051811.1,12730051811.1
sh600971,恒源煤电,2013-02-22,12.71,12.8,12.62,12.71,12.73,4825478.0,61348091.0,12710051729.7,12710051729.7
sh600971,恒源煤电,2013-02-25,12.75,12.85,12.66,12.71,12.71,3853336.0,49082226.0,12710051729.7,12710051729.7
sh600971,恒源煤电,2013-02-26,12.63,12.63,12.37,12.37,12.71,6364502.0,79546726.0,12370050345.9,12370050345.9
sh600971,恒源煤电,2013-02-27,12.38,12.58,12.32,12.44,12.37,4241510.0,52746121.0,12440050630.8,12440050630.8
sh600971,恒源煤电,2013-02-28,12.53,12.8,12.4,12.8,12.44,6779401.0,85737639.0,12800052096.0,12800052096.0
sh600971,恒源煤电,2013-03-01,12.72,12.78,12.41,12.61,12.8,6413723.0,80703409.0,12610051322.7,12610051322.7
sh600971,恒源煤电,2013-03-04,12.5,12.5,11.74,11.89,12.61,9336331.0,112422177.0,11890048392.3,11890048392.3
sh600971,恒源煤电,2013-03-05,11.9,12.09,11.81,12.04,11.89,4846579.0,57898088.0,12040049002.8,12040049002.8
sh600971,恒源煤电,2013-03-06,12.1,12.17,11.9,12.09,12.04,5973012.0,71717342.0,12090049206.3,12090049206.3
sh600971,恒源煤电,2013-03-07,12.08,12.72,11.87,12.39,12.09,11587179.0,143290863.0,12390050427.3,12390050427.3
sh600971,恒源煤电,2013-03-08,12.34,12.55,12.15,12.25,12.39,4646458.0,57224763.0,12250049857.5,12250049857.5
sh600971,恒源煤电,2013-03-11,12.2,12.21,12.02,12.05,12.25,3044617.0,36806561.0,12050049043.5,12050049043.5
sh600971,恒源煤电,2013-03-12,12.08,12.22,11.77,11.91,12.05,4654138.0,55727571.0,11910048473.7,11910048473.7
sh600971,恒源煤电,2013-03-13,12.0,12.1,11.86,11.96,11.91,3679890.0,44091576.0,11960048677.2,11960048677.2
sh600971,恒源煤电,2013-03-14,11.85,12.13,11.79,12.08,11.96,4477280.0,53502452.0,12080049165.6,12080049165.6
sh600971,恒源煤电,2013-03-15,12.0,12.22,11.84,11.89,12.08,4610939.0,55433862.0,11890048392.3,11890048392.3
sh600971,恒源煤电,2013-03-18,11.79,11.92,11.59,11.61,11.89,3432282.0,40320380.0,11610047252.7,11610047252.7
sh600971,恒源煤电,2013-03-19,11.7,11.85,11.58,11.77,11.61,3040664.0,35675521.0,11770047903.9,11770047903.9
sh600971,恒源煤电,2013-03-20,11.8,12.07,11.72,12.06,11.77,6174151.0,73802491.0,12060049084.2,12060049084.2
sh600971,恒源煤电,2013-03-21,12.06,12.18,11.96,12.03,12.06,5421598.0,65362816.0,12030048962.1,12030048962.1
sh600971,恒源煤电,2013-03-22,12.0,12.06,11.92,11.98,12.03,3814482.0,45676054.0,11980048758.6,11980048758.6
sh600971,恒源煤电,2013-03-25,12.0,12.11,11.91,11.97,11.98,3216438.0,38553318.0,11970048717.9,11970048717.9
sh600971,恒源煤电,2013-03-26,11.92,11.92,11.59,11.65,11.97,4785250.0,55883125.0,11650047415.5,11650047415.5
sh600971,恒源煤电,2013-03-27,11.65,11.78,11.56,11.67,11.65,2877896.0,33591143.0,11670047496.9,11670047496.9
sh600971,恒源煤电,2013-03-28,11.57,11.67,11.25,11.47,11.67,6075419.0,69174403.0,11470046682.9,11470046682.9
sh600971,恒源煤电,2013-03-29,11.47,11.55,11.28,11.3,11.47,2928383.0,33464161.0,11300045991.0,11300045991.0
sh600971,恒源煤电,2013-04-01,11.25,11.42,11.2,11.31,11.3,2228732.0,25181875.0,11310046031.7,11310046031.7
sh600971,恒源煤电,2013-04-02,11.26,11.39,11.2,11.25,11.31,3491670.0,39347924.0,11250045787.5,11250045787.5
sh600971,恒源煤电,2013-04-03,11.35,11.35,11.01,11.06,11.25,3627680.0,40394260.0,11060045014.2,11060045014.2
sh600971,恒源煤电,2013-04-08,10.95,10.96,10.73,10.91,11.06,3366075.0,36502816.0,10910044403.7,10910044403.7
sh600971,恒源煤电,2013-04-09,10.97,11.15,10.9,10.99,10.91,3498951.0,38544691.0,10990044729.3,10990044729.3
sh600971,恒源煤电,2013-04-10,11.0,11.15,10.93,11.15,10.99,3506308.0,38780493.0,11150045380.5,11150045380.5
sh600971,恒源煤电,2013-04-11,11.2,11.22,11.0,11.02,11.15,3190465.0,35305334.0,11020044851.4,11020044851.4
sh600971,恒源煤电,2013-04-12,10.98,11.04,10.85,10.86,11.02,2096394.0,22915611.0,10860044200.2,10860044200.2
sh600971,恒源煤电,2013-04-15,10.8,10.8,10.4,10.4,10.86,4566649.0,48148389.0,10400042328.0,10400042328.0
sh600971,恒源煤电,2013-04-16,10.38,10.56,10.14,10.5,10.4,4705404.0,48504834.0,10500042735.0,10500042735.0
sh600971,恒源煤电,2013-04-17,10.53,10.55,10.3,10.39,10.5,2529298.0,26279322.0,10390042287.3,10390042287.3
sh600971,恒源煤电,2013-04-18,10.31,10.49,10.25,10.39,10.39,2175440.0,22572446.0,10390042287.3,10390042287.3
sh600971,恒源煤电,2013-04-19,10.44,10.7,10.4,10.67,10.39,4831789.0,51199876.0,10670043426.9,10670043426.9
sh600971,恒源煤电,2013-04-22,10.52,10.63,10.5,10.58,10.67,3161819.0,33366793.0,10580043060.6,10580043060.6
sh600971,恒源煤电,2013-04-23,10.58,10.58,10.14,10.16,10.58,4323075.0,44437562.0,10160041351.2,10160041351.2
sh600971,恒源煤电,2013-04-24,10.18,10.4,10.18,10.3,10.16,3296821.0,33852790.0,10300041921.0,10300041921.0
sh600971,恒源煤电,2013-04-25,10.1,10.22,9.6,9.72,10.3,10695400.0,104560820.0,9720039560.4,9720039560.4
sh600971,恒源煤电,2013-04-26,9.73,9.87,9.4,9.41,9.72,5625808.0,54024593.0,9410038298.7,9410038298.7
sh600971,恒源煤电,2013-05-02,9.35,9.35,9.16,9.26,9.41,4899919.0,45275756.0,9260037688.2,9260037688.2
sh600971,恒源煤电,2013-05-03,9.28,9.52,9.27,9.4,9.26,4904214.0,46266545.0,9400038258.0,9400038258.0
sh600971,恒源煤电,2013-05-06,9.48,9.58,9.46,9.54,9.4,4578043.0,43596539.0,9540038827.8,9540038827.8
sh600971,恒源煤电,2013-05-07,9.5,9.86,9.42,9.71,9.54,6385504.0,61876014.0,9710039519.7,9710039519.7
sh600971,恒源煤电,2013-05-08,9.78,9.79,9.54,9.58,9.71,4471890.0,43115188.0,9580038990.6,9580038990.6
sh600971,恒源煤电,2013-05-09,9.6,9.65,9.24,9.32,9.58,5658366.0,53072990.0,9320037932.4,9320037932.4
sh600971,恒源煤电,2013-05-10,9.3,9.52,9.21,9.49,9.32,4831774.0,45397870.0,9490038624.3,9490038624.3
sh600971,恒源煤电,2013-05-13,9.5,9.53,9.4,9.52,9.49,3525885.0,33367247.0,9520038746.4,9520038746.4
sh600971,恒源煤电,2013-05-14,9.59,9.59,9.28,9.29,9.52,3737922.0,34930903.0,9290037810.3,9290037810.3
sh600971,恒源煤电,2013-05-15,9.26,9.5,9.25,9.33,9.29,2391962.0,22303376.0,9330037973.1,9330037973.1
sh600971,恒源煤电,2013-05-16,9.34,9.52,9.21,9.51,9.33,5098346.0,47849159.0,9510038705.7,9510038705.7
sh600971,恒源煤电,2013-05-17,9.5,10.46,9.31,10.46,9.51,20180938.0,200359248.0,10460042572.2,10460042572.2
sh600971,恒源煤电,2013-05-20,10.45,10.78,10.22,10.65,10.46,26703136.0,281509163.0,10650043345.5,10650043345.5
sh600971,恒源煤电,2013-05-21,10.6,10.79,10.46,10.59,10.65,14555904.0,154592512.0,10590043101.3,10590043101.3
sh600971,恒源煤电,2013-05-22,10.5,10.8,10.37,10.63,10.59,11227482.0,118512109.0,10630043264.1,10630043264.1
sh600971,恒源煤电,2013-05-23,10.51,10.6,10.27,10.28,10.63,8864559.0,92305695.0,10280041839.6,10280041839.6
sh600971,恒源煤电,2013-05-24,10.25,10.42,10.22,10.38,10.28,5620964.0,58128489.0,10380042246.6,10380042246.6
sh600971,恒源煤电,2013-05-27,10.31,10.54,10.21,10.44,10.38,6728416.0,69849085.0,10440042490.8,10440042490.8
sh600971,恒源煤电,2013-05-28,10.42,11.28,10.19,11.04,10.44,19109343.0,207792795.0,11040044932.8,11040044932.8
sh600971,恒源煤电,2013-05-29,10.94,11.08,10.79,10.83,11.04,9936420.0,108342231.0,10830044078.1,10830044078.1
sh600971,恒源煤电,2013-05-30,10.73,11.02,10.7,10.83,10.83,6689413.0,72729252.0,10830044078.1,10830044078.1
sh600971,恒源煤电,2013-05-31,10.76,11.07,10.71,10.76,10.83,7336995.0,79954066.0,10760043793.2,10760043793.2
sh600971,恒源煤电,2013-06-03,10.66,11.06,10.51,10.75,10.76,8927752.0,96668053.0,10750043752.5,10750043752.5
sh600971,恒源煤电,2013-06-04,10.75,10.75,10.35,10.39,10.75,5990150.0,62840071.0,10390042287.3,10390042287.3
sh600971,恒源煤电,2013-06-05,10.38,10.62,10.3,10.61,10.39,5940567.0,62303582.0,10610043182.7,10610043182.7
sh600971,恒源煤电,2013-06-06,10.58,10.99,10.5,10.51,10.61,7037874.0,75544158.0,10510042775.7,10510042775.7
sh600971,恒源煤电,2013-06-07,10.54,10.65,9.98,10.25,10.51,7480446.0,76818139.0,10250041717.5,10250041717.5
sh600971,恒源煤电,2013-06-13,10.09,10.1,9.4,9.56,10.25,7157033.0,68767117.0,9560038909.2,9560038909.2
sh600971,恒源煤电,2013-06-14,9.58,9.62,9.26,9.5,9.56,8808399.0,82732163.0,9500038665.0,9500038665.0
sh600971,恒源煤电,2013-06-17,9.5,9.52,9.25,9.35,9.5,5629502.0,52769643.0,9350038054.5,9350038054.5
sh600971,XD恒源煤,2013-06-18,9.16,9.25,9.07,9.11,9.09,3303814.0,30170386.0,9110037077.7,9110037077.7
sh600971,恒源煤电,2013-06-19,9.11,9.55,8.8,9.35,9.11,9355518.0,85670642.0,9350038054.5,9350038054.5
sh600971,恒源煤电,2013-06-20,9.15,9.25,8.88,8.89,9.35,4980346.0,45162461.0,8890036182.3,8890036182.3
sh600971,恒源煤电,2013-06-21,8.7,9.1,8.62,8.87,8.89,4046046.0,35889979.0,8870036100.9,8870036100.9
sh600971,恒源煤电,2013-06-24,8.8,8.86,8.1,8.11,8.87,5725024.0,48536323.0,8110033007.7,8110033007.7
sh600971,恒源煤电,2013-06-25,8.02,8.25,7.33,7.88,8.11,6622867.0,52070653.0,7880032071.6,7880032071.6
sh600971,恒源煤电,2013-06-26,7.89,8.01,7.55,7.84,7.88,6802973.0,52988988.0,7840031908.8,7840031908.8
sh600971,恒源煤电,2013-06-27,7.85,8.07,7.6,7.65,7.84,6280835.0,49038444.0,7650031135.5,7650031135.5
sh600971,恒源煤电,2013-06-28,7.51,8.03,7.44,7.7,7.65,7356777.0,56808571.0,7700031339.0,7700031339.0
sh600971,恒源煤电,2013-07-01,7.52,7.72,7.42,7.63,7.7,4716596.0,35733761.0,7630031054.1,7630031054.1
sh600971,恒源煤电,2013-07-02,7.6,7.8,7.56,7.76,7.63,4709126.0,36163037.0,7760031583.2,7760031583.2
sh600971,恒源煤电,2013-07-03,7.71,7.85,7.54,7.75,7.76,6177347.0,47575022.0,7750031542.5,7750031542.5
sh600971,恒源煤电,2013-07-04,7.64,8.13,7.5,8.01,7.75,12293737.0,97298451.0,8010032600.7,8010032600.7
sh600971,恒源煤电,2013-07-05,7.91,8.11,7.86,7.87,8.01,6855619.0,54554265.0,7870032030.9,7870032030.9
sh600971,恒源煤电,2013-07-08,7.72,7.72,7.23,7.26,7.87,8071308.0,59834409.0,7260029548.2,7260029548.2
sh600971,恒源煤电,2013-07-09,7.24,7.5,7.19,7.29,7.26,4580217.0,33550469.0,7290029670.3,7290029670.3
sh600971,恒源煤电,2013-07-10,7.3,7.7,7.29,7.65,7.29,6709069.0,50406915.0,7650031135.5,7650031135.5
sh600971,恒源煤电,2013-07-11,7.64,8.1,7.64,7.97,7.65,11834588.0,93965694.0,7970032437.9,7970032437.9
sh600971,恒源煤电,2013-07-12,7.97,7.99,7.63,7.67,7.97,6897667.0,53758197.0,7670031216.9,7670031216.9
sh600971,恒源煤电,2013-07-15,7.7,7.85,7.52,7.71,7.67,5520229.0,42597068.0,7710031379.7,7710031379.7
sh600971,恒源煤电,2013-07-16,7.67,7.76,7.6,7.75,7.71,4768152.0,36586619.0,7750031542.5,7750031542.5
sh600971,恒源煤电,2013-07-17,7.71,8.2,7.68,7.84,7.75,11737637.0,93714633.0,7840031908.8,7840031908.8
sh600971,恒源煤电,2013-07-18,7.8,7.86,7.65,7.7,7.84,4659983.0,35945613.0,7700031339.0,7700031339.0
sh600971,恒源煤电,2013-07-19,7.71,7.85,7.45,7.45,7.7,5100887.0,39155494.0,7450030321.5,7450030321.5
sh600971,恒源煤电,2013-07-22,7.3,7.5,7.26,7.44,7.45,3209280.0,23755004.0,7440030280.8,7440030280.8
sh600971,恒源煤电,2013-07-23,7.44,7.79,7.44,7.66,7.44,5075062.0,38779035.0,7660031176.2,7660031176.2
sh600971,恒源煤电,2013-07-24,7.6,7.74,7.42,7.51,7.66,5106396.0,38530312.0,7510030565.7,7510030565.7
sh600971,恒源煤电,2013-07-25,7.56,7.82,7.46,7.6,7.51,7112798.0,54565599.0,7600030932.0,7600030932.0
sh600971,恒源煤电,2013-07-26,7.59,7.59,7.41,7.46,7.6,3745339.0,28010513.0,7460030362.2,7460030362.2
sh600971,恒源煤电,2013-07-29,7.43,7.45,7.23,7.28,7.46,4749375.0,34606882.0,7280029629.6,7280029629.6
sh600971,恒源煤电,2013-07-30,7.3,7.45,7.27,7.34,7.28,3515727.0,25901139.0,7340029873.8,7340029873.8
sh600971,恒源煤电,2013-07-31,7.33,7.48,7.33,7.47,7.34,5287470.0,39045003.0,7470030402.9,7470030402.9
sh600971,恒源煤电,2013-08-01,7.48,7.8,7.42,7.63,7.47,9413706.0,71862497.0,7630031054.1,7630031054.1
sh600971,恒源煤电,2013-08-02,7.62,7.83,7.55,7.67,7.63,9307118.0,71574442.0,7670031216.9,7670031216.9
sh600971,恒源煤电,2013-08-05,7.64,8.44,7.56,8.33,7.67,22953951.0,186376496.0,8330033903.1,8330033903.1
sh600971,恒源煤电,2013-08-06,8.2,8.69,8.01,8.36,8.33,19935073.0,165112650.0,8360034025.2,8360034025.2
sh600971,恒源煤电,2013-08-07,8.25,8.56,8.15,8.28,8.36,22373497.0,187807556.0,8280033699.6,8280033699.6
sh600971,恒源煤电,2013-08-08,8.16,8.28,8.0,8.08,8.28,10191043.0,82406867.0,8080032885.6,8080032885.6
sh600971,恒源煤电,2013-08-09,8.12,8.4,8.04,8.28,8.08,15876592.0,130438322.0,8280033699.6,8280033699.6
sh600971,恒源煤电,2013-08-12,8.25,8.99,8.21,8.95,8.28,28555602.0,246611949.0,8950036426.5,8950036426.5
sh600971,恒源煤电,2013-08-13,8.8,8.88,8.61,8.65,8.95,16667247.0,145198766.0,8650035205.5,8650035205.5
sh600971,恒源煤电,2013-08-14,8.66,8.84,8.45,8.49,8.65,12543775.0,108227392.0,8490034554.3,8490034554.3
sh600971,恒源煤电,2013-08-15,8.5,8.55,8.34,8.34,8.49,7674010.0,64644554.0,8340033943.8,8340033943.8
sh600971,恒源煤电,2013-08-16,8.24,8.68,8.15,8.25,8.34,11265190.0,93942872.0,8250033577.5,8250033577.5
sh600971,恒源煤电,2013-08-19,8.17,8.45,8.09,8.36,8.25,7047676.0,58342902.0,8360034025.2,8360034025.2
sh600971,恒源煤电,2013-08-20,8.32,8.4,8.15,8.18,8.36,4845062.0,40117877.0,8180033292.6,8180033292.6
sh600971,恒源煤电,2013-08-21,8.28,8.46,8.19,8.32,8.18,5198349.0,43157687.0,8320033862.4,8320033862.4
sh600971,恒源煤电,2013-08-22,8.26,8.39,8.18,8.2,8.32,4048110.0,33417738.0,8200033374.0,8200033374.0
sh600971,恒源煤电,2013-08-23,8.22,8.35,7.96,8.03,8.2,6637977.0,53917410.0,8030032682.1,8030032682.1
sh600971,恒源煤电,2013-08-26,8.06,8.25,8.03,8.21,8.03,5467090.0,44696978.0,8210033414.7,8210033414.7
sh600971,恒源煤电,2013-08-27,8.22,8.32,8.18,8.27,8.21,4552062.0,37548744.0,8270033658.9,8270033658.9
sh600971,恒源煤电,2013-08-28,8.24,8.53,8.18,8.38,8.27,10673158.0,89263676.0,8380034106.6,8380034106.6
sh600971,恒源煤电,2013-08-29,8.38,8.38,8.05,8.13,8.38,8428090.0,68778392.0,8130033089.1,8130033089.1
sh600971,恒源煤电,2013-08-30,8.13,8.17,8.0,8.07,8.13,5433763.0,43888333.0,8070032844.9,8070032844.9
sh600971,恒源煤电,2013-09-02,8.1,8.19,7.93,8.13,8.07,4313278.0,34812413.0,8130033089.1,8130033089.1
sh600971,恒源煤电,2013-09-03,8.18,8.25,8.07,8.19,8.13,4665701.0,38099617.0,8190033333.3,8190033333.3
sh600971,恒源煤电,2013-09-04,8.18,8.77,8.1,8.46,8.19,17193073.0,145826246.0,8460034432.2,8460034432.2
sh600971,恒源煤电,2013-09-05,8.33,8.39,8.16,8.22,8.46,9506289.0,78440911.0,8220033455.4,8220033455.4
sh600971,恒源煤电,2013-09-06,8.2,8.3,8.18,8.23,8.22,4727756.0,38930073.0,8230033496.1,8230033496.1
sh600971,恒源煤电,2013-09-09,8.25,8.5,8.19,8.4,8.23,10429166.0,87293373.0,8400034188.0,8400034188.0
sh600971,恒源煤电,2013-09-10,8.4,8.65,8.37,8.57,8.4,13991813.0,119365842.0,8570034879.9,8570034879.9
sh600971,恒源煤电,2013-09-11,8.51,9.1,8.51,8.84,8.57,23676670.0,209630446.0,8840035978.8,8840035978.8
sh600971,恒源煤电,2013-09-12,8.83,8.83,8.61,8.73,8.84,9771593.0,85045091.0,8730035531.1,8730035531.1
sh600971,恒源煤电,2013-09-13,8.67,8.77,8.41,8.49,8.73,8381671.0,71680126.0,8490034554.3,8490034554.3
sh600971,恒源煤电,2013-09-16,8.49,8.56,8.35,8.45,8.49,6406567.0,54024150.0,8450034391.5,8450034391.5
sh600971,恒源煤电,2013-09-17,8.41,8.45,8.12,8.13,8.45,8189793.0,67732787.0,8130033089.1,8130033089.1
sh600971,恒源煤电,2013-09-18,8.16,8.19,8.01,8.14,8.13,5757317.0,46636052.0,8140033129.8,8140033129.8
sh600971,恒源煤电,2013-09-23,8.16,8.27,8.16,8.22,8.14,5207414.0,42776446.0,8220033455.4,8220033455.4
sh600971,恒源煤电,2013-09-24,8.21,8.22,8.0,8.08,8.22,7469169.0,60273365.0,8080032885.6,8080032885.6
sh600971,恒源煤电,2013-09-25,8.05,8.15,8.02,8.06,8.08,4044933.0,32673603.0,8060032804.2,8060032804.2
sh600971,恒源煤电,2013-09-26,8.08,8.13,7.79,7.81,8.06,5969099.0,47562117.0,7810031786.7,7810031786.7
sh600971,恒源煤电,2013-09-27,7.87,8.11,7.83,7.92,7.81,4911646.0,39249204.0,7920032234.4,7920032234.4
sh600971,恒源煤电,2013-09-30,7.92,8.02,7.89,7.98,7.92,2739122.0,21742295.0,7980032478.6,7980032478.6
sh600971,恒源煤电,2013-10-08,7.95,8.05,7.83,8.03,7.98,3642603.0,28892471.0,8030032682.1,8030032682.1
sh600971,恒源煤电,2013-10-09,8.0,8.03,7.93,8.01,8.03,3911389.0,31177870.0,8010032600.7,8010032600.7
sh600971,恒源煤电,2013-10-10,8.01,8.15,7.83,8.01,8.01,6512647.0,52079202.0,8010032600.7,8010032600.7
sh600971,恒源煤电,2013-10-11,8.04,8.15,8.02,8.13,8.01,5570711.0,45125763.0,8130033089.1,8130033089.1
sh600971,恒源煤电,2013-10-14,8.13,8.3,8.07,8.2,8.13,7129493.0,58485418.0,8200033374.0,8200033374.0
sh600971,恒源煤电,2013-10-15,8.22,8.28,8.07,8.15,8.2,5322311.0,43458884.0,8150033170.5,8150033170.5
sh600971,恒源煤电,2013-10-16,8.14,8.14,7.85,7.87,8.15,5332922.0,42404302.0,7870032030.9,7870032030.9
sh600971,恒源煤电,2013-10-17,7.91,8.32,7.9,8.05,7.87,9002523.0,73388765.0,8050032763.5,8050032763.5
sh600971,恒源煤电,2013-10-18,7.97,8.0,7.88,7.95,8.05,3706406.0,29420832.0,7950032356.5,7950032356.5
sh600971,恒源煤电,2013-10-21,7.95,8.35,7.88,8.27,7.95,13045714.0,106905912.0,8270033658.9,8270033658.9
sh600971,恒源煤电,2013-10-22,8.18,8.51,8.13,8.4,8.27,17843694.0,148695448.0,8400034188.0,8400034188.0
sh600971,恒源煤电,2013-10-23,8.38,8.46,8.22,8.29,8.4,10355577.0,86175022.0,8290033740.3,8290033740.3
sh600971,恒源煤电,2013-10-24,8.21,8.23,8.01,8.03,8.29,5626823.0,45706312.0,8030032682.1,8030032682.1
sh600971,恒源煤电,2013-10-25,8.01,8.09,7.82,7.91,8.03,4444772.0,35465375.0,7910032193.7,7910032193.7
sh600971,恒源煤电,2013-10-28,7.9,7.96,7.58,7.68,7.91,5227227.0,40511887.0,7680031257.6,7680031257.6
sh600971,恒源煤电,2013-10-29,7.67,7.81,7.4,7.52,7.68,5252739.0,39983185.0,7520030606.4,7520030606.4
sh600971,恒源煤电,2013-10-30,7.6,7.7,7.51,7.63,7.52,4202784.0,31972241.0,7630031054.1,7630031054.1
sh600971,恒源煤电,2013-10-31,7.59,7.65,7.49,7.6,7.63,3150705.0,23922033.0,7600030932.0,7600030932.0
sh600971,恒源煤电,2013-11-01,7.63,7.7,7.56,7.67,7.6,2899052.0,22201710.0,7670031216.9,7670031216.9
sh600971,恒源煤电,2013-11-04,7.68,7.79,7.51,7.55,7.67,3255685.0,24774801.0,7550030728.5,7550030728.5
sh600971,恒源煤电,2013-11-05,7.51,7.55,7.34,7.51,7.55,4389007.0,32658559.0,7510030565.7,7510030565.7
sh600971,恒源煤电,2013-11-06,7.45,7.73,7.42,7.5,7.51,4892784.0,36955640.0,7500030525.0,7500030525.0
sh600971,恒源煤电,2013-11-07,7.49,7.65,7.46,7.57,7.5,4242129.0,32074951.0,7570030809.9,7570030809.9
sh600971,恒源煤电,2013-11-08,7.54,7.62,7.38,7.41,7.57,3517251.0,26271660.0,7410030158.7,7410030158.7
sh600971,恒源煤电,2013-11-11,7.42,7.47,7.33,7.39,7.41,2422194.0,17916998.0,7390030077.3,7390030077.3
sh600971,恒源煤电,2013-11-12,7.39,7.59,7.37,7.48,7.39,3519038.0,26325774.0,7480030443.6,7480030443.6
sh600971,恒源煤电,2013-11-13,7.42,7.47,7.28,7.28,7.48,3485841.0,25680767.0,7280029629.6,7280029629.6
sh600971,恒源煤电,2013-11-14,7.3,7.43,7.29,7.34,7.28,2904532.0,21329457.0,7340029873.8,7340029873.8
sh600971,恒源煤电,2013-11-15,7.34,7.53,7.33,7.46,7.34,4979791.0,37244668.0,7460030362.2,7460030362.2
sh600971,恒源煤电,2013-11-18,7.47,7.65,7.47,7.64,7.46,6504874.0,49329425.0,7640031094.8,7640031094.8
sh600971,恒源煤电,2013-11-19,7.64,7.66,7.54,7.57,7.64,4410055.0,33423612.0,7570030809.9,7570030809.9
sh600971,恒源煤电,2013-11-20,7.6,7.65,7.53,7.59,7.57,4012408.0,30403256.0,7590030891.3,7590030891.3
sh600971,恒源煤电,2013-11-21,7.61,7.84,7.56,7.71,7.59,10339410.0,79996078.0,7710031379.7,7710031379.7
sh600971,恒源煤电,2013-11-22,7.76,7.81,7.63,7.64,7.71,5530537.0,42673222.0,7640031094.8,7640031094.8
sh600971,恒源煤电,2013-11-25,7.64,7.66,7.53,7.56,7.64,3844472.0,29177967.0,7560030769.2,7560030769.2
sh600971,恒源煤电,2013-11-26,7.57,7.64,7.53,7.57,7.56,2434671.0,18432880.0,7570030809.9,7570030809.9
sh600971,恒源煤电,2013-11-27,7.6,7.73,7.56,7.71,7.57,5064856.0,38796428.0,7710031379.7,7710031379.7
sh600971,恒源煤电,2013-11-28,7.82,7.95,7.81,7.83,7.71,9680085.0,76221540.0,7830031868.1,7830031868.1
sh600971,恒源煤电,2013-11-29,7.76,7.82,7.71,7.77,7.83,4902998.0,38028948.0,7770031623.9,7770031623.9
sh600971,恒源煤电,2013-12-02,7.64,7.78,7.44,7.45,7.77,6264307.0,47422162.0,7450030321.5,7450030321.5
sh600971,恒源煤电,2013-12-03,7.45,7.61,7.44,7.59,7.45,3734225.0,28178514.0,7590030891.3,7590030891.3
sh600971,恒源煤电,2013-12-04,7.55,7.74,7.52,7.68,7.59,6248805.0,47988863.0,7680031257.6,7680031257.6
sh600971,恒源煤电,2013-12-05,7.7,7.79,7.69,7.7,7.68,5470702.0,42277530.0,7700031339.0,7700031339.0
sh600971,恒源煤电,2013-12-06,7.68,7.77,7.66,7.76,7.7,4155350.0,32022042.0,7760031583.2,7760031583.2
sh600971,恒源煤电,2013-12-09,7.78,7.92,7.68,7.82,7.76,8050047.0,62772047.0,7820031827.4,7820031827.4
sh600971,恒源煤电,2013-12-10,7.99,8.07,7.76,7.8,7.82,9299691.0,73465316.0,7800031746.0,7800031746.0
sh600971,恒源煤电,2013-12-11,7.72,7.75,7.59,7.63,7.8,4467148.0,34182841.0,7630031054.1,7630031054.1
sh600971,恒源煤电,2013-12-12,7.57,7.69,7.54,7.57,7.63,3786513.0,28809065.0,7570030809.9,7570030809.9
sh600971,恒源煤电,2013-12-13,7.54,7.62,7.52,7.55,7.57,3141356.0,23754511.0,7550030728.5,7550030728.5
sh600971,恒源煤电,2013-12-16,7.55,7.6,7.32,7.34,7.55,5465456.0,40495919.0,7340029873.8,7340029873.8
sh600971,恒源煤电,2013-12-17,7.35,7.39,7.24,7.33,7.34,2838860.0,20784053.0,7330029833.1,7330029833.1
sh600971,恒源煤电,2013-12-18,7.33,7.36,7.29,7.32,7.33,2444513.0,17904176.0,7320029792.4,7320029792.4
sh600971,恒源煤电,2013-12-19,7.35,7.43,7.26,7.28,7.32,2987666.0,21966975.0,7280029629.6,7280029629.6
sh600971,恒源煤电,2013-12-20,7.36,7.36,7.08,7.09,7.28,3777403.0,27228200.0,7090028856.3,7090028856.3
sh600971,恒源煤电,2013-12-23,7.0,7.1,6.92,7.02,7.09,2948552.0,20648805.0,7020028571.4,7020028571.4
sh600971,恒源煤电,2013-12-24,7.0,7.13,6.98,7.04,7.02,4237092.0,29880395.0,7040028652.8,7040028652.8
sh600971,恒源煤电,2013-12-25,7.08,7.08,6.89,6.97,7.04,4148131.0,28881053.0,6970028367.9,6970028367.9
sh600971,恒源煤电,2013-12-26,6.96,6.97,6.65,6.77,6.97,7281613.0,49275273.0,6770027553.9,6770027553.9
sh600971,恒源煤电,2013-12-27,6.75,6.96,6.7,6.95,6.77,7077201.0,48306891.0,6950028286.5,6950028286.5
sh600971,恒源煤电,2013-12-30,6.91,7.17,6.88,7.17,6.95,6983698.0,49096047.0,7170029181.9,7170029181.9
sh600971,恒源煤电,2013-12-31,7.07,7.38,7.05,7.13,7.17,4037673.0,29047487.0,7130029019.1,7130029019.1
sh600971,恒源煤电,2014-01-02,7.06,7.1,6.81,6.89,7.13,5991977.0,41346257.0,6890028042.3,6890028042.3
sh600971,恒源煤电,2014-01-03,6.83,6.86,6.75,6.8,6.89,2790273.0,18959244.0,6800027676.0,6800027676.0
sh600971,恒源煤电,2014-01-06,6.79,6.79,6.49,6.51,6.8,3902653.0,25782732.0,6510026495.7,6510026495.7
sh600971,恒源煤电,2014-01-07,6.48,6.54,6.44,6.52,6.51,2300896.0,14950522.0,6520026536.4,6520026536.4
sh600971,恒源煤电,2014-01-08,6.53,6.56,6.36,6.37,6.52,3313917.0,21354277.0,6370025925.9,6370025925.9
sh600971,恒源煤电,2014-01-09,6.35,6.46,6.33,6.38,6.37,2669685.0,17079585.0,6380025966.6,6380025966.6
sh600971,恒源煤电,2014-01-10,6.36,6.41,6.23,6.28,6.38,2927882.0,18425881.0,6280025559.6,6280025559.6
sh600971,恒源煤电,2014-01-13,6.24,6.4,6.24,6.27,6.28,2454295.0,15467679.0,6270025518.9,6270025518.9
sh600971,恒源煤电,2014-01-14,6.28,6.37,6.2,6.35,6.27,2536331.0,15913552.0,6350025844.5,6350025844.5
sh600971,恒源煤电,2014-01-15,6.35,6.36,6.18,6.28,6.35,2177519.0,13648293.0,6280025559.6,6280025559.6
sh600971,恒源煤电,2014-01-16,6.29,6.43,6.23,6.31,6.28,3356462.0,21222792.0,6310025681.7,6310025681.7
sh600971,恒源煤电,2014-01-17,6.31,6.31,6.09,6.12,6.31,3669570.0,22661959.0,6120024908.4,6120024908.4
sh600971,恒源煤电,2014-01-20,6.12,6.14,6.0,6.05,6.12,2577381.0,15608334.0,6050024623.5,6050024623.5
sh600971,恒源煤电,2014-01-21,6.05,6.16,6.05,6.1,6.05,1933339.0,11805048.0,6100024827.0,6100024827.0
sh600971,恒源煤电,2014-01-22,6.1,6.27,6.05,6.26,6.1,3776889.0,23477973.0,6260025478.2,6260025478.2
sh600971,恒源煤电,2014-01-23,6.26,6.3,6.17,6.18,6.26,2827187.0,17555351.0,6180025152.6,6180025152.6
sh600971,恒源煤电,2014-01-24,6.16,6.35,6.14,6.31,6.18,3539656.0,22266863.0,6310025681.7,6310025681.7
sh600971,恒源煤电,2014-01-27,6.26,6.38,6.21,6.3,6.31,3435589.0,21616762.0,6300025641.0,6300025641.0
sh600971,恒源煤电,2014-01-28,6.33,6.36,6.18,6.25,6.3,2609762.0,16271951.0,6250025437.5,6250025437.5
sh600971,恒源煤电,2014-01-29,6.23,6.24,6.13,6.18,6.25,2383332.0,14722277.0,6180025152.6,6180025152.6
sh600971,恒源煤电,2014-01-30,6.17,6.18,6.0,6.08,6.18,2426372.0,14824433.0,6080024745.6,6080024745.6
sh600971,恒源煤电,2014-02-07,6.04,6.13,6.01,6.12,6.08,1730396.0,10516627.0,6120024908.4,6120024908.4
sh600971,恒源煤电,2014-02-10,6.18,6.28,6.13,6.24,6.12,3989481.0,24826194.0,6240025396.8,6240025396.8
sh600971,恒源煤电,2014-02-11,6.23,6.49,6.2,6.4,6.24,8148818.0,51740687.0,6400026048.0,6400026048.0
sh600971,恒源煤电,2014-02-12,6.36,6.36,6.28,6.32,6.4,4480690.0,28289780.0,6320025722.4,6320025722.4
sh600971,恒源煤电,2014-02-13,6.29,6.41,6.25,6.33,6.32,5940409.0,37738073.0,6330025763.1,6330025763.1
sh600971,恒源煤电,2014-02-14,6.34,6.39,6.25,6.34,6.33,4807186.0,30323380.0,6340025803.8,6340025803.8
sh600971,恒源煤电,2014-02-17,6.36,6.44,6.31,6.4,6.34,7296270.0,46500640.0,6400026048.0,6400026048.0
sh600971,恒源煤电,2014-02-18,6.39,6.39,6.25,6.29,6.4,5044313.0,31808771.0,6290025600.3,6290025600.3
sh600971,恒源煤电,2014-02-19,6.28,6.37,6.23,6.33,6.29,4661667.0,29358061.0,6330025763.1,6330025763.1
sh600971,恒源煤电,2014-02-20,6.35,6.44,6.31,6.31,6.33,8207462.0,52316823.0,6310025681.7,6310025681.7
sh600971,恒源煤电,2014-02-21,6.31,6.31,6.14,6.16,6.31,5269117.0,32781230.0,6160025071.2,6160025071.2
sh600971,恒源煤电,2014-02-24,6.1,6.12,5.9,5.9,6.16,6985707.0,41910257.0,5900024013.0,5900024013.0
sh600971,恒源煤电,2014-02-25,5.93,5.97,5.69,5.74,5.9,5912431.0,34473213.0,5740023361.8,5740023361.8
sh600971,恒源煤电,2014-02-26,5.7,5.75,5.61,5.73,5.74,4572174.0,25996613.0,5730023321.1,5730023321.1
sh600971,恒源煤电,2014-02-27,5.72,5.72,5.59,5.6,5.73,5145204.0,29075691.0,5600022792.0,5600022792.0
sh600971,恒源煤电,2014-02-28,5.58,5.62,5.5,5.6,5.6,4120890.0,22934658.0,5600022792.0,5600022792.0
sh600971,恒源煤电,2014-03-03,5.57,5.66,5.55,5.62,5.6,4155111.0,23267469.0,5620022873.4,5620022873.4
sh600971,恒源煤电,2014-03-04,5.6,5.62,5.5,5.57,5.62,5153289.0,28572829.0,5570022669.9,5570022669.9
sh600971,恒源煤电,2014-03-05,5.58,5.81,5.55,5.64,5.57,7757655.0,44057103.0,5640022954.8,5640022954.8
sh600971,恒源煤电,2014-03-06,5.6,5.62,5.51,5.58,5.64,3734511.0,20783369.0,5580022710.6,5580022710.6
sh600971,恒源煤电,2014-03-07,5.57,5.62,5.51,5.54,5.58,4591606.0,25488349.0,5540022547.8,5540022547.8
sh600971,恒源煤电,2014-03-10,5.46,5.47,5.16,5.19,5.54,6701957.0,35464382.0,5190021123.3,5190021123.3
sh600971,恒源煤电,2014-03-11,5.16,5.35,5.12,5.25,5.19,4207842.0,22027691.0,5250021367.5,5250021367.5
sh600971,恒源煤电,2014-03-12,5.2,5.38,5.15,5.28,5.25,4563702.0,24097216.0,5280021489.6,5280021489.6
sh600971,恒源煤电,2014-03-13,5.25,5.45,5.24,5.35,5.28,4976867.0,26689535.0,5350021774.5,5350021774.5
sh600971,恒源煤电,2014-03-14,5.25,5.27,5.19,5.22,5.35,3874703.0,20279623.0,5220021245.4,5220021245.4
sh600971,恒源煤电,2014-03-17,5.25,5.4,5.19,5.37,5.22,5424715.0,28882737.0,5370021855.9,5370021855.9
sh600971,恒源煤电,2014-03-18,5.34,5.38,5.29,5.33,5.37,3358556.0,17908575.0,5330021693.1,5330021693.1
sh600971,恒源煤电,2014-03-19,5.32,5.35,5.23,5.32,5.33,3802377.0,20090049.0,5320021652.4,5320021652.4
sh600971,恒源煤电,2014-03-20,5.3,5.36,5.17,5.19,5.32,4318646.0,22769741.0,5190021123.3,5190021123.3
sh600971,恒源煤电,2014-03-21,5.18,5.71,5.14,5.71,5.19,23548425.0,130764266.0,5710023239.7,5710023239.7
sh600971,恒源煤电,2014-03-24,5.64,5.73,5.51,5.67,5.71,18961327.0,106637580.0,5670023076.9,5670023076.9
sh600971,恒源煤电,2014-03-25,5.62,5.71,5.54,5.68,5.67,11703760.0,65902519.0,5680023117.6,5680023117.6
sh600971,恒源煤电,2014-03-26,5.67,5.69,5.55,5.58,5.68,7078479.0,39645337.0,5580022710.6,5580022710.6
sh600971,恒源煤电,2014-03-27,5.56,5.63,5.51,5.52,5.58,6678047.0,37247512.0,5520022466.4,5520022466.4
sh600971,恒源煤电,2014-03-28,5.48,5.61,5.47,5.52,5.52,5956337.0,32915815.0,5520022466.4,5520022466.4
sh600971,恒源煤电,2014-03-31,5.58,5.6,5.37,5.41,5.52,4487148.0,24578661.0,5410022018.7,5410022018.7
sh600971,恒源煤电,2014-04-01,5.4,5.47,5.37,5.44,5.41,3791987.0,20577874.0,5440022140.8,5440022140.8
sh600971,恒源煤电,2014-04-02,5.49,5.63,5.46,5.6,5.44,9005724.0,50066386.0,5600022792.0,5600022792.0
sh600971,恒源煤电,2014-04-03,5.62,5.64,5.47,5.48,5.6,4866793.0,27012951.0,5480022303.6,5480022303.6
sh600971,恒源煤电,2014-04-04,5.48,5.58,5.46,5.57,5.48,3161312.0,17445736.0,5570022669.9,5570022669.9
sh600971,恒源煤电,2014-04-08,5.57,5.8,5.53,5.71,5.57,11021852.0,62851830.0,5710023239.7,5710023239.7
sh600971,恒源煤电,2014-04-09,5.72,5.74,5.65,5.69,5.71,4324280.0,24603950.0,5690023158.3,5690023158.3
sh600971,恒源煤电,2014-04-10,5.69,5.76,5.59,5.73,5.69,13176400.0,74873817.0,5730023321.1,5730023321.1
sh600971,恒源煤电,2014-04-11,5.68,5.7,5.58,5.64,5.73,6115376.0,34490507.0,5640022954.8,5640022954.8
sh600971,恒源煤电,2014-04-14,5.64,5.71,5.61,5.68,5.64,3680150.0,20859552.0,5680023117.6,5680023117.6
sh600971,恒源煤电,2014-04-15,5.65,5.72,5.54,5.55,5.68,4604158.0,25808624.0,5550022588.5,5550022588.5
sh600971,恒源煤电,2014-04-16,5.54,5.62,5.53,5.57,5.55,3431264.0,19131143.0,5570022669.9,5570022669.9
sh600971,恒源煤电,2014-04-17,5.6,5.61,5.54,5.54,5.57,2543793.0,14167358.0,5540022547.8,5540022547.8
sh600971,恒源煤电,2014-04-18,5.51,5.66,5.5,5.57,5.54,5140029.0,28778025.0,5570022669.9,5570022669.9
sh600971,恒源煤电,2014-04-21,5.5,5.6,5.37,5.38,5.57,5556211.0,30337726.0,5380021896.6,5380021896.6
sh600971,恒源煤电,2014-04-22,5.38,5.44,5.32,5.4,5.38,3147983.0,16918741.0,5400021978.0,5400021978.0
sh600971,恒源煤电,2014-04-23,5.37,5.46,5.35,5.41,5.4,2907674.0,15721395.0,5410022018.7,5410022018.7
sh600971,恒源煤电,2014-04-24,5.39,5.5,5.35,5.42,5.41,3914693.0,21263185.0,5420022059.4,5420022059.4
sh600971,恒源煤电,2014-04-25,5.45,5.46,5.25,5.26,5.42,4223268.0,22490776.0,5260021408.2,5260021408.2
sh600971,恒源煤电,2014-04-28,5.25,5.27,5.03,5.08,5.26,7165905.0,36634704.0,5080020675.6,5080020675.6
sh600971,恒源煤电,2014-04-29,5.08,5.24,5.08,5.2,5.08,4509166.0,23239802.0,5200021164.0,5200021164.0
sh600971,恒源煤电,2014-04-30,5.2,5.22,5.13,5.16,5.2,3108362.0,16075027.0,5160021001.2,5160021001.2
sh600971,恒源煤电,2014-05-05,5.17,5.22,5.06,5.2,5.16,3394038.0,17430031.0,5200021164.0,5200021164.0
sh600971,恒源煤电,2014-05-06,5.21,5.26,5.15,5.19,5.2,3602840.0,18762430.0,5190021123.3,5190021123.3
sh600971,恒源煤电,2014-05-07,5.16,5.31,5.15,5.21,5.19,5767474.0,30263195.0,5210021204.7,5210021204.7
sh600971,恒源煤电,2014-05-08,5.22,5.69,5.18,5.48,5.21,14947934.0,81990545.0,5480022303.6,5480022303.6
sh600971,恒源煤电,2014-05-09,5.45,5.6,5.36,5.51,5.48,10045896.0,55110529.0,5510022425.7,5510022425.7
sh600971,恒源煤电,2014-05-12,5.55,6.06,5.5,6.06,5.51,17734358.0,104522854.0,6060024664.2,6060024664.2
sh600971,恒源煤电,2014-05-13,6.67,6.67,6.15,6.28,6.06,62266076.0,405134088.0,6280025559.6,6280025559.6
sh600971,恒源煤电,2014-05-14,6.12,6.25,5.99,6.05,6.28,35811560.0,219518437.0,6050024623.5,6050024623.5
sh600971,恒源煤电,2014-05-15,6.04,6.08,5.72,5.73,6.05,21721210.0,126967096.0,5730023321.1,5730023321.1
sh600971,恒源煤电,2014-05-16,5.76,5.88,5.62,5.77,5.73,18660190.0,107674857.0,5770023483.9,5770023483.9
sh600971,恒源煤电,2014-05-19,5.72,5.77,5.55,5.69,5.77,11085245.0,62800292.0,5690023158.3,5690023158.3
sh600971,恒源煤电,2014-05-20,5.72,5.76,5.57,5.6,5.69,9429433.0,53359511.0,5600022792.0,5600022792.0
sh600971,恒源煤电,2014-05-21,5.57,5.9,5.57,5.82,5.6,23055907.0,133538890.0,5820023687.4,5820023687.4
sh600971,恒源煤电,2014-05-22,5.73,5.8,5.62,5.65,5.82,14207162.0,81168230.0,5650022995.5,5650022995.5
sh600971,恒源煤电,2014-05-23,5.69,5.72,5.58,5.66,5.65,7670981.0,43234633.0,5660023036.2,5660023036.2
sh600971,恒源煤电,2014-05-26,5.69,5.74,5.63,5.68,5.66,7107785.0,40319400.0,5680023117.6,5680023117.6
sh600971,恒源煤电,2014-05-27,5.67,5.68,5.56,5.58,5.68,6953407.0,38989788.0,5580022710.6,5580022710.6
sh600971,恒源煤电,2014-05-28,5.58,5.69,5.55,5.64,5.58,8845819.0,49807938.0,5640022954.8,5640022954.8
sh600971,恒源煤电,2014-05-29,5.64,5.66,5.43,5.43,5.64,12988630.0,71686342.0,5430022100.1,5430022100.1
sh600971,恒源煤电,2014-05-30,5.41,5.51,5.39,5.43,5.43,8181850.0,44639536.0,5430022100.1,5430022100.1
sh600971,恒源煤电,2014-06-03,5.45,5.58,5.43,5.44,5.43,7993961.0,43939408.0,5440022140.8,5440022140.8
sh600971,恒源煤电,2014-06-04,5.41,5.5,5.33,5.38,5.44,6481421.0,34950397.0,5380021896.6,5380021896.6
sh600971,恒源煤电,2014-06-05,5.42,5.42,5.31,5.4,5.38,6976550.0,37374457.0,5400021978.0,5400021978.0
sh600971,恒源煤电,2014-06-06,5.38,5.4,5.31,5.36,5.4,4455202.0,23870302.0,5360021815.2,5360021815.2
sh600971,恒源煤电,2014-06-09,5.37,5.39,5.31,5.32,5.36,3906307.0,20886777.0,5320021652.4,5320021652.4
sh600971,恒源煤电,2014-06-10,5.32,5.42,5.31,5.41,5.32,6767931.0,36420528.0,5410022018.7,5410022018.7
sh600971,恒源煤电,2014-06-11,5.4,5.41,5.33,5.39,5.41,5264794.0,28261431.0,5390021937.3,5390021937.3
sh600971,恒源煤电,2014-06-12,5.38,5.44,5.33,5.35,5.39,5671474.0,30453630.0,5350021774.5,5350021774.5
sh600971,恒源煤电,2014-06-13,5.34,5.44,5.33,5.37,5.35,11162264.0,60127455.0,5370021855.9,5370021855.9
sh600971,恒源煤电,2014-06-16,5.39,5.42,5.35,5.4,5.37,7064615.0,38025887.0,5400021978.0,5400021978.0
sh600971,恒源煤电,2014-06-17,5.36,5.4,5.3,5.3,5.4,6459114.0,34535888.0,5300021571.0,5300021571.0
sh600971,恒源煤电,2014-06-18,5.3,5.43,5.26,5.37,5.3,8920642.0,47650108.0,5370021855.9,5370021855.9
sh600971,恒源煤电,2014-06-19,5.32,5.34,5.12,5.15,5.37,6993984.0,36593592.0,5150020960.5,5150020960.5
sh600971,恒源煤电,2014-06-20,5.14,5.27,5.14,5.2,5.15,4406225.0,22891091.0,5200021164.0,5200021164.0
sh600971,恒源煤电,2014-06-23,5.24,5.32,5.17,5.28,5.2,5746982.0,30208972.0,5280021489.6,5280021489.6
sh600971,恒源煤电,2014-06-24,5.26,5.36,5.22,5.32,5.28,5503044.0,29162175.0,5320021652.4,5320021652.4
sh600971,恒源煤电,2014-06-25,5.32,5.47,5.2,5.3,5.32,8621867.0,46102858.0,5300021571.0,5300021571.0
sh600971,恒源煤电,2014-06-26,5.29,5.35,5.25,5.3,5.3,6493928.0,34387606.0,5300021571.0,5300021571.0
sh600971,恒源煤电,2014-06-27,5.3,5.34,5.27,5.28,5.3,4947775.0,26258247.0,5280021489.6,5280021489.6
sh600971,恒源煤电,2014-06-30,5.29,5.41,5.28,5.34,5.28,7409712.0,39574137.0,5340021733.8,5340021733.8
sh600971,恒源煤电,2014-07-01,5.34,5.43,5.32,5.38,5.34,6973356.0,37479588.0,5380021896.6,5380021896.6
sh600971,恒源煤电,2014-07-02,5.38,5.57,5.35,5.49,5.38,11653282.0,63660853.0,5490022344.3,5490022344.3
sh600971,恒源煤电,2014-07-03,5.5,5.52,5.42,5.49,5.49,7258958.0,39719575.0,5490022344.3,5490022344.3
sh600971,XD恒源煤,2014-07-04,5.41,5.58,5.34,5.57,5.39,15485727.0,84387001.0,5570022669.9,5570022669.9
sh600971,恒源煤电,2014-07-07,5.51,5.72,5.51,5.57,5.57,20936442.0,117187307.0,5570022669.9,5570022669.9
sh600971,恒源煤电,2014-07-08,6.08,6.08,5.6,5.7,5.57,25032335.0,145029108.0,5700023199.0,5700023199.0
sh600971,恒源煤电,2014-07-09,5.75,5.85,5.61,5.71,5.7,22428338.0,128320984.0,5710023239.7,5710023239.7
sh600971,恒源煤电,2014-07-10,5.66,5.8,5.59,5.67,5.71,20667288.0,118022922.0,5670023076.9,5670023076.9
sh600971,恒源煤电,2014-07-11,5.64,5.74,5.58,5.69,5.67,15428153.0,87698893.0,5690023158.3,5690023158.3
sh600971,恒源煤电,2014-07-14,5.64,5.72,5.62,5.72,5.69,12636264.0,71824905.0,5720023280.4,5720023280.4
sh600971,恒源煤电,2014-07-15,5.74,5.88,5.7,5.77,5.72,17145487.0,99010515.0,5770023483.9,5770023483.9
sh600971,恒源煤电,2014-07-16,5.76,5.78,5.64,5.65,5.77,8026590.0,45696009.0,5650022995.5,5650022995.5
sh600971,恒源煤电,2014-07-17,5.65,5.67,5.53,5.55,5.65,6751981.0,37704246.0,5550022588.5,5550022588.5
sh600971,恒源煤电,2014-07-18,5.54,5.63,5.52,5.56,5.55,6065204.0,33775268.0,5560022629.2,5560022629.2
sh600971,恒源煤电,2014-07-21,5.55,5.59,5.51,5.51,5.56,4551082.0,25183363.0,5510022425.7,5510022425.7
sh600971,恒源煤电,2014-07-22,5.5,5.68,5.5,5.63,5.51,10833556.0,60947328.0,5630022914.1,5630022914.1
sh600971,恒源煤电,2014-07-23,5.62,5.8,5.6,5.66,5.63,11522146.0,65774083.0,5660023036.2,5660023036.2
sh600971,恒源煤电,2014-07-24,5.68,5.93,5.66,5.87,5.66,19454720.0,112886610.0,5870023890.9,5870023890.9
sh600971,恒源煤电,2014-07-25,5.85,6.04,5.78,5.94,5.87,17875421.0,105606934.0,5940024175.8,5940024175.8
sh600971,恒源煤电,2014-07-28,5.96,6.36,5.93,6.12,5.94,22886831.0,140499114.0,6120024908.4,6120024908.4
sh600971,恒源煤电,2014-07-29,6.12,6.17,6.01,6.08,6.12,14421893.0,87571762.0,6080024745.6,6080024745.6
sh600971,恒源煤电,2014-07-30,6.09,6.37,6.06,6.16,6.08,19670726.0,122398485.0,6160025071.2,6160025071.2
sh600971,恒源煤电,2014-07-31,6.15,6.33,6.1,6.28,6.16,15147943.0,94230970.0,6280025559.6,6280025559.6
sh600971,恒源煤电,2014-08-01,6.2,6.5,6.16,6.27,6.28,24647220.0,155390573.0,6270025518.9,6270025518.9
sh600971,恒源煤电,2014-08-04,6.24,6.44,6.18,6.41,6.27,20918620.0,132703913.0,6410026088.7,6410026088.7
sh600971,恒源煤电,2014-08-05,6.42,6.8,6.39,6.47,6.41,33141378.0,216985014.0,6470026332.9,6470026332.9
sh600971,恒源煤电,2014-08-06,6.45,6.53,6.31,6.47,6.47,15126280.0,97080958.0,6470026332.9,6470026332.9
sh600971,恒源煤电,2014-08-07,6.48,6.54,6.25,6.26,6.47,13146399.0,83622751.0,6260025478.2,6260025478.2
sh600971,恒源煤电,2014-08-08,6.26,6.31,6.18,6.25,6.26,9326819.0,58103800.0,6250025437.5,6250025437.5
sh600971,恒源煤电,2014-08-11,6.26,6.35,6.22,6.31,6.25,9905581.0,62281099.0,6310025681.7,6310025681.7
sh600971,恒源煤电,2014-08-12,6.28,6.32,6.2,6.24,6.31,8163679.0,50942620.0,6240025396.8,6240025396.8
sh600971,恒源煤电,2014-08-13,6.24,6.41,6.13,6.38,6.24,22422622.0,141172244.0,6380025966.6,6380025966.6
sh600971,恒源煤电,2014-08-14,6.34,6.34,6.17,6.19,6.38,10789362.0,67532491.0,6190025193.3,6190025193.3
sh600971,恒源煤电,2014-08-15,6.18,6.36,6.18,6.29,6.19,10922300.0,68682943.0,6290025600.3,6290025600.3
sh600971,恒源煤电,2014-08-18,6.25,6.44,6.25,6.37,6.29,8532167.0,54236334.0,6370025925.9,6370025925.9
sh600971,恒源煤电,2014-08-19,6.37,6.62,6.35,6.45,6.37,15368246.0,99608989.0,6450026251.5,6450026251.5
sh600971,恒源煤电,2014-08-20,6.45,6.46,6.35,6.38,6.45,9575140.0,61230306.0,6380025966.6,6380025966.6
sh600971,恒源煤电,2014-08-21,6.36,6.43,6.22,6.28,6.38,9837796.0,61991313.0,6280025559.6,6280025559.6
sh600971,恒源煤电,2014-08-22,6.28,6.31,6.18,6.28,6.28,9660107.0,60308791.0,6280025559.6,6280025559.6
sh600971,恒源煤电,2014-08-25,6.28,6.28,6.12,6.16,6.28,8000208.0,49433058.0,6160025071.2,6160025071.2
sh600971,恒源煤电,2014-08-26,6.16,6.22,5.96,5.97,6.16,8673401.0,52799184.0,5970024297.9,5970024297.9
sh600971,恒源煤电,2014-08-27,5.96,6.04,5.95,5.97,5.97,5763720.0,34513303.0,5970024297.9,5970024297.9
sh600971,恒源煤电,2014-08-28,5.98,6.1,5.96,5.98,5.97,6560664.0,39563746.0,5980024338.6,5980024338.6
sh600971,恒源煤电,2014-08-29,5.99,6.05,5.87,6.04,5.98,4828697.0,28825537.0,6040024582.8,6040024582.8
sh600971,恒源煤电,2014-09-01,6.07,6.12,6.0,6.1,6.04,5119119.0,31034012.0,6100024827.0,6100024827.0
sh600971,恒源煤电,2014-09-02,6.1,6.21,6.09,6.2,6.1,8271916.0,50950654.0,6200025234.0,6200025234.0
sh600971,恒源煤电,2014-09-03,6.23,6.35,6.21,6.24,6.2,11316149.0,70955884.0,6240025396.8,6240025396.8
sh600971,恒源煤电,2014-09-04,6.24,6.33,6.23,6.31,6.24,8989511.0,56462317.0,6310025681.7,6310025681.7
sh600971,恒源煤电,2014-09-05,6.33,6.36,6.25,6.32,6.31,13032805.0,82308200.0,6320025722.4,6320025722.4
sh600971,恒源煤电,2014-09-09,6.32,6.43,6.23,6.32,6.32,13394595.0,84562085.0,6320025722.4,6320025722.4
sh600971,恒源煤电,2014-09-10,6.28,6.29,6.2,6.26,6.32,9303395.0,58169068.0,6260025478.2,6260025478.2
sh600971,恒源煤电,2014-09-11,6.26,6.37,6.21,6.25,6.26,10801232.0,67977548.0,6250025437.5,6250025437.5
sh600971,恒源煤电,2014-09-12,6.23,6.33,6.22,6.33,6.25,7357356.0,46315725.0,6330025763.1,6330025763.1
sh600971,恒源煤电,2014-09-15,6.33,6.49,6.32,6.45,6.33,16558056.0,106555756.0,6450026251.5,6450026251.5
sh600971,恒源煤电,2014-09-16,6.49,6.52,6.25,6.25,6.45,15230371.0,97312948.0,6250025437.5,6250025437.5
sh600971,恒源煤电,2014-09-17,6.23,6.3,6.14,6.23,6.25,10851107.0,67471657.0,6230025356.1,6230025356.1
sh600971,恒源煤电,2014-09-18,6.23,6.45,6.21,6.37,6.23,15078462.0,95883808.0,6370025925.9,6370025925.9
sh600971,恒源煤电,2014-09-19,6.35,6.57,6.33,6.55,6.37,22235068.0,143786360.0,6550026658.5,6550026658.5
sh600971,恒源煤电,2014-09-22,6.55,7.2,6.42,6.76,6.55,38231574.0,257770222.0,6760027513.2,6760027513.2
sh600971,恒源煤电,2014-09-23,6.68,6.84,6.6,6.77,6.76,20621591.0,138644029.0,6770027553.9,6770027553.9
sh600971,恒源煤电,2014-09-24,6.71,7.09,6.63,7.0,6.77,33363439.0,229300116.0,7000028490.0,7000028490.0
sh600971,恒源煤电,2014-09-25,6.95,7.05,6.79,6.86,7.0,24817723.0,172031540.0,6860027920.2,6860027920.2
sh600971,恒源煤电,2014-09-26,6.81,6.9,6.76,6.8,6.86,12285634.0,83753495.0,6800027676.0,6800027676.0
sh600971,恒源煤电,2014-09-29,6.8,6.95,6.75,6.86,6.8,18248527.0,125191258.0,6860027920.2,6860027920.2
sh600971,恒源煤电,2014-09-30,7.04,7.14,6.86,6.88,6.86,27012590.0,189163310.0,6880028001.6,6880028001.6
sh600971,恒源煤电,2014-10-08,6.85,6.94,6.72,6.91,6.88,16666743.0,113781292.0,6910028123.7,6910028123.7
sh600971,恒源煤电,2014-10-09,6.9,7.09,6.78,7.08,6.91,22444633.0,156136214.0,7080028815.6,7080028815.6
sh600971,恒源煤电,2014-10-10,7.16,7.38,7.02,7.14,7.08,24035464.0,172239733.0,7140029059.8,7140029059.8
sh600971,恒源煤电,2014-10-13,7.13,7.75,7.08,7.56,7.14,40172244.0,297136021.0,7560030769.2,7560030769.2
sh600971,恒源煤电,2014-10-14,7.5,7.75,7.32,7.46,7.56,29647215.0,221768685.0,7460030362.2,7460030362.2
sh600971,恒源煤电,2014-10-15,7.41,7.46,7.23,7.31,7.46,15244564.0,111441977.0,7310029751.7,7310029751.7
sh600971,恒源煤电,2014-10-16,7.26,7.34,6.97,7.0,7.31,17050564.0,122616591.0,7000028490.0,7000028490.0
sh600971,恒源煤电,2014-10-17,6.95,7.0,6.76,6.85,7.0,13122565.0,90171337.0,6850027879.5,6850027879.5
sh600971,恒源煤电,2014-10-20,6.86,6.93,6.81,6.9,6.85,6548299.0,45138571.0,6900028083.0,6900028083.0
sh600971,恒源煤电,2014-10-21,6.91,6.94,6.68,6.69,6.9,10207562.0,69456843.0,6690027228.3,6690027228.3
sh600971,恒源煤电,2014-10-22,6.66,6.82,6.61,6.64,6.69,8682588.0,58219516.0,6640027024.8,6640027024.8
sh600971,恒源煤电,2014-10-23,6.61,6.69,6.49,6.55,6.64,8615753.0,56616434.0,6550026658.5,6550026658.5
sh600971,恒源煤电,2014-10-24,6.57,6.64,6.53,6.59,6.55,6163316.0,40599576.0,6590026821.3,6590026821.3
sh600971,恒源煤电,2014-10-27,6.59,6.62,6.48,6.53,6.59,6300918.0,41233180.0,6530026577.1,6530026577.1
sh600971,恒源煤电,2014-10-28,6.54,6.72,6.54,6.71,6.53,8568158.0,57024160.0,6710027309.7,6710027309.7
sh600971,恒源煤电,2014-10-29,6.73,6.88,6.65,6.81,6.71,12242322.0,82902676.0,6810027716.7,6810027716.7
sh600971,恒源煤电,2014-10-30,6.81,6.9,6.73,6.84,6.81,15942036.0,108698271.0,6840027838.8,6840027838.8
sh600971,恒源煤电,2014-10-31,6.83,7.12,6.79,7.02,6.84,24780532.0,172815966.0,7020028571.4,7020028571.4
sh600971,恒源煤电,2014-11-03,7.04,7.2,6.99,7.05,7.02,20427478.0,144585252.0,7050028693.5,7050028693.5
sh600971,恒源煤电,2014-11-04,7.01,7.22,7.0,7.15,7.05,25186228.0,179582189.0,7150029100.5,7150029100.5
sh600971,恒源煤电,2014-11-05,7.16,7.16,6.94,6.96,7.15,16889683.0,118718823.0,6960028327.2,6960028327.2
sh600971,恒源煤电,2014-11-06,6.96,7.05,6.91,7.02,6.96,10195652.0,71156392.0,7020028571.4,7020028571.4
sh600971,恒源煤电,2014-11-07,7.03,7.15,6.82,6.88,7.02,13246198.0,92561402.0,6880028001.6,6880028001.6
sh600971,恒源煤电,2014-11-10,6.89,7.02,6.88,6.99,6.88,10360214.0,71999858.0,6990028449.3,6990028449.3
sh600971,恒源煤电,2014-11-11,7.03,7.23,6.89,7.11,6.99,35146138.0,249782919.0,7110028937.7,7110028937.7
sh600971,恒源煤电,2014-11-12,7.11,7.42,7.06,7.41,7.11,37320748.0,273240279.0,7410030158.7,7410030158.7
sh600971,恒源煤电,2014-11-13,7.43,7.44,7.23,7.3,7.41,18636856.0,136534601.0,7300029711.0,7300029711.0
sh600971,恒源煤电,2014-11-14,7.27,7.39,7.18,7.27,7.3,11674102.0,85040301.0,7270029588.9,7270029588.9
sh600971,恒源煤电,2014-11-17,7.33,7.34,7.13,7.16,7.27,8236586.0,59209074.0,7160029141.2,7160029141.2
sh600971,恒源煤电,2014-11-18,7.11,7.17,6.97,7.02,7.16,9887515.0,69556761.0,7020028571.4,7020028571.4
sh600971,恒源煤电,2014-11-19,7.04,7.07,6.99,7.05,7.02,5591199.0,39304714.0,7050028693.5,7050028693.5
sh600971,恒源煤电,2014-11-20,7.02,7.12,7.0,7.01,7.05,7104629.0,50064549.0,7010028530.7,7010028530.7
sh600971,恒源煤电,2014-11-21,7.01,7.06,6.91,7.05,7.01,8212921.0,57436636.0,7050028693.5,7050028693.5
sh600971,恒源煤电,2014-11-24,7.07,7.38,7.07,7.26,7.05,19528582.0,141581937.0,7260029548.2,7260029548.2
sh600971,恒源煤电,2014-11-25,7.28,7.47,7.23,7.43,7.26,21887755.0,161386067.0,7430030240.1,7430030240.1
sh600971,恒源煤电,2014-11-26,7.41,7.49,7.29,7.4,7.43,17222302.0,127078523.0,7400030118.0,7400030118.0
sh600971,恒源煤电,2014-11-27,7.44,7.67,7.35,7.44,7.4,23517792.0,176487677.0,7440030280.8,7440030280.8
sh600971,恒源煤电,2014-11-28,7.44,7.46,7.17,7.36,7.44,20927125.0,152889254.0,7360029955.2,7360029955.2
sh600971,恒源煤电,2014-12-01,7.29,7.75,7.26,7.46,7.36,36006461.0,272294597.0,7460030362.2,7460030362.2
sh600971,恒源煤电,2014-12-02,7.51,7.63,7.36,7.55,7.46,21363229.0,160370153.0,7550030728.5,7550030728.5
sh600971,恒源煤电,2014-12-03,7.55,7.99,7.53,7.84,7.55,38058434.0,297381470.0,7840031908.8,7840031908.8
sh600971,恒源煤电,2014-12-04,7.95,8.62,7.95,8.62,7.84,56601214.0,478325911.0,8620035083.4,8620035083.4
sh600971,恒源煤电,2014-12-05,8.7,8.79,8.0,8.29,8.62,72806423.0,612354577.0,8290033740.3,8290033740.3
sh600971,恒源煤电,2014-12-08,8.01,8.54,7.91,8.33,8.29,42177716.0,347862943.0,8330033903.1,8330033903.1
sh600971,恒源煤电,2014-12-09,8.16,8.7,7.8,7.85,8.33,47823706.0,396140410.0,7850031949.5,7850031949.5
sh600971,恒源煤电,2014-12-10,7.81,8.07,7.62,8.03,7.85,21469998.0,168471461.0,8030032682.1,8030032682.1
sh600971,恒源煤电,2014-12-11,7.9,8.12,7.83,8.01,8.03,18421614.0,146682558.0,8010032600.7,8010032600.7
sh600971,恒源煤电,2014-12-12,8.02,8.18,7.88,8.11,8.01,18026246.0,145724971.0,8110033007.7,8110033007.7
sh600971,恒源煤电,2014-12-15,8.09,8.09,7.82,7.97,8.11,15727747.0,124757523.0,7970032437.9,7970032437.9
sh600971,恒源煤电,2014-12-16,7.89,8.34,7.8,8.29,7.97,36132152.0,292242608.0,8290033740.3,8290033740.3
sh600971,恒源煤电,2014-12-17,8.22,8.23,7.97,8.07,8.29,21844275.0,177170897.0,8070032844.9,8070032844.9
sh600971,恒源煤电,2014-12-18,8.05,8.3,8.0,8.03,8.07,17890258.0,145580974.0,8030032682.1,8030032682.1
sh600971,恒源煤电,2014-12-19,7.96,8.6,7.9,8.43,8.03,39056672.0,322871426.0,8430034310.1,8430034310.1
sh600971,恒源煤电,2014-12-22,8.45,9.05,8.44,8.77,8.43,49601100.0,433163168.0,8770035693.9,8770035693.9
sh600971,恒源煤电,2014-12-23,8.6,8.64,8.0,8.19,8.77,21647870.0,180585285.0,8190033333.3,8190033333.3
sh600971,恒源煤电,2014-12-24,8.1,8.39,8.08,8.2,8.19,15268115.0,125366132.0,8200033374.0,8200033374.0
sh600971,恒源煤电,2014-12-25,8.3,8.59,8.23,8.58,8.2,18727512.0,157652942.0,8580034920.6,8580034920.6
sh600971,恒源煤电,2014-12-26,8.57,8.89,8.44,8.81,8.58,35886081.0,312250442.0,8810035856.7,8810035856.7
sh600971,恒源煤电,2014-12-29,8.84,9.11,8.5,8.64,8.81,32396986.0,286490683.0,8640035164.8,8640035164.8
sh600971,恒源煤电,2014-12-30,8.6,8.64,8.37,8.38,8.64,17563906.0,148976521.0,8380034106.6,8380034106.6
sh600971,恒源煤电,2014-12-31,8.38,8.74,8.32,8.73,8.38,16925816.0,144554634.0,8730035531.1,8730035531.1
sh600971,恒源煤电,2015-01-05,8.73,9.6,8.7,9.6,8.73,76612959.0,722416019.0,9600039072.0,9600039072.0
sh600971,恒源煤电,2015-01-06,9.71,9.9,9.13,9.23,9.6,86266159.0,814811899.0,9230037566.1,9230037566.1
sh600971,恒源煤电,2015-01-07,9.0,9.32,8.95,9.25,9.23,33450157.0,305315928.0,9250037647.5,9250037647.5
sh600971,恒源煤电,2015-01-08,9.19,9.4,8.91,9.01,9.25,27648988.0,252947489.0,9010036670.7,9010036670.7
sh600971,恒源煤电,2015-01-09,8.93,9.13,8.77,8.79,9.01,22868363.0,204288369.0,8790035775.3,8790035775.3
sh600971,恒源煤电,2015-01-12,8.7,8.7,8.41,8.52,8.79,18425664.0,157790004.0,8520034676.4,8520034676.4
sh600971,恒源煤电,2015-01-13,8.47,8.65,8.42,8.52,8.52,9104489.0,77495377.0,8520034676.4,8520034676.4
sh600971,恒源煤电,2015-01-14,8.53,8.58,8.19,8.23,8.52,16405081.0,136958139.0,8230033496.1,8230033496.1
sh600971,恒源煤电,2015-01-15,8.25,8.49,8.16,8.48,8.23,10973893.0,91059026.0,8480034513.6,8480034513.6
sh600971,恒源煤电,2015-01-16,8.46,8.6,8.39,8.47,8.48,11562613.0,98118589.0,8470034472.9,8470034472.9
sh600971,恒源煤电,2015-01-19,8.07,8.7,7.76,7.86,8.47,29381864.0,238281660.0,7860031990.2,7860031990.2
sh600971,恒源煤电,2015-01-20,7.88,8.17,7.88,8.13,7.86,16064083.0,128865276.0,8130033089.1,8130033089.1
sh600971,恒源煤电,2015-01-21,8.12,8.4,8.05,8.38,8.13,21166674.0,175341862.0,8380034106.6,8380034106.6
sh600971,恒源煤电,2015-01-22,8.39,8.6,8.28,8.42,8.38,15329108.0,129761013.0,8420034269.4,8420034269.4
sh600971,恒源煤电,2015-01-23,8.47,8.6,8.28,8.4,8.42,20893886.0,176552756.0,8400034188.0,8400034188.0
sh600971,恒源煤电,2015-01-26,8.36,8.73,8.26,8.6,8.4,24729945.0,211172380.0,8600035002.0,8600035002.0
sh600971,恒源煤电,2015-01-27,8.54,8.81,8.36,8.57,8.6,14555608.0,124912129.0,8570034879.9,8570034879.9
sh600971,恒源煤电,2015-01-28,8.52,8.54,8.35,8.38,8.57,10151003.0,85691171.0,8380034106.6,8380034106.6
sh600971,恒源煤电,2015-01-29,8.25,8.44,8.16,8.27,8.38,12437005.0,103612248.0,8270033658.9,8270033658.9
sh600971,恒源煤电,2015-01-30,8.26,8.34,8.05,8.07,8.27,7993353.0,65409837.0,8070032844.9,8070032844.9
sh600971,恒源煤电,2015-02-02,8.02,8.08,7.9,7.91,8.07,6881766.0,54972908.0,7910032193.7,7910032193.7
sh600971,恒源煤电,2015-02-03,7.98,8.09,7.92,8.09,7.91,6859852.0,55058442.0,8090032926.3,8090032926.3
sh600971,恒源煤电,2015-02-04,8.2,8.35,8.08,8.08,8.09,10302556.0,84451813.0,8080032885.6,8080032885.6
sh600971,恒源煤电,2015-02-05,8.17,8.21,7.85,7.87,8.08,7977016.0,64240797.0,7870032030.9,7870032030.9
sh600971,恒源煤电,2015-02-06,7.82,7.9,7.37,7.49,7.87,12823502.0,98108143.0,7490030484.3,7490030484.3
sh600971,恒源煤电,2015-02-09,7.47,7.56,7.39,7.47,7.49,8925637.0,66535194.0,7470030402.9,7470030402.9
sh600971,恒源煤电,2015-02-10,7.46,7.57,7.45,7.56,7.47,5495524.0,41238786.0,7560030769.2,7560030769.2
sh600971,恒源煤电,2015-02-11,7.56,7.65,7.52,7.59,7.56,5420246.0,41161835.0,7590030891.3,7590030891.3
sh600971,恒源煤电,2015-02-12,7.59,7.75,7.46,7.72,7.59,8030992.0,61108047.0,7720031420.4,7720031420.4
sh600971,恒源煤电,2015-02-13,7.75,7.85,7.7,7.74,7.72,8083720.0,62913623.0,7740031501.8,7740031501.8
sh600971,恒源煤电,2015-02-16,7.68,7.85,7.62,7.85,7.74,8730177.0,68037420.0,7850031949.5,7850031949.5
sh600971,恒源煤电,2015-02-17,8.2,8.29,7.91,7.92,7.85,36679072.0,296872976.0,7920032234.4,7920032234.4
sh600971,恒源煤电,2015-02-25,7.89,7.96,7.84,7.9,7.92,5241612.0,41344678.0,7900032153.0,7900032153.0
sh600971,恒源煤电,2015-02-26,7.89,8.2,7.84,8.18,7.9,11039430.0,88367239.0,8180033292.6,8180033292.6
sh600971,恒源煤电,2015-02-27,8.09,8.23,8.04,8.11,8.18,10615891.0,86167653.0,8110033007.7,8110033007.7
sh600971,恒源煤电,2015-03-02,8.12,8.92,8.05,8.66,8.11,55848963.0,483346015.0,8660035246.2,8660035246.2
sh600971,恒源煤电,2015-03-03,8.5,8.78,8.41,8.58,8.66,23349850.0,199909029.0,8580034920.6,8580034920.6
sh600971,恒源煤电,2015-03-04,8.51,8.71,8.5,8.63,8.58,22912373.0,197217048.0,8630035124.1,8630035124.1
sh600971,恒源煤电,2015-03-05,8.88,8.99,8.3,8.32,8.63,25644902.0,222491869.0,8320033862.4,8320033862.4
sh600971,恒源煤电,2015-03-06,8.5,9.15,8.47,8.97,8.32,81674264.0,730673533.0,8970036507.9,8970036507.9
sh600971,恒源煤电,2015-03-09,8.7,8.85,8.41,8.8,8.97,38717925.0,332169317.0,8800035816.0,8800035816.0
sh600971,恒源煤电,2015-03-10,8.98,8.98,8.64,8.74,8.8,32588421.0,286786664.0,8740035571.8,8740035571.8
sh600971,恒源煤电,2015-03-11,8.68,8.77,8.47,8.58,8.74,16837305.0,144711929.0,8580034920.6,8580034920.6
sh600971,恒源煤电,2015-03-12,8.56,8.86,8.46,8.77,8.58,36235235.0,314708324.0,8770035693.9,8770035693.9
sh600971,恒源煤电,2015-03-13,8.7,9.02,8.63,8.72,8.77,49524511.0,438428015.0,8720035490.4,8720035490.4
sh600971,恒源煤电,2015-03-16,8.68,8.87,8.59,8.83,8.72,31191388.0,272757079.0,8830035938.1,8830035938.1
sh600971,恒源煤电,2015-03-17,8.83,8.98,8.76,8.95,8.83,32795002.0,291009327.0,8950036426.5,8950036426.5
sh600971,恒源煤电,2015-03-18,8.92,9.13,8.92,9.11,8.95,36265716.0,327464678.0,9110037077.7,9110037077.7
sh600971,恒源煤电,2015-03-19,9.12,9.24,9.0,9.11,9.11,29710583.0,270493386.0,9110037077.7,9110037077.7
sh600971,恒源煤电,2015-03-20,9.1,9.18,8.96,9.04,9.11,30359145.0,275096210.0,9040036792.8,9040036792.8
sh600971,恒源煤电,2015-03-23,9.1,9.36,9.03,9.23,9.04,43754611.0,403059237.0,9230037566.1,9230037566.1
sh600971,恒源煤电,2015-03-24,9.2,9.23,8.74,9.01,9.23,32437768.0,292219437.0,9010036670.7,9010036670.7
sh600971,恒源煤电,2015-03-25,8.92,9.0,8.82,8.91,9.01,18191043.0,161936633.0,8910036263.7,8910036263.7
sh600971,恒源煤电,2015-03-26,8.9,9.24,8.84,9.15,8.91,28492263.0,257905069.0,9150037240.5,9150037240.5
sh600971,恒源煤电,2015-03-27,9.14,9.34,9.12,9.2,9.15,26155454.0,241451000.0,9200037444.0,9200037444.0
sh600971,恒源煤电,2015-03-30,9.24,9.65,9.17,9.39,9.2,44115286.0,413309815.0,9390038217.3,9390038217.3
sh600971,恒源煤电,2015-03-31,9.41,9.49,9.09,9.11,9.39,28614440.0,265584625.0,9110037077.7,9110037077.7
sh600971,恒源煤电,2015-04-01,9.13,9.42,9.02,9.3,9.11,33337247.0,308285739.0,9300037851.0,9300037851.0
sh600971,恒源煤电,2015-04-02,9.35,9.48,9.18,9.41,9.3,26986401.0,252501707.0,9410038298.7,9410038298.7
sh600971,恒源煤电,2015-04-03,9.35,9.58,9.28,9.51,9.41,29622511.0,279962624.0,9510038705.7,9510038705.7
sh600971,恒源煤电,2015-04-07,9.55,9.85,9.52,9.76,9.51,35958231.0,348634244.0,9760039723.2,9760039723.2
sh600971,恒源煤电,2015-04-08,9.7,9.74,9.35,9.53,9.76,31572474.0,301121459.0,9530038787.1,9530038787.1
sh600971,恒源煤电,2015-04-09,9.48,9.5,9.0,9.3,9.53,26176873.0,242610748.0,9300037851.0,9300037851.0
sh600971,恒源煤电,2015-04-10,9.34,9.63,9.24,9.57,9.3,26077143.0,246876098.0,9570038949.9,9570038949.9
sh600971,恒源煤电,2015-04-13,9.53,9.82,9.53,9.71,9.57,32859383.0,319074172.0,9710039519.7,9710039519.7
sh600971,恒源煤电,2015-04-14,9.72,9.98,9.58,9.63,9.71,34989863.0,340867283.0,9630039194.1,9630039194.1
sh600971,恒源煤电,2015-04-15,9.73,9.86,9.2,9.22,9.63,26651112.0,253930192.0,9220037525.4,9220037525.4
sh600971,恒源煤电,2015-04-16,9.17,9.57,9.09,9.47,9.22,22591243.0,210940338.0,9470038542.9,9470038542.9
sh600971,恒源煤电,2015-04-17,9.53,9.82,9.51,9.68,9.47,39331232.0,381240028.0,9680039397.6,9680039397.6
sh600971,恒源煤电,2015-04-20,9.71,10.58,9.57,9.7,9.68,83893107.0,835520584.0,9700039479.0,9700039479.0
sh600971,恒源煤电,2015-04-21,9.7,10.17,9.6,10.06,9.7,46492657.0,458828850.0,10060040944.2,10060040944.2
sh600971,恒源煤电,2015-04-22,10.07,10.41,10.02,10.23,10.06,49188130.0,502473126.0,10230041636.1,10230041636.1
sh600971,恒源煤电,2015-04-23,10.25,10.8,10.11,10.47,10.23,61617955.0,642109098.0,10470042612.9,10470042612.9
sh600971,恒源煤电,2015-04-24,10.25,10.84,10.15,10.49,10.47,46660027.0,492077239.0,10490042694.3,10490042694.3
sh600971,恒源煤电,2015-04-27,10.49,10.87,10.38,10.73,10.49,42506173.0,453743920.0,10730043671.1,10730043671.1
sh600971,恒源煤电,2015-04-28,10.7,10.86,10.11,10.28,10.73,35893383.0,375951885.0,10280041839.6,10280041839.6
sh600971,恒源煤电,2015-04-29,10.18,10.43,9.95,10.4,10.28,44287138.0,451039102.0,10400042328.0,10400042328.0
sh600971,恒源煤电,2015-04-30,10.32,10.38,9.98,10.0,10.4,29519761.0,300214362.0,10000040700.0,10000040700.0
sh600971,恒源煤电,2015-05-04,9.98,10.15,9.86,10.03,10.0,22095262.0,220816082.0,10030040822.1,10030040822.1
sh600971,恒源煤电,2015-05-05,10.05,10.22,9.3,9.53,10.03,28622577.0,278094798.0,9530038787.1,9530038787.1
sh600971,恒源煤电,2015-05-06,9.47,9.57,8.98,9.05,9.53,26748039.0,248857588.0,9050036833.5,9050036833.5
sh600971,恒源煤电,2015-05-07,9.02,9.08,8.66,8.75,9.05,19669302.0,174181777.0,8750035612.5,8750035612.5
sh600971,恒源煤电,2015-05-08,8.86,8.99,8.75,8.98,8.75,16577842.0,147121746.0,8980036548.6,8980036548.6
sh600971,恒源煤电,2015-05-11,9.07,9.26,8.9,9.24,8.98,24451216.0,222695280.0,9240037606.8,9240037606.8
sh600971,恒源煤电,2015-05-12,9.24,9.26,9.09,9.19,9.24,21426593.0,196328169.0,9190037403.3,9190037403.3
sh600971,恒源煤电,2015-05-13,9.15,9.3,9.05,9.2,9.19,24479180.0,223766642.0,9200037444.0,9200037444.0
sh600971,恒源煤电,2015-05-14,9.14,9.21,9.01,9.12,9.2,20914465.0,190021321.0,9120037118.4,9120037118.4
sh600971,恒源煤电,2015-05-15,9.11,9.13,8.82,8.86,9.12,16425115.0,146962387.0,8860036060.2,8860036060.2
sh600971,恒源煤电,2015-05-18,8.77,9.06,8.71,8.98,8.86,15277993.0,136036279.0,8980036548.6,8980036548.6
sh600971,恒源煤电,2015-05-19,8.96,9.19,8.93,9.18,8.98,18260955.0,166339668.0,9180037362.6,9180037362.6
sh600971,恒源煤电,2015-05-20,9.2,9.29,9.11,9.14,9.18,24465286.0,225352222.0,9140037199.8,9140037199.8
sh600971,恒源煤电,2015-05-21,9.14,9.33,9.02,9.26,9.14,26600911.0,243654051.0,9260037688.2,9260037688.2
sh600971,恒源煤电,2015-05-22,9.31,9.77,9.26,9.73,9.26,40275754.0,379794601.0,9730039601.1,9730039601.1
sh600971,恒源煤电,2015-05-25,9.65,9.95,9.59,9.9,9.73,46546480.0,457082020.0,9900040293.0,9900040293.0
sh600971,恒源煤电,2015-05-26,9.94,10.14,9.73,10.07,9.9,43216629.0,429624391.0,10070040984.9,10070040984.9
sh600971,恒源煤电,2015-05-27,10.1,10.63,9.95,10.42,10.07,63088536.0,652935082.0,10420042409.4,10420042409.4
sh600971,恒源煤电,2015-05-28,10.4,10.71,9.66,9.68,10.42,55689966.0,570877364.0,9680039397.6,9680039397.6
sh600971,恒源煤电,2015-05-29,9.7,10.0,9.42,9.65,9.68,40229609.0,390765286.0,9650039275.5,9650039275.5
sh600971,恒源煤电,2015-06-01,9.72,10.62,9.64,10.62,9.65,65460520.0,672057800.0,10620043223.4,10620043223.4
sh600971,恒源煤电,2015-06-02,10.67,10.8,10.27,10.62,10.62,75934005.0,803221218.0,10620043223.4,10620043223.4
sh600971,恒源煤电,2015-06-03,10.78,11.15,10.39,10.7,10.62,62095701.0,667202539.0,10700043549.0,10700043549.0
sh600971,恒源煤电,2015-06-04,10.7,11.67,10.11,11.53,10.7,70441375.0,763014650.0,11530046927.1,11530046927.1
sh600971,恒源煤电,2015-06-05,11.56,11.95,11.21,11.44,11.53,79959699.0,925833131.0,11440046560.8,11440046560.8
sh600971,恒源煤电,2015-06-08,11.37,11.63,11.12,11.43,11.44,54724555.0,622941402.0,11430046520.1,11430046520.1
sh600971,恒源煤电,2015-06-09,11.4,12.0,11.22,11.69,11.43,65078582.0,756151124.0,11690047578.3,11690047578.3
sh600971,恒源煤电,2015-06-10,11.48,11.92,11.3,11.46,11.69,44923672.0,521695371.0,11460046642.2,11460046642.2
sh600971,恒源煤电,2015-06-11,11.57,11.57,11.13,11.37,11.46,37299920.0,421962563.0,11370046275.9,11370046275.9
sh600971,恒源煤电,2015-06-12,11.3,11.98,11.27,11.68,11.37,51223084.0,598999585.0,11680047537.6,11680047537.6
sh600971,恒源煤电,2015-06-15,11.69,12.1,11.49,11.68,11.68,50239765.0,592840245.0,11680047537.6,11680047537.6
sh600971,恒源煤电,2015-06-16,11.5,11.87,11.3,11.37,11.68,44580931.0,516730000.0,11370046275.9,11370046275.9
sh600971,恒源煤电,2015-06-17,11.24,11.78,10.77,11.64,11.37,39376271.0,444653241.0,11640047374.8,11640047374.8
sh600971,恒源煤电,2015-06-18,11.69,11.79,11.08,11.15,11.64,29457084.0,339990208.0,11150045380.5,11150045380.5
sh600971,恒源煤电,2015-06-19,10.86,11.08,10.04,10.04,11.15,32563114.0,340788841.0,10040040862.8,10040040862.8
sh600971,恒源煤电,2015-06-23,10.04,10.28,9.5,10.15,10.04,26166951.0,262542869.0,10150041310.5,10150041310.5
sh600971,恒源煤电,2015-06-24,10.28,10.66,10.19,10.62,10.15,36539173.0,381495824.0,10620043223.4,10620043223.4
sh600971,恒源煤电,2015-06-25,10.68,10.77,10.0,10.12,10.62,28518373.0,297320946.0,10120041188.4,10120041188.4
sh600971,恒源煤电,2015-06-26,9.8,10.09,9.11,9.11,10.12,30417939.0,290724648.0,9110037077.7,9110037077.7
sh600971,恒源煤电,2015-06-29,9.08,9.5,8.2,8.7,9.11,42618078.0,375835148.0,8700035409.0,8700035409.0
sh600971,恒源煤电,2015-06-30,8.66,9.27,8.01,9.15,8.7,34490534.0,300925300.0,9150037240.5,9150037240.5
sh600971,恒源煤电,2015-07-01,9.0,9.27,8.37,8.38,9.15,27154309.0,243183588.0,8380034106.6,8380034106.6
sh600971,恒源煤电,2015-07-02,8.42,8.53,7.54,7.54,8.38,35032657.0,277129685.0,7540030687.8,7540030687.8
sh600971,恒源煤电,2015-07-03,7.38,7.6,6.79,6.79,7.54,35019274.0,247817532.0,6790027635.3,6790027635.3
sh600971,恒源煤电,2015-07-06,7.47,7.47,6.11,6.48,6.79,45235688.0,298398733.0,6480026373.6,6480026373.6
sh600971,恒源煤电,2015-07-07,6.2,6.29,5.83,5.85,6.48,35376548.0,210663105.0,5850023809.5,5850023809.5
sh600971,恒源煤电,2015-07-08,5.27,5.82,5.27,5.56,5.85,73648094.0,412775793.0,5560022629.2,5560022629.2
sh600971,恒源煤电,2015-07-09,5.49,6.12,5.47,6.12,5.56,22523232.0,132395938.0,6120024908.4,6120024908.4
sh600971,恒源煤电,2015-07-10,6.35,6.73,6.22,6.73,6.12,19596634.0,129717939.0,6730027391.1,6730027391.1
sh600971,恒源煤电,2015-07-13,7.1,7.4,6.8,7.4,6.73,51012986.0,366340579.0,7400030118.0,7400030118.0
sh600971,恒源煤电,2015-07-14,7.29,7.7,7.01,7.14,7.4,42405099.0,309687386.0,7140029059.8,7140029059.8
sh600971,恒源煤电,2015-07-15,6.98,6.99,6.43,6.43,7.14,28463897.0,190365775.0,6430026170.1,6430026170.1
sh600971,恒源煤电,2015-07-16,6.43,6.82,6.19,6.69,6.43,20111688.0,132054618.0,6690027228.3,6690027228.3
sh600971,恒源煤电,2015-07-17,6.69,7.18,6.69,7.09,6.69,22592716.0,157140044.0,7090028856.3,7090028856.3
sh600971,恒源煤电,2015-07-20,7.08,7.3,6.94,7.08,7.09,23415705.0,166187758.0,7080028815.6,7080028815.6
sh600971,恒源煤电,2015-07-21,7.0,7.18,6.83,7.12,7.08,20071093.0,141779779.0,7120028978.4,7120028978.4
sh600971,恒源煤电,2015-07-22,7.07,7.18,6.83,7.12,7.12,22118311.0,155670006.0,7120028978.4,7120028978.4
sh600971,恒源煤电,2015-07-23,7.03,7.42,7.02,7.34,7.12,30879384.0,223335437.0,7340029873.8,7340029873.8
sh600971,恒源煤电,2015-07-24,7.28,7.8,7.2,7.28,7.34,45026816.0,337247378.0,7280029629.6,7280029629.6
sh600971,恒源煤电,2015-07-27,7.05,7.21,6.55,6.55,7.28,26565348.0,184174255.0,6550026658.5,6550026658.5
sh600971,恒源煤电,2015-07-28,6.38,6.58,5.91,6.44,6.55,28434099.0,177377942.0,6440026210.8,6440026210.8
sh600971,恒源煤电,2015-07-29,6.6,6.8,6.32,6.77,6.44,18078436.0,118057145.0,6770027553.9,6770027553.9
sh600971,恒源煤电,2015-07-30,6.7,6.86,6.46,6.49,6.77,15828528.0,106084392.0,6490026414.3,6490026414.3
sh600971,恒源煤电,2015-07-31,6.36,6.57,6.36,6.49,6.49,10365277.0,66739315.0,6490026414.3,6490026414.3
sh600971,恒源煤电,2015-08-03,6.47,6.76,6.3,6.74,6.49,19681978.0,126883184.0,6740027431.8,6740027431.8
sh600971,恒源煤电,2015-08-04,6.73,7.23,6.62,7.2,6.74,26472348.0,183720642.0,7200029304.0,7200029304.0
sh600971,恒源煤电,2015-08-05,7.09,7.18,6.9,7.02,7.2,16437555.0,116136128.0,7020028571.4,7020028571.4
sh600971,恒源煤电,2015-08-06,6.85,7.44,6.82,7.17,7.02,17420078.0,123815346.0,7170029181.9,7170029181.9
sh600971,恒源煤电,2015-08-07,7.1,7.33,7.09,7.27,7.17,16495122.0,119488983.0,7270029588.9,7270029588.9
sh600971,恒源煤电,2015-08-10,7.3,7.59,7.21,7.53,7.27,24368617.0,181106005.0,7530030647.1,7530030647.1
sh600971,恒源煤电,2015-08-11,7.46,7.58,7.34,7.43,7.53,20162756.0,150425509.0,7430030240.1,7430030240.1
sh600971,恒源煤电,2015-08-12,7.3,7.63,7.27,7.41,7.43,24981394.0,187217977.0,7410030158.7,7410030158.7
sh600971,恒源煤电,2015-08-13,7.36,7.56,7.25,7.52,7.41,15557087.0,115430805.0,7520030606.4,7520030606.4
sh600971,恒源煤电,2015-08-14,7.56,7.74,7.43,7.44,7.52,19821425.0,150050338.0,7440030280.8,7440030280.8
sh600971,恒源煤电,2015-08-17,7.42,7.62,7.27,7.56,7.44,22500719.0,167930622.0,7560030769.2,7560030769.2
sh600971,恒源煤电,2015-08-18,7.56,7.71,6.8,6.86,7.56,28751497.0,211471255.0,6860027920.2,6860027920.2
sh600971,恒源煤电,2015-08-19,6.7,7.16,6.5,7.09,6.86,18807698.0,129384924.0,7090028856.3,7090028856.3
sh600971,恒源煤电,2015-08-20,7.08,7.22,6.96,6.98,7.09,15110472.0,107220800.0,6980028408.6,6980028408.6
sh600971,恒源煤电,2015-08-21,6.8,6.91,6.47,6.56,6.98,16382746.0,109586213.0,6560026699.2,6560026699.2
sh600971,恒源煤电,2015-08-24,6.35,6.39,5.9,5.9,6.56,14076133.0,84377446.0,5900024013.0,5900024013.0
sh600971,恒源煤电,2015-08-25,5.38,5.57,5.31,5.31,5.9,14271515.0,76934055.0,5310021611.7,5310021611.7
sh600971,恒源煤电,2015-08-26,5.38,5.63,5.06,5.52,5.31,19589035.0,105601620.0,5520022466.4,5520022466.4
sh600971,恒源煤电,2015-08-27,5.54,5.82,5.43,5.78,5.52,12480158.0,69939644.0,5780023524.6,5780023524.6
sh600971,恒源煤电,2015-08-28,5.81,6.09,5.71,6.06,5.78,17489813.0,102946969.0,6060024664.2,6060024664.2
sh600971,恒源煤电,2015-08-31,5.92,5.93,5.73,5.76,6.06,10340891.0,60102279.0,5760023443.2,5760023443.2
sh600971,恒源煤电,2015-09-01,5.8,5.9,5.57,5.63,5.76,11084546.0,63595821.0,5630022914.1,5630022914.1
sh600971,恒源煤电,2015-09-02,5.26,5.68,5.25,5.37,5.63,8320286.0,45502906.0,5370021855.9,5370021855.9
sh600971,恒源煤电,2015-09-07,5.44,5.66,5.4,5.45,5.37,6318053.0,34975950.0,5450022181.5,5450022181.5
sh600971,恒源煤电,2015-09-08,5.43,5.7,5.39,5.67,5.45,6441740.0,35841410.0,5670023076.9,5670023076.9
sh600971,恒源煤电,2015-09-09,5.7,5.94,5.63,5.88,5.67,11669580.0,67710599.0,5880023931.6,5880023931.6
sh600971,恒源煤电,2015-09-10,5.75,5.9,5.67,5.81,5.88,10471800.0,60386578.0,5810023646.7,5810023646.7
sh600971,恒源煤电,2015-09-11,5.79,5.83,5.67,5.78,5.81,6919745.0,39829403.0,5780023524.6,5780023524.6
sh600971,恒源煤电,2015-09-14,5.78,5.83,5.2,5.44,5.78,10989737.0,59768471.0,5440022140.8,5440022140.8
sh600971,恒源煤电,2015-09-15,5.33,5.77,5.23,5.38,5.44,17654422.0,98021425.0,5380021896.6,5380021896.6
sh600971,恒源煤电,2015-09-16,5.35,5.91,5.18,5.88,5.38,19204043.0,105904936.0,5880023931.6,5880023931.6
sh600971,恒源煤电,2015-09-17,5.77,5.97,5.64,5.65,5.88,19306892.0,111485394.0,5650022995.5,5650022995.5
sh600971,恒源煤电,2015-09-18,5.64,5.71,5.5,5.61,5.65,8356377.0,46862656.0,5610022832.7,5610022832.7
sh600971,恒源煤电,2015-09-21,5.56,5.83,5.47,5.79,5.61,12285812.0,70000797.0,5790023565.3,5790023565.3
sh600971,恒源煤电,2015-09-22,5.76,5.99,5.76,5.85,5.79,14043145.0,82268492.0,5850023809.5,5850023809.5
sh600971,恒源煤电,2015-09-23,5.73,5.79,5.55,5.6,5.85,10525302.0,59693698.0,5600022792.0,5600022792.0
sh600971,恒源煤电,2015-09-24,5.65,6.16,5.61,6.16,5.6,44520524.0,266514208.0,6160025071.2,6160025071.2
sh600971,恒源煤电,2015-09-25,6.17,6.78,5.94,6.78,6.16,50320391.0,322884158.0,6780027594.6,6780027594.6
sh600971,恒源煤电,2015-09-28,6.9,7.03,6.24,6.93,6.78,49678144.0,323098459.0,6930028205.1,6930028205.1
sh600971,恒源煤电,2015-09-29,6.5,6.65,6.24,6.24,6.93,31705129.0,202154018.0,6240025396.8,6240025396.8
sh600971,恒源煤电,2015-09-30,6.13,6.37,6.04,6.24,6.24,19740349.0,122015766.0,6240025396.8,6240025396.8
sh600971,恒源煤电,2015-10-08,6.46,6.49,6.25,6.29,6.24,33418150.0,211929293.0,6290025600.3,6290025600.3
sh600971,恒源煤电,2015-10-09,6.23,6.43,6.15,6.27,6.29,32642247.0,205050644.0,6270025518.9,6270025518.9
sh600971,恒源煤电,2015-10-12,6.29,6.69,6.24,6.47,6.27,48544668.0,313897193.0,6470026332.9,6470026332.9
sh600971,恒源煤电,2015-10-13,6.36,6.61,6.26,6.56,6.47,43348774.0,278221597.0,6560026699.2,6560026699.2
sh600971,恒源煤电,2015-10-14,6.5,6.74,6.32,6.39,6.56,40331744.0,265229342.0,6390026007.3,6390026007.3
sh600971,恒源煤电,2015-10-15,6.32,6.55,6.22,6.54,6.39,30484270.0,196173938.0,6540026617.8,6540026617.8
sh600971,恒源煤电,2015-10-16,6.57,6.77,6.47,6.7,6.54,38159338.0,252465826.0,6700027269.0,6700027269.0
sh600971,恒源煤电,2015-10-19,6.7,7.01,6.56,6.9,6.7,46437928.0,315823060.0,6900028083.0,6900028083.0
sh600971,恒源煤电,2015-10-20,6.89,7.29,6.75,7.06,6.9,47795844.0,332085811.0,7060028734.2,7060028734.2
sh600971,恒源煤电,2015-10-21,6.96,6.96,6.35,6.35,7.06,44522160.0,295987245.0,6350025844.5,6350025844.5
sh600971,恒源煤电,2015-10-22,6.29,6.51,6.16,6.46,6.35,22998584.0,146290253.0,6460026292.2,6460026292.2
sh600971,恒源煤电,2015-10-23,6.4,6.6,6.35,6.55,6.46,22885872.0,147899406.0,6550026658.5,6550026658.5
sh600971,恒源煤电,2015-10-26,6.58,6.65,6.42,6.49,6.55,18737203.0,122060748.0,6490026414.3,6490026414.3
sh600971,恒源煤电,2015-10-27,6.44,6.44,6.09,6.35,6.49,19183570.0,120273424.0,6350025844.5,6350025844.5
sh600971,恒源煤电,2015-10-28,6.26,6.39,6.17,6.19,6.35,19386887.0,121707166.0,6190025193.3,6190025193.3
sh600971,恒源煤电,2015-10-29,6.22,6.34,6.18,6.28,6.19,14160075.0,88435061.0,6280025559.6,6280025559.6
sh600971,恒源煤电,2015-10-30,6.24,6.26,6.12,6.16,6.28,12566805.0,77726460.0,6160025071.2,6160025071.2
sh600971,恒源煤电,2015-11-02,6.1,6.18,6.04,6.06,6.16,9634171.0,58914410.0,6060024664.2,6060024664.2
sh600971,恒源煤电,2015-11-03,6.1,6.12,6.01,6.09,6.06,7329150.0,44504557.0,6090024786.3,6090024786.3
sh600971,恒源煤电,2015-11-04,6.09,6.35,6.08,6.32,6.09,16253783.0,101590426.0,6320025722.4,6320025722.4
sh600971,恒源煤电,2015-11-05,6.33,6.58,6.3,6.45,6.32,26828182.0,173074237.0,6450026251.5,6450026251.5
sh600971,恒源煤电,2015-11-06,6.45,6.55,6.4,6.51,6.45,22316907.0,144471578.0,6510026495.7,6510026495.7
sh600971,恒源煤电,2015-11-09,6.47,6.85,6.42,6.69,6.51,33130251.0,221623721.0,6690027228.3,6690027228.3
sh600971,恒源煤电,2015-11-10,6.6,6.82,6.52,6.77,6.69,32942126.0,219690509.0,6770027553.9,6770027553.9
sh600971,恒源煤电,2015-11-11,6.7,6.83,6.63,6.7,6.77,19562251.0,131329195.0,6700027269.0,6700027269.0
sh600971,恒源煤电,2015-11-12,6.73,6.8,6.62,6.63,6.7,18294441.0,122523754.0,6630026984.1,6630026984.1
sh600971,恒源煤电,2015-11-13,6.58,6.62,6.36,6.39,6.63,15908660.0,102892302.0,6390026007.3,6390026007.3
sh600971,恒源煤电,2015-11-16,6.3,6.5,6.2,6.5,6.39,10659191.0,68350395.0,6500026455.0,6500026455.0
sh600971,恒源煤电,2015-11-17,6.52,6.72,6.5,6.55,6.5,17449808.0,115245551.0,6550026658.5,6550026658.5
sh600971,恒源煤电,2015-11-18,6.57,6.6,6.4,6.43,6.55,10453840.0,67827965.0,6430026170.1,6430026170.1
sh600971,恒源煤电,2015-11-19,6.45,6.65,6.4,6.6,6.43,13208285.0,86086014.0,6600026862.0,6600026862.0
sh600971,恒源煤电,2015-11-20,6.56,6.63,6.53,6.57,6.6,13353868.0,87803969.0,6570026739.9,6570026739.9
sh600971,恒源煤电,2015-11-23,6.56,6.59,6.38,6.39,6.57,12495702.0,81537009.0,6390026007.3,6390026007.3
sh600971,恒源煤电,2015-11-24,6.36,6.43,6.23,6.33,6.39,10731783.0,67551600.0,6330025763.1,6330025763.1
sh600971,恒源煤电,2015-11-25,6.31,6.42,6.3,6.41,6.33,9164691.0,58377439.0,6410026088.7,6410026088.7
sh600971,恒源煤电,2015-11-26,6.41,6.58,6.41,6.47,6.41,13909179.0,90507289.0,6470026332.9,6470026332.9
sh600971,恒源煤电,2015-11-27,6.42,6.46,5.83,5.91,6.47,16114523.0,99586037.0,5910024053.7,5910024053.7
sh600971,恒源煤电,2015-11-30,5.94,5.97,5.64,5.84,5.91,9890060.0,57699546.0,5840023768.8,5840023768.8
sh600971,恒源煤电,2015-12-01,5.8,5.93,5.78,5.85,5.84,10683552.0,62604818.0,5850023809.5,5850023809.5
sh600971,恒源煤电,2015-12-02,5.86,6.01,5.8,6.0,5.85,10693619.0,63044289.0,6000024420.0,6000024420.0
sh600971,恒源煤电,2015-12-03,5.96,6.12,5.94,6.06,6.0,9777933.0,59068031.0,6060024664.2,6060024664.2
sh600971,恒源煤电,2015-12-04,6.03,6.1,5.93,6.0,6.06,9764916.0,58904692.0,6000024420.0,6000024420.0
sh600971,恒源煤电,2015-12-07,5.99,6.08,5.98,6.07,6.0,6368179.0,38388203.0,6070024704.9,6070024704.9
sh600971,恒源煤电,2015-12-08,6.03,6.03,5.87,5.93,6.07,9357639.0,55477383.0,5930024135.1,5930024135.1
sh600971,恒源煤电,2015-12-09,5.88,6.06,5.8,6.05,5.93,7649168.0,45835656.0,6050024623.5,6050024623.5
sh600971,恒源煤电,2015-12-10,6.26,6.5,6.11,6.12,6.05,14461178.0,90852943.0,6120024908.4,6120024908.4
sh600971,恒源煤电,2015-12-11,5.96,6.1,5.91,6.05,6.12,8142266.0,48774540.0,6050024623.5,6050024623.5
sh600971,恒源煤电,2015-12-14,6.0,6.33,5.96,6.33,6.05,11354644.0,70343872.0,6330025763.1,6330025763.1
sh600971,恒源煤电,2015-12-15,6.33,6.33,6.12,6.2,6.33,10314334.0,64063460.0,6200025234.0,6200025234.0
sh600971,恒源煤电,2015-12-16,6.22,6.28,6.13,6.19,6.2,7156837.0,44375724.0,6190025193.3,6190025193.3
sh600971,恒源煤电,2015-12-17,6.2,6.33,6.19,6.28,6.19,10653503.0,66712092.0,6280025559.6,6280025559.6
sh600971,恒源煤电,2015-12-18,6.25,6.28,6.17,6.25,6.28,9812413.0,61126969.0,6250025437.5,6250025437.5
sh600971,恒源煤电,2015-12-21,6.24,6.48,6.2,6.42,6.25,18234712.0,116293871.0,6420026129.4,6420026129.4
sh600971,恒源煤电,2015-12-22,6.41,6.46,6.36,6.42,6.42,11225863.0,71958776.0,6420026129.4,6420026129.4
sh600971,恒源煤电,2015-12-23,6.4,6.58,6.39,6.57,6.42,20908359.0,135663455.0,6570026739.9,6570026739.9
sh600971,恒源煤电,2015-12-24,6.69,6.76,6.43,6.57,6.57,17795813.0,117300109.0,6570026739.9,6570026739.9
sh600971,恒源煤电,2015-12-25,6.5,6.55,6.4,6.5,6.57,9870636.0,63956041.0,6500026455.0,6500026455.0
sh600971,恒源煤电,2015-12-28,6.5,6.55,6.26,6.28,6.5,12168458.0,77879584.0,6280025559.6,6280025559.6
sh600971,恒源煤电,2015-12-29,6.28,6.37,6.17,6.35,6.28,10418144.0,65322488.0,6350025844.5,6350025844.5
sh600971,恒源煤电,2015-12-30,6.35,6.41,6.27,6.38,6.35,8675337.0,55009190.0,6380025966.6,6380025966.6
sh600971,恒源煤电,2015-12-31,6.38,6.45,6.29,6.29,6.38,7948706.0,50497142.0,6290025600.3,6290025600.3
sh600971,恒源煤电,2016-01-04,6.25,6.29,5.74,5.79,6.29,7734631.0,47133742.0,5790023565.3,5790023565.3
sh600971,恒源煤电,2016-01-05,5.75,5.92,5.6,5.81,5.79,10643828.0,61335056.0,5810023646.7,5810023646.7
sh600971,恒源煤电,2016-01-06,5.82,6.39,5.81,6.39,5.81,27248144.0,171330736.0,6390026007.3,6390026007.3
sh600971,恒源煤电,2016-01-07,6.3,6.45,5.75,5.76,6.39,9051360.0,55720645.0,5760023443.2,5760023443.2
sh600971,恒源煤电,2016-01-08,6.07,6.34,6.0,6.34,5.76,25733601.0,161696396.0,6340025803.8,6340025803.8
sh600971,恒源煤电,2016-01-11,6.81,6.97,6.5,6.58,6.34,83904111.0,572751048.0,6580026780.6,6580026780.6
sh600971,恒源煤电,2016-01-12,6.29,6.7,5.92,6.42,6.58,44721852.0,278496117.0,6420026129.4,6420026129.4
sh600971,恒源煤电,2016-01-13,6.18,6.75,6.04,6.19,6.42,39803389.0,257777039.0,6190025193.3,6190025193.3
sh600971,恒源煤电,2016-01-14,5.75,6.58,5.57,6.38,6.19,34586678.0,208230691.0,6380025966.6,6380025966.6
sh600971,恒源煤电,2016-01-15,6.21,6.33,5.74,5.75,6.38,39074631.0,230370793.0,5750023402.5,5750023402.5
sh600971,恒源煤电,2016-01-18,5.52,5.62,5.2,5.4,5.75,23224785.0,126125673.0,5400021978.0,5400021978.0
sh600971,恒源煤电,2016-01-19,5.37,5.58,5.3,5.48,5.4,21954351.0,120409790.0,5480022303.6,5480022303.6
sh600971,恒源煤电,2016-01-20,5.48,5.55,5.23,5.43,5.48,17780018.0,95961677.0,5430022100.1,5430022100.1
sh600971,恒源煤电,2016-01-21,5.3,5.6,5.21,5.25,5.43,18654458.0,101858211.0,5250021367.5,5250021367.5
sh600971,恒源煤电,2016-01-22,5.39,5.63,5.28,5.46,5.25,18459888.0,100686151.0,5460022222.2,5460022222.2
sh600971,恒源煤电,2016-01-25,5.56,5.69,5.45,5.59,5.46,20014347.0,111997877.0,5590022751.3,5590022751.3
sh600971,恒源煤电,2016-01-26,5.48,5.49,5.1,5.19,5.59,19509243.0,103544726.0,5190021123.3,5190021123.3
sh600971,恒源煤电,2016-01-27,5.18,5.4,5.07,5.26,5.19,20718448.0,108319961.0,5260021408.2,5260021408.2
sh600971,恒源煤电,2016-01-28,5.15,5.22,4.95,4.96,5.26,12313443.0,62836442.0,4960020187.2,4960020187.2
sh600971,恒源煤电,2016-01-29,4.96,5.11,4.91,5.03,4.96,13245396.0,66162765.0,5030020472.1,5030020472.1
sh600971,恒源煤电,2016-02-01,4.99,5.0,4.6,4.68,5.03,14792058.0,70786346.0,4680019047.6,4680019047.6
sh600971,恒源煤电,2016-02-02,4.68,4.8,4.65,4.76,4.68,10349705.0,49045418.0,4760019373.2,4760019373.2
sh600971,恒源煤电,2016-02-03,4.71,4.76,4.56,4.74,4.76,11534261.0,53794538.0,4740019291.8,4740019291.8
sh600971,恒源煤电,2016-02-04,4.77,4.86,4.73,4.83,4.74,9484690.0,45626499.0,4830019658.1,4830019658.1
sh600971,恒源煤电,2016-02-05,4.84,4.88,4.77,4.81,4.83,6705833.0,32344144.0,4810019576.7,4810019576.7
sh600971,恒源煤电,2016-02-15,4.67,4.87,4.67,4.83,4.81,6560538.0,31200565.0,4830019658.1,4830019658.1
sh600971,恒源煤电,2016-02-16,4.83,5.04,4.83,4.97,4.83,11021515.0,54757378.0,4970020227.9,4970020227.9
sh600971,恒源煤电,2016-02-17,4.94,5.12,4.93,5.05,4.97,11663864.0,58539012.0,5050020553.5,5050020553.5
sh600971,恒源煤电,2016-02-18,5.07,5.23,5.0,5.07,5.05,14347043.0,73527519.0,5070020634.9,5070020634.9
sh600971,恒源煤电,2016-02-19,5.04,5.1,5.01,5.05,5.07,6467985.0,32660438.0,5050020553.5,5050020553.5
sh600971,恒源煤电,2016-02-22,5.1,5.56,5.06,5.56,5.05,28104894.0,151381762.0,5560022629.2,5560022629.2
sh600971,恒源煤电,2016-02-23,5.59,5.78,5.4,5.69,5.56,38859025.0,215607559.0,5690023158.3,5690023158.3
sh600971,恒源煤电,2016-02-24,5.53,5.62,5.45,5.53,5.69,20922296.0,115793697.0,5530022507.1,5530022507.1
sh600971,恒源煤电,2016-02-25,5.53,5.63,4.98,4.99,5.53,25280641.0,133925220.0,4990020309.3,4990020309.3
sh600971,恒源煤电,2016-02-26,5.09,5.35,4.94,5.2,4.99,21878404.0,112792474.0,5200021164.0,5200021164.0
sh600971,恒源煤电,2016-02-29,5.12,5.33,4.68,5.01,5.2,21435618.0,106976318.0,5010020390.7,5010020390.7
sh600971,恒源煤电,2016-03-01,4.97,5.23,4.93,5.18,5.01,17337191.0,88672558.0,5180021082.6,5180021082.6
sh600971,恒源煤电,2016-03-02,5.13,5.53,5.12,5.49,5.18,23165833.0,124122131.0,5490022344.3,5490022344.3
sh600971,恒源煤电,2016-03-03,5.42,5.61,5.37,5.43,5.49,24186601.0,132159686.0,5430022100.1,5430022100.1
sh600971,恒源煤电,2016-03-04,5.41,5.69,5.21,5.46,5.43,27802377.0,152930516.0,5460022222.2,5460022222.2
sh600971,恒源煤电,2016-03-07,5.61,5.75,5.47,5.72,5.46,28986938.0,162694682.0,5720023280.4,5720023280.4
sh600971,恒源煤电,2016-03-08,5.9,5.96,5.5,5.62,5.72,23641747.0,134578689.0,5620022873.4,5620022873.4
sh600971,恒源煤电,2016-03-09,5.38,5.38,5.16,5.26,5.62,16523484.0,87222603.0,5260021408.2,5260021408.2
sh600971,恒源煤电,2016-03-10,5.28,5.33,5.08,5.1,5.26,10709375.0,55742861.0,5100020757.0,5100020757.0
sh600971,恒源煤电,2016-03-11,5.09,5.19,5.01,5.11,5.1,7804148.0,39759685.0,5110020797.7,5110020797.7
sh600971,恒源煤电,2016-03-14,5.15,5.34,5.13,5.25,5.11,9532271.0,50088422.0,5250021367.5,5250021367.5
sh600971,恒源煤电,2016-03-15,5.24,5.25,5.11,5.18,5.25,7355181.0,38005435.0,5180021082.6,5180021082.6
sh600971,恒源煤电,2016-03-16,5.18,5.24,5.06,5.09,5.18,6395984.0,32853395.0,5090020716.3,5090020716.3
sh600971,恒源煤电,2016-03-17,5.13,5.22,5.07,5.2,5.09,13682366.0,70568143.0,5200021164.0,5200021164.0
sh600971,恒源煤电,2016-03-18,5.22,5.36,5.19,5.34,5.2,18242368.0,96588502.0,5340021733.8,5340021733.8
sh600971,恒源煤电,2016-03-21,5.37,5.52,5.3,5.51,5.34,21170897.0,114319388.0,5510022425.7,5510022425.7
sh600971,恒源煤电,2016-03-22,5.45,5.45,5.33,5.39,5.51,12790895.0,68991160.0,5390021937.3,5390021937.3
sh600971,恒源煤电,2016-03-23,5.39,5.46,5.37,5.41,5.39,10155212.0,54921686.0,5410022018.7,5410022018.7
sh600971,恒源煤电,2016-03-24,5.34,5.35,5.2,5.2,5.41,11112133.0,58713908.0,5200021164.0,5200021164.0
sh600971,恒源煤电,2016-03-25,5.22,5.27,5.19,5.27,5.2,6976195.0,36491247.0,5270021448.9,5270021448.9
sh600971,恒源煤电,2016-03-28,5.27,5.33,5.18,5.21,5.27,8643451.0,45433159.0,5210021204.7,5210021204.7
sh600971,恒源煤电,2016-03-29,5.22,5.24,5.12,5.18,5.21,5812659.0,30067846.0,5180021082.6,5180021082.6
sh600971,恒源煤电,2016-03-30,5.22,5.31,5.2,5.31,5.18,8269253.0,43491094.0,5310021611.7,5310021611.7
sh600971,恒源煤电,2016-03-31,5.31,5.37,5.25,5.32,5.31,11269330.0,59823721.0,5320021652.4,5320021652.4
sh600971,恒源煤电,2016-04-01,5.3,5.4,5.29,5.37,5.32,13431825.0,71845635.0,5370021855.9,5370021855.9
sh600971,恒源煤电,2016-04-05,5.37,5.47,5.34,5.46,5.37,11171496.0,60425561.0,5460022222.2,5460022222.2
sh600971,恒源煤电,2016-04-06,5.42,5.53,5.36,5.5,5.46,12056008.0,65618408.0,5500022385.0,5500022385.0
sh600971,恒源煤电,2016-04-07,5.51,5.62,5.46,5.48,5.5,17720821.0,97924621.0,5480022303.6,5480022303.6
sh600971,恒源煤电,2016-04-08,5.45,5.69,5.44,5.68,5.48,15728464.0,87394951.0,5680023117.6,5680023117.6
sh600971,恒源煤电,2016-04-11,5.7,6.25,5.7,6.25,5.68,41660521.0,253162081.0,6250025437.5,6250025437.5
sh600971,恒源煤电,2016-04-12,6.2,6.88,6.08,6.84,6.25,47902247.0,309778328.0,6840027838.8,6840027838.8
sh600971,恒源煤电,2016-04-13,7.1,7.31,6.8,7.14,6.84,121834003.0,861720187.0,7140029059.8,7140029059.8
sh600971,恒源煤电,2016-04-14,7.04,7.05,6.51,6.65,7.14,94325286.0,627973711.0,6650027065.5,6650027065.5
sh600971,恒源煤电,2016-04-15,6.58,6.59,6.36,6.47,6.65,55191126.0,356337909.0,6470026332.9,6470026332.9
sh600971,恒源煤电,2016-04-18,6.39,6.51,6.25,6.43,6.47,58605524.0,373110751.0,6430026170.1,6430026170.1
sh600971,恒源煤电,2016-04-19,6.45,6.48,6.26,6.34,6.43,46686283.0,296700936.0,6340025803.8,6340025803.8
sh600971,恒源煤电,2016-04-20,6.4,6.45,5.83,6.03,6.34,56160796.0,343859148.0,6030024542.1,6030024542.1
sh600971,恒源煤电,2016-04-21,6.1,6.33,6.03,6.13,6.03,54911015.0,339253465.0,6130024949.1,6130024949.1
sh600971,恒源煤电,2016-04-22,5.97,6.17,5.86,6.15,6.13,33585562.0,202946356.0,6150025030.5,6150025030.5
sh600971,恒源煤电,2016-04-25,6.06,6.28,6.03,6.23,6.15,33993990.0,210397793.0,6230025356.1,6230025356.1
sh600971,恒源煤电,2016-04-26,6.2,6.39,6.01,6.13,6.23,28927565.0,176635675.0,6130024949.1,6130024949.1
sh600971,恒源煤电,2016-04-27,6.13,6.15,5.94,5.98,6.13,23623332.0,142565621.0,5980024338.6,5980024338.6
sh600971,恒源煤电,2016-04-28,5.96,6.01,5.78,6.0,5.98,21375426.0,126266112.0,6000024420.0,6000024420.0
sh600971,恒源煤电,2016-04-29,5.96,6.09,5.92,6.05,6.0,23045446.0,138116703.0,6050024623.5,6050024623.5
sh600971,恒源煤电,2016-05-03,6.06,6.14,5.95,6.13,6.05,25842548.0,156921836.0,6130024949.1,6130024949.1
sh600971,恒源煤电,2016-05-04,6.12,6.12,5.98,6.04,6.13,17723736.0,107141369.0,6040024582.8,6040024582.8
sh600971,恒源煤电,2016-05-05,6.05,6.13,5.95,6.09,6.04,20905524.0,126514590.0,6090024786.3,6090024786.3
sh600971,恒源煤电,2016-05-06,6.06,6.09,5.67,5.7,6.09,28024522.0,164217208.0,5700023199.0,5700023199.0
sh600971,恒源煤电,2016-05-09,5.62,5.67,5.22,5.33,5.7,22994894.0,125090455.0,5330021693.1,5330021693.1
sh600971,恒源煤电,2016-05-10,5.33,5.37,5.26,5.3,5.33,11293095.0,59979435.0,5300021571.0,5300021571.0
sh600971,恒源煤电,2016-05-11,5.37,5.42,5.27,5.27,5.3,13280093.0,70785941.0,5270021448.9,5270021448.9
sh600971,恒源煤电,2016-05-12,5.2,5.32,5.02,5.31,5.27,14182583.0,73536607.0,5310021611.7,5310021611.7
sh600971,恒源煤电,2016-05-13,5.23,5.39,5.23,5.29,5.31,13071157.0,69346065.0,5290021530.3,5290021530.3
sh600971,恒源煤电,2016-05-16,5.26,5.35,5.22,5.34,5.29,10476768.0,55517415.0,5340021733.8,5340021733.8
sh600971,恒源煤电,2016-05-17,5.37,5.56,5.36,5.38,5.34,21973265.0,119494965.0,5380021896.6,5380021896.6
sh600971,恒源煤电,2016-05-18,5.34,5.37,5.15,5.21,5.38,14881705.0,78184773.0,5210021204.7,5210021204.7
sh600971,恒源煤电,2016-05-19,5.23,5.3,5.18,5.2,5.21,10253545.0,53784604.0,5200021164.0,5200021164.0
sh600971,恒源煤电,2016-05-20,5.12,5.25,5.08,5.24,5.2,7714209.0,39903142.0,5240021326.8,5240021326.8
sh600971,恒源煤电,2016-05-23,5.31,5.33,5.23,5.26,5.24,8114916.0,42768802.0,5260021408.2,5260021408.2
sh600971,恒源煤电,2016-05-24,5.26,5.26,5.12,5.17,5.26,10774952.0,55608378.0,5170021041.9,5170021041.9
sh600971,恒源煤电,2016-05-25,5.22,5.41,5.19,5.33,5.17,27209246.0,144334186.0,5330021693.1,5330021693.1
sh600971,恒源煤电,2016-05-26,5.32,5.4,5.19,5.31,5.33,17989428.0,94904940.0,5310021611.7,5310021611.7
sh600971,恒源煤电,2016-05-27,5.28,5.37,5.23,5.29,5.31,16367078.0,86772656.0,5290021530.3,5290021530.3
sh600971,恒源煤电,2016-05-30,5.31,5.34,5.21,5.23,5.29,10315102.0,54383173.0,5230021286.1,5230021286.1
sh600971,恒源煤电,2016-05-31,5.26,5.44,5.25,5.43,5.23,20840735.0,112233864.0,5430022100.1,5430022100.1
sh600971,恒源煤电,2016-06-01,5.44,5.53,5.4,5.41,5.43,23576628.0,128357754.0,5410022018.7,5410022018.7
sh600971,恒源煤电,2016-06-02,5.42,5.59,5.39,5.51,5.41,24300337.0,133338321.0,5510022425.7,5510022425.7
sh600971,恒源煤电,2016-06-03,5.51,5.51,5.3,5.47,5.51,17511328.0,94995404.0,5470022262.9,5470022262.9
sh600971,恒源煤电,2016-06-06,5.46,5.48,5.39,5.43,5.47,10571330.0,57319636.0,5430022100.1,5430022100.1
sh600971,恒源煤电,2016-06-07,5.44,5.47,5.39,5.41,5.43,8699024.0,47170037.0,5410022018.7,5410022018.7
sh600971,恒源煤电,2016-06-08,5.41,5.43,5.33,5.39,5.41,10770601.0,58026700.0,5390021937.3,5390021937.3
sh600971,恒源煤电,2016-06-13,5.31,5.32,5.1,5.11,5.39,14581588.0,76193761.0,5110020797.7,5110020797.7
sh600971,恒源煤电,2016-06-14,5.08,5.14,5.05,5.09,5.11,8484542.0,43162221.0,5090020716.3,5090020716.3
sh600971,恒源煤电,2016-06-15,5.06,5.23,5.02,5.19,5.09,11433333.0,58869496.0,5190021123.3,5190021123.3
sh600971,恒源煤电,2016-06-16,5.17,5.2,5.11,5.15,5.19,8812486.0,45477654.0,5150020960.5,5150020960.5
sh600971,恒源煤电,2016-06-17,5.19,5.67,5.19,5.52,5.15,43382334.0,235188146.0,5520022466.4,5520022466.4
sh600971,恒源煤电,2016-06-20,5.4,5.46,5.32,5.37,5.52,19852702.0,106894206.0,5370021855.9,5370021855.9
sh600971,恒源煤电,2016-06-21,5.41,5.48,5.31,5.32,5.37,18848100.0,101820597.0,5320021652.4,5320021652.4
sh600971,恒源煤电,2016-06-22,5.29,5.51,5.29,5.49,5.32,24814838.0,135378894.0,5490022344.3,5490022344.3
sh600971,恒源煤电,2016-06-23,5.46,5.58,5.41,5.46,5.49,21897868.0,120260484.0,5460022222.2,5460022222.2
sh600971,恒源煤电,2016-06-24,5.45,5.51,5.13,5.3,5.46,21832273.0,116759475.0,5300021571.0,5300021571.0
sh600971,恒源煤电,2016-06-27,5.27,5.55,5.25,5.49,5.3,21916153.0,120325491.0,5490022344.3,5490022344.3
sh600971,恒源煤电,2016-06-28,5.44,5.56,5.42,5.53,5.49,14942169.0,82147038.0,5530022507.1,5530022507.1
sh600971,恒源煤电,2016-06-29,5.56,5.6,5.47,5.5,5.53,16202097.0,89348395.0,5500022385.0,5500022385.0
sh600971,恒源煤电,2016-06-30,5.52,5.58,5.49,5.52,5.5,13317989.0,73691006.0,5520022466.4,5520022466.4
sh600971,恒源煤电,2016-07-01,5.55,5.6,5.47,5.49,5.52,14213189.0,78649394.0,5490022344.3,5490022344.3
sh600971,恒源煤电,2016-07-04,5.46,5.81,5.44,5.76,5.49,32834365.0,186918261.0,5760023443.2,5760023443.2
sh600971,恒源煤电,2016-07-05,5.71,5.88,5.71,5.78,5.76,27312662.0,158272014.0,5780023524.6,5780023524.6
sh600971,恒源煤电,2016-07-06,5.73,5.87,5.69,5.8,5.78,15617837.0,89929483.0,5800023606.0,5800023606.0
sh600971,恒源煤电,2016-07-07,5.78,5.97,5.77,5.92,5.8,28607634.0,168476572.0,5920024094.4,5920024094.4
sh600971,恒源煤电,2016-07-08,5.9,5.94,5.74,5.77,5.92,21709622.0,126497275.0,5770023483.9,5770023483.9
sh600971,恒源煤电,2016-07-11,5.78,6.28,5.77,5.94,5.77,38083746.0,228568381.0,5940024175.8,5940024175.8
sh600971,恒源煤电,2016-07-12,5.98,6.46,5.97,6.25,5.94,54166798.0,337387648.0,6250025437.5,6250025437.5
sh600971,恒源煤电,2016-07-13,6.26,6.3,6.11,6.22,6.25,27267098.0,168555955.0,6220025315.4,6220025315.4
sh600971,恒源煤电,2016-07-14,6.16,6.27,6.05,6.16,6.22,23101566.0,141620786.0,6160025071.2,6160025071.2
sh600971,恒源煤电,2016-07-15,6.16,6.25,6.01,6.04,6.16,21075177.0,129028321.0,6040024582.8,6040024582.8
sh600971,恒源煤电,2016-07-18,6.0,6.06,5.88,5.94,6.04,15790540.0,94027024.0,5940024175.8,5940024175.8
sh600971,恒源煤电,2016-07-19,5.94,6.0,5.85,5.99,5.94,14304797.0,84888000.0,5990024379.3,5990024379.3
sh600971,恒源煤电,2016-07-20,6.0,6.01,5.92,5.92,5.99,8565689.0,51058155.0,5920024094.4,5920024094.4
sh600971,恒源煤电,2016-07-21,5.92,6.07,5.9,5.93,5.92,13259080.0,79346358.0,5930024135.1,5930024135.1
sh600971,恒源煤电,2016-07-22,5.94,5.96,5.77,5.82,5.93,17233835.0,100698749.0,5820023687.4,5820023687.4
sh600971,恒源煤电,2016-07-25,5.82,5.89,5.77,5.86,5.82,10519119.0,61458983.0,5860023850.2,5860023850.2
sh600971,恒源煤电,2016-07-26,5.86,6.0,5.84,6.0,5.86,15731939.0,93594399.0,6000024420.0,6000024420.0
sh600971,恒源煤电,2016-07-27,6.0,6.03,5.57,5.68,6.0,24742423.0,142778671.0,5680023117.6,5680023117.6
sh600971,恒源煤电,2016-07-28,5.68,5.85,5.64,5.77,5.68,14418065.0,82966410.0,5770023483.9,5770023483.9
sh600971,恒源煤电,2016-07-29,5.76,5.93,5.73,5.81,5.77,17376839.0,101489680.0,5810023646.7,5810023646.7
sh600971,恒源煤电,2016-08-01,5.79,5.89,5.69,5.87,5.81,13148306.0,76038768.0,5870023890.9,5870023890.9
sh600971,恒源煤电,2016-08-02,5.84,5.92,5.8,5.91,5.87,11286611.0,66275911.0,5910024053.7,5910024053.7
sh600971,恒源煤电,2016-08-03,5.91,6.0,5.87,5.93,5.91,14353681.0,85318375.0,5930024135.1,5930024135.1
sh600971,恒源煤电,2016-08-04,5.94,5.96,5.85,5.89,5.93,9183878.0,54041912.0,5890023972.3,5890023972.3
sh600971,恒源煤电,2016-08-05,5.91,5.94,5.85,5.89,5.89,9012256.0,53112757.0,5890023972.3,5890023972.3
sh600971,恒源煤电,2016-08-08,5.92,6.26,5.92,6.22,5.89,30254528.0,184929381.0,6220025315.4,6220025315.4
sh600971,恒源煤电,2016-08-09,6.15,6.2,6.06,6.13,6.22,16242967.0,99294250.0,6130024949.1,6130024949.1
sh600971,恒源煤电,2016-08-10,6.13,6.55,6.1,6.25,6.13,36941833.0,233884297.0,6250025437.5,6250025437.5
sh600971,恒源煤电,2016-08-11,6.22,6.53,6.21,6.3,6.25,42018848.0,266679971.0,6300025641.0,6300025641.0
sh600971,恒源煤电,2016-08-12,6.2,6.39,6.12,6.35,6.3,27923195.0,174530752.0,6350025844.5,6350025844.5
sh600971,恒源煤电,2016-08-15,6.32,6.49,6.26,6.35,6.35,44371631.0,283345386.0,6350025844.5,6350025844.5
sh600971,恒源煤电,2016-08-16,6.36,6.57,6.32,6.47,6.35,46650043.0,301087430.0,6470026332.9,6470026332.9
sh600971,恒源煤电,2016-08-17,6.51,6.51,6.33,6.35,6.47,22816975.0,145854773.0,6350025844.5,6350025844.5
sh600971,恒源煤电,2016-08-18,6.33,6.46,6.17,6.23,6.35,32883683.0,207632434.0,6230025356.1,6230025356.1
sh600971,恒源煤电,2016-08-19,6.2,6.27,6.11,6.24,6.23,19113687.0,118190615.0,6240025396.8,6240025396.8
sh600971,恒源煤电,2016-08-22,6.23,6.26,6.13,6.21,6.24,15324573.0,95218717.0,6210025274.7,6210025274.7
sh600971,恒源煤电,2016-08-23,6.21,6.25,6.13,6.18,6.21,12714417.0,78625669.0,6180025152.6,6180025152.6
sh600971,恒源煤电,2016-08-24,6.2,6.2,6.13,6.16,6.18,9593143.0,59235675.0,6160025071.2,6160025071.2
sh600971,恒源煤电,2016-08-25,6.12,6.17,6.0,6.06,6.16,16096595.0,97891927.0,6060024664.2,6060024664.2
sh600971,恒源煤电,2016-08-26,6.08,6.14,6.02,6.06,6.06,9228928.0,56223896.0,6060024664.2,6060024664.2
sh600971,恒源煤电,2016-08-29,6.09,6.13,6.06,6.09,6.06,8791963.0,53620125.0,6090024786.3,6090024786.3
sh600971,恒源煤电,2016-08-30,6.09,6.17,6.09,6.14,6.09,8387763.0,51493571.0,6140024989.8,6140024989.8
sh600971,恒源煤电,2016-08-31,6.17,6.24,6.16,6.21,6.14,12648969.0,78290442.0,6210025274.7,6210025274.7
sh600971,恒源煤电,2016-09-01,6.19,6.22,6.03,6.04,6.21,12921490.0,78884211.0,6040024582.8,6040024582.8
sh600971,恒源煤电,2016-09-02,6.03,6.12,6.0,6.07,6.04,9396320.0,56968965.0,6070024704.9,6070024704.9
sh600971,恒源煤电,2016-09-05,6.1,6.32,6.1,6.18,6.07,19180284.0,119172785.0,6180025152.6,6180025152.6
sh600971,恒源煤电,2016-09-06,6.18,6.27,6.14,6.25,6.18,14573442.0,90599661.0,6250025437.5,6250025437.5
sh600971,恒源煤电,2016-09-07,6.22,6.24,6.12,6.15,6.25,20952440.0,129319998.0,6150025030.5,6150025030.5
sh600971,恒源煤电,2016-09-08,6.14,6.26,6.11,6.25,6.15,16076389.0,99540141.0,6250025437.5,6250025437.5
sh600971,恒源煤电,2016-09-09,6.28,6.32,6.14,6.14,6.25,14618490.0,90991006.0,6140024989.8,6140024989.8
sh600971,恒源煤电,2016-09-12,6.03,6.07,5.82,5.85,6.14,17071077.0,101663156.0,5850023809.5,5850023809.5
sh600971,恒源煤电,2016-09-13,5.92,5.93,5.85,5.87,5.85,7021284.0,41345215.0,5870023890.9,5870023890.9
sh600971,恒源煤电,2016-09-14,5.86,5.98,5.84,5.88,5.87,7414459.0,43878360.0,5880023931.6,5880023931.6
sh600971,恒源煤电,2016-09-19,5.9,5.98,5.9,5.95,5.88,7919845.0,47021378.0,5950024216.5,5950024216.5
sh600971,恒源煤电,2016-09-20,5.97,6.05,5.9,6.0,5.95,10786828.0,64517337.0,6000024420.0,6000024420.0
sh600971,恒源煤电,2016-09-21,5.96,6.04,5.94,5.99,6.0,7873539.0,47220020.0,5990024379.3,5990024379.3
sh600971,恒源煤电,2016-09-22,6.03,6.14,6.02,6.05,5.99,12560435.0,76234433.0,6050024623.5,6050024623.5
sh600971,恒源煤电,2016-09-23,6.05,6.09,6.0,6.03,6.05,8293593.0,50164391.0,6030024542.1,6030024542.1
sh600971,恒源煤电,2016-09-26,6.04,6.15,5.91,5.95,6.03,13950983.0,84370635.0,5950024216.5,5950024216.5
sh600971,恒源煤电,2016-09-27,5.9,5.99,5.87,5.98,5.95,9726689.0,57607077.0,5980024338.6,5980024338.6
sh600971,恒源煤电,2016-09-28,6.0,6.05,5.95,5.99,5.98,10641142.0,63839862.0,5990024379.3,5990024379.3
sh600971,恒源煤电,2016-09-29,6.1,6.21,6.09,6.17,5.99,21339105.0,131271285.0,6170025111.9,6170025111.9
sh600971,恒源煤电,2016-09-30,6.14,6.3,6.12,6.27,6.17,17801929.0,110171552.0,6270025518.9,6270025518.9
sh600971,恒源煤电,2016-10-10,6.35,6.43,6.24,6.33,6.27,23011015.0,145192847.0,6330025763.1,6330025763.1
sh600971,恒源煤电,2016-10-11,6.32,6.37,6.27,6.36,6.33,17083756.0,107877930.0,6360025885.2,6360025885.2
sh600971,恒源煤电,2016-10-12,6.34,6.35,6.26,6.31,6.36,12391543.0,77997498.0,6310025681.7,6310025681.7
sh600971,恒源煤电,2016-10-13,6.34,6.42,6.28,6.31,6.31,18968053.0,120473488.0,6310025681.7,6310025681.7
sh600971,恒源煤电,2016-10-14,6.29,6.32,6.19,6.31,6.31,11626304.0,72691145.0,6310025681.7,6310025681.7
sh600971,恒源煤电,2016-10-17,6.35,6.94,6.33,6.63,6.31,58129821.0,387151423.0,6630026984.1,6630026984.1
sh600971,恒源煤电,2016-10-18,6.58,6.73,6.49,6.7,6.63,33692360.0,222308657.0,6700027269.0,6700027269.0
sh600971,恒源煤电,2016-10-19,6.83,6.96,6.6,6.65,6.7,38409554.0,260438342.0,6650027065.5,6650027065.5
sh600971,恒源煤电,2016-10-20,6.69,6.71,6.54,6.62,6.65,24943060.0,164492944.0,6620026943.4,6620026943.4
sh600971,恒源煤电,2016-10-21,6.57,6.64,6.45,6.57,6.62,19716093.0,129231902.0,6570026739.9,6570026739.9
sh600971,恒源煤电,2016-10-24,6.61,7.23,6.58,7.23,6.57,86117399.0,605944348.0,7230029426.1,7230029426.1
sh600971,恒源煤电,2016-10-25,7.34,7.89,7.2,7.67,7.23,101631638.0,758130438.0,7670031216.9,7670031216.9
sh600971,恒源煤电,2016-10-26,7.5,7.55,7.28,7.3,7.67,59308319.0,439143657.0,7300029711.0,7300029711.0
sh600971,恒源煤电,2016-10-27,7.3,7.45,7.18,7.35,7.3,44404994.0,325633545.0,7350029914.5,7350029914.5
sh600971,恒源煤电,2016-10-28,7.3,7.42,7.19,7.27,7.35,33294355.0,243267895.0,7270029588.9,7270029588.9
sh600971,恒源煤电,2016-10-31,7.27,7.33,7.14,7.3,7.27,23015289.0,166584468.0,7300029711.0,7300029711.0
sh600971,恒源煤电,2016-11-01,7.26,7.4,7.17,7.29,7.3,31003091.0,225886762.0,7290029670.3,7290029670.3
sh600971,恒源煤电,2016-11-02,7.29,7.49,7.05,7.08,7.29,42002386.0,305742378.0,7080028815.6,7080028815.6
sh600971,恒源煤电,2016-11-03,7.05,7.23,6.95,7.2,7.08,37010531.0,262322967.0,7200029304.0,7200029304.0
sh600971,恒源煤电,2016-11-04,7.23,7.53,7.17,7.27,7.2,49478525.0,363282814.0,7270029588.9,7270029588.9
sh600971,恒源煤电,2016-11-07,7.31,7.66,7.25,7.42,7.27,51039304.0,380095382.0,7420030199.4,7420030199.4
sh600971,恒源煤电,2016-11-08,7.38,7.41,7.15,7.21,7.42,37398629.0,272145713.0,7210029344.7,7210029344.7
sh600971,恒源煤电,2016-11-09,7.21,7.32,7.03,7.26,7.21,32115830.0,231001631.0,7260029548.2,7260029548.2
sh600971,恒源煤电,2016-11-10,7.29,7.37,7.21,7.28,7.26,25205568.0,183767803.0,7280029629.6,7280029629.6
sh600971,恒源煤电,2016-11-11,7.27,7.88,7.22,7.57,7.28,57797934.0,437627612.0,7570030809.9,7570030809.9
sh600971,恒源煤电,2016-11-14,7.44,8.19,7.43,7.88,7.57,58634904.0,459814759.0,7880032071.6,7880032071.6
sh600971,恒源煤电,2016-11-15,7.81,8.04,7.57,7.63,7.88,38875848.0,301783099.0,7630031054.1,7630031054.1
sh600971,恒源煤电,2016-11-16,7.65,7.69,7.46,7.57,7.63,23727132.0,178912017.0,7570030809.9,7570030809.9
sh600971,恒源煤电,2016-11-17,7.5,7.68,7.45,7.61,7.57,19378462.0,146781014.0,7610030972.7,7610030972.7
sh600971,恒源煤电,2016-11-18,7.56,7.58,7.35,7.38,7.61,22439640.0,167036008.0,7380030036.6,7380030036.6
sh600971,恒源煤电,2016-11-21,7.38,7.5,7.26,7.29,7.38,20204489.0,148749722.0,7290029670.3,7290029670.3
sh600971,恒源煤电,2016-11-22,7.39,7.54,7.35,7.49,7.29,26647242.0,198279043.0,7490030484.3,7490030484.3
sh600971,恒源煤电,2016-11-23,7.45,7.52,7.2,7.28,7.49,27611272.0,202344497.0,7280029629.6,7280029629.6
sh600971,恒源煤电,2016-11-24,7.4,7.51,7.26,7.31,7.28,22295421.0,164687130.0,7310029751.7,7310029751.7
sh600971,恒源煤电,2016-11-25,7.24,7.28,7.03,7.26,7.31,20960794.0,150159573.0,7260029548.2,7260029548.2
sh600971,恒源煤电,2016-11-28,7.27,7.38,7.23,7.34,7.26,19001788.0,139093799.0,7340029873.8,7340029873.8
sh600971,恒源煤电,2016-11-29,7.26,7.28,7.03,7.1,7.34,25103673.0,179115562.0,7100028897.0,7100028897.0
sh600971,恒源煤电,2016-11-30,6.98,7.04,6.82,6.88,7.1,17201751.0,119194696.0,6880028001.6,6880028001.6
sh600971,恒源煤电,2016-12-01,6.93,7.06,6.89,6.98,6.88,14351232.0,100230330.0,6980028408.6,6980028408.6
sh600971,恒源煤电,2016-12-02,6.93,7.04,6.82,6.86,6.98,12868238.0,88951363.0,6860027920.2,6860027920.2
sh600971,恒源煤电,2016-12-05,6.85,6.96,6.78,6.96,6.86,11629458.0,80102630.0,6960028327.2,6960028327.2
sh600971,恒源煤电,2016-12-06,6.93,7.01,6.89,6.89,6.96,6887475.0,47679292.0,6890028042.3,6890028042.3
sh600971,恒源煤电,2016-12-07,6.88,7.09,6.86,7.06,6.89,16938723.0,118836523.0,7060028734.2,7060028734.2
sh600971,恒源煤电,2016-12-08,7.04,7.05,6.93,6.96,7.06,10686429.0,74621883.0,6960028327.2,6960028327.2
sh600971,恒源煤电,2016-12-09,6.89,6.96,6.87,6.92,6.96,9701509.0,67042134.0,6920028164.4,6920028164.4
sh600971,恒源煤电,2016-12-12,6.92,7.0,6.53,6.55,6.92,19965797.0,134642630.0,6550026658.5,6550026658.5
sh600971,恒源煤电,2016-12-13,6.54,6.58,6.41,6.55,6.55,11081371.0,72004903.0,6550026658.5,6550026658.5
sh600971,恒源煤电,2016-12-14,6.5,6.65,6.43,6.54,6.55,11922590.0,78018141.0,6540026617.8,6540026617.8
sh600971,恒源煤电,2016-12-15,6.54,6.72,6.51,6.58,6.54,16226373.0,107554536.0,6580026780.6,6580026780.6
sh600971,恒源煤电,2016-12-16,6.58,6.64,6.54,6.59,6.58,8766735.0,57657406.0,6590026821.3,6590026821.3
sh600971,恒源煤电,2016-12-19,6.58,6.64,6.52,6.62,6.59,8383369.0,55335384.0,6620026943.4,6620026943.4
sh600971,恒源煤电,2016-12-20,6.62,6.64,6.52,6.58,6.62,7385256.0,48525760.0,6580026780.6,6580026780.6
sh600971,恒源煤电,2016-12-21,6.59,6.63,6.57,6.62,6.58,7633723.0,50356043.0,6620026943.4,6620026943.4
sh600971,恒源煤电,2016-12-22,6.6,6.61,6.5,6.53,6.62,9881631.0,64673192.0,6530026577.1,6530026577.1
sh600971,恒源煤电,2016-12-23,6.49,6.53,6.29,6.31,6.53,12208775.0,78126814.0,6310025681.7,6310025681.7
sh600971,恒源煤电,2016-12-26,6.26,6.26,6.09,6.25,6.31,16120844.0,99661741.0,6250025437.5,6250025437.5
sh600971,恒源煤电,2016-12-27,6.21,6.27,6.19,6.24,6.25,7591188.0,47341040.0,6240025396.8,6240025396.8
sh600971,恒源煤电,2016-12-28,6.26,6.31,6.19,6.25,6.24,7423193.0,46426433.0,6250025437.5,6250025437.5
sh600971,恒源煤电,2016-12-29,6.23,6.32,6.2,6.28,6.25,8058507.0,50487031.0,6280025559.6,6280025559.6
sh600971,恒源煤电,2016-12-30,6.24,6.32,6.24,6.27,6.28,5851743.0,36751670.0,6270025518.9,6270025518.9
sh600971,恒源煤电,2017-01-03,6.3,6.42,6.29,6.38,6.27,10640978.0,67779627.0,6380025966.6,6380025966.6
sh600971,恒源煤电,2017-01-04,6.36,6.47,6.36,6.45,6.38,9211915.0,59227239.0,6450026251.5,6450026251.5
sh600971,恒源煤电,2017-01-05,6.45,6.64,6.43,6.5,6.45,12646668.0,83065690.0,6500026455.0,6500026455.0
sh600971,恒源煤电,2017-01-06,6.47,6.61,6.47,6.54,6.5,9082412.0,59375628.0,6540026617.8,6540026617.8
sh600971,恒源煤电,2017-01-09,6.52,6.63,6.5,6.63,6.54,8449559.0,55533824.0,6630026984.1,6630026984.1
sh600971,恒源煤电,2017-01-10,6.63,6.77,6.55,6.65,6.63,14798703.0,98492446.0,6650027065.5,6650027065.5
sh600971,恒源煤电,2017-01-11,6.61,6.73,6.49,6.51,6.65,11870869.0,78301230.0,6510026495.7,6510026495.7
sh600971,恒源煤电,2017-01-12,6.5,6.54,6.36,6.38,6.51,7633116.0,49268012.0,6380025966.6,6380025966.6
sh600971,恒源煤电,2017-01-13,6.36,6.47,6.33,6.38,6.38,7648585.0,48971477.0,6380025966.6,6380025966.6
sh600971,恒源煤电,2017-01-16,6.36,6.48,6.1,6.23,6.38,11888447.0,75380399.0,6230025356.1,6230025356.1
sh600971,恒源煤电,2017-01-17,6.22,6.32,6.18,6.26,6.23,9785924.0,61192971.0,6260025478.2,6260025478.2
sh600971,恒源煤电,2017-01-18,6.26,6.38,6.23,6.36,6.26,7753362.0,49096718.0,6360025885.2,6360025885.2
sh600971,恒源煤电,2017-01-19,6.33,6.43,6.3,6.37,6.36,5604050.0,35684541.0,6370025925.9,6370025925.9
sh600971,恒源煤电,2017-01-20,6.36,6.46,6.33,6.45,6.37,6265939.0,40254353.0,6450026251.5,6450026251.5
sh600971,恒源煤电,2017-01-23,6.47,6.66,6.44,6.58,6.45,9144927.0,59984903.0,6580026780.6,6580026780.6
sh600971,恒源煤电,2017-01-24,6.55,6.67,6.52,6.62,6.58,11419489.0,75561811.0,6620026943.4,6620026943.4
sh600971,恒源煤电,2017-01-25,6.58,6.61,6.54,6.61,6.62,5983981.0,39365318.0,6610026902.7,6610026902.7
sh600971,恒源煤电,2017-01-26,6.63,6.73,6.61,6.7,6.61,15053025.0,100355266.0,6700027269.0,6700027269.0
sh600971,恒源煤电,2017-02-03,6.72,6.82,6.65,6.66,6.7,14869200.0,100059286.0,6660027106.2,6660027106.2
sh600971,恒源煤电,2017-02-06,6.67,6.74,6.63,6.73,6.66,9157704.0,61232975.0,6730027391.1,6730027391.1
sh600971,恒源煤电,2017-02-07,6.7,6.76,6.64,6.68,6.73,9084300.0,60810407.0,6680027187.6,6680027187.6
sh600971,恒源煤电,2017-02-08,6.69,6.81,6.61,6.8,6.68,11698344.0,78612472.0,6800027676.0,6800027676.0
sh600971,恒源煤电,2017-02-09,6.82,6.95,6.77,6.85,6.8,11543160.0,79177855.0,6850027879.5,6850027879.5
sh600971,恒源煤电,2017-02-10,6.88,7.07,6.84,6.98,6.85,15647878.0,108813269.0,6980028408.6,6980028408.6
sh600971,恒源煤电,2017-02-13,7.13,7.68,7.07,7.68,6.98,29457466.0,221423437.0,7680031257.6,7680031257.6
sh600971,恒源煤电,2017-02-14,7.82,7.96,7.56,7.85,7.68,60620730.0,470136953.0,7850031949.5,7850031949.5
sh600971,恒源煤电,2017-02-15,7.7,7.75,7.52,7.58,7.85,41662388.0,318123507.0,7580030850.6,7580030850.6
sh600971,恒源煤电,2017-02-16,7.57,7.74,7.54,7.61,7.58,36261385.0,276951605.0,7610030972.7,7610030972.7
sh600971,恒源煤电,2017-02-17,7.53,7.59,7.3,7.37,7.61,35375686.0,261912762.0,7370029995.9,7370029995.9
sh600971,恒源煤电,2017-02-20,7.44,7.66,7.44,7.56,7.37,29854023.0,224811452.0,7560030769.2,7560030769.2
sh600971,恒源煤电,2017-02-21,7.61,7.69,7.42,7.58,7.56,34607972.0,261644444.0,7580030850.6,7580030850.6
sh600971,恒源煤电,2017-02-22,7.54,7.68,7.52,7.61,7.58,24428284.0,185696935.0,7610030972.7,7610030972.7
sh600971,恒源煤电,2017-02-23,7.63,7.75,7.39,7.49,7.61,28571663.0,216282618.0,7490030484.3,7490030484.3
sh600971,恒源煤电,2017-02-24,7.42,7.51,7.33,7.48,7.49,19148139.0,142154070.0,7480030443.6,7480030443.6
sh600971,恒源煤电,2017-02-27,7.52,7.72,7.5,7.52,7.48,26922085.0,204565512.0,7520030606.4,7520030606.4
sh600971,恒源煤电,2017-02-28,7.5,7.66,7.47,7.61,7.52,19061521.0,144096794.0,7610030972.7,7610030972.7
sh600971,恒源煤电,2017-03-01,7.62,7.95,7.58,7.86,7.61,42398081.0,330622404.0,7860031990.2,7860031990.2
sh600971,恒源煤电,2017-03-02,7.84,7.89,7.71,7.74,7.86,22932643.0,178819845.0,7740031501.8,7740031501.8
sh600971,恒源煤电,2017-03-03,7.65,7.68,7.52,7.58,7.74,20367753.0,154553107.0,7580030850.6,7580030850.6
sh600971,恒源煤电,2017-03-06,7.61,7.82,7.58,7.65,7.58,24189554.0,185812296.0,7650031135.5,7650031135.5
sh600971,恒源煤电,2017-03-07,7.6,7.75,7.45,7.49,7.65,19046304.0,143882634.0,7490030484.3,7490030484.3
sh600971,恒源煤电,2017-03-08,7.48,7.54,7.44,7.51,7.49,8817109.0,66068382.0,7510030565.7,7510030565.7
sh600971,恒源煤电,2017-03-09,7.45,7.46,7.21,7.29,7.51,18714001.0,137157775.0,7290029670.3,7290029670.3
sh600971,恒源煤电,2017-03-10,7.29,7.46,7.29,7.35,7.29,12676975.0,93520834.0,7350029914.5,7350029914.5
sh600971,恒源煤电,2017-03-13,7.35,7.82,7.31,7.69,7.35,27173349.0,205692924.0,7690031298.3,7690031298.3
sh600971,恒源煤电,2017-03-14,7.7,7.77,7.59,7.61,7.69,15806792.0,121031340.0,7610030972.7,7610030972.7
sh600971,恒源煤电,2017-03-15,7.61,7.76,7.61,7.72,7.61,19074057.0,146901907.0,7720031420.4,7720031420.4
sh600971,恒源煤电,2017-03-16,7.72,7.91,7.72,7.79,7.72,23103980.0,180792603.0,7790031705.3,7790031705.3
sh600971,恒源煤电,2017-03-17,7.82,7.94,7.63,7.74,7.79,19619920.0,153259848.0,7740031501.8,7740031501.8
sh600971,恒源煤电,2017-03-20,8.2,8.46,7.92,8.16,7.74,38443189.0,310384469.0,8160033211.2,8160033211.2
sh600971,恒源煤电,2017-03-21,8.11,8.23,7.95,7.99,8.16,22361672.0,180041558.0,7990032519.3,7990032519.3
sh600971,恒源煤电,2017-03-22,7.91,8.18,7.86,8.07,7.99,23800653.0,191812626.0,8070032844.9,8070032844.9
sh600971,恒源煤电,2017-03-23,8.07,8.17,7.9,8.04,8.07,17957533.0,144792270.0,8040032722.8,8040032722.8
sh600971,恒源煤电,2017-03-24,8.03,8.14,7.94,8.01,8.04,16328350.0,130766761.0,8010032600.7,8010032600.7
sh600971,恒源煤电,2017-03-27,8.03,8.07,7.7,7.71,8.01,24964053.0,196986248.0,7710031379.7,7710031379.7
sh600971,恒源煤电,2017-03-28,7.71,7.92,7.68,7.83,7.71,15920714.0,124406710.0,7830031868.1,7830031868.1
sh600971,恒源煤电,2017-03-29,7.87,8.33,7.86,8.21,7.83,29078490.0,234930446.0,8210033414.7,8210033414.7
sh600971,恒源煤电,2017-03-30,8.35,8.72,8.21,8.33,8.21,44351150.0,375545760.0,8330033903.1,8330033903.1
sh600971,恒源煤电,2017-03-31,8.23,8.82,8.22,8.79,8.33,35911202.0,306461779.0,8790035775.3,8790035775.3
sh600971,恒源煤电,2017-04-05,8.75,9.12,8.71,8.84,8.79,31146601.0,277261851.0,8840035978.8,8840035978.8
sh600971,恒源煤电,2017-04-06,8.71,8.83,8.55,8.81,8.84,34184504.0,296231911.0,8810035856.7,8810035856.7
sh600971,恒源煤电,2017-04-07,8.75,9.06,8.65,8.98,8.81,27560147.0,244528221.0,8980036548.6,8980036548.6
sh600971,恒源煤电,2017-04-10,9.07,9.19,8.89,9.01,8.98,21844139.0,197303916.0,9010036670.7,9010036670.7
sh600971,恒源煤电,2017-04-11,8.65,8.75,8.11,8.16,9.01,65254178.0,545709548.0,8160033211.2,8160033211.2
sh600971,恒源煤电,2017-04-12,8.15,8.24,8.03,8.16,8.16,30096663.0,244967401.0,8160033211.2,8160033211.2
sh600971,恒源煤电,2017-04-13,8.15,8.25,8.04,8.05,8.16,18914474.0,153715003.0,8050032763.5,8050032763.5
sh600971,恒源煤电,2017-04-14,8.07,8.1,7.79,7.85,8.05,30398329.0,240620418.0,7850031949.5,7850031949.5
sh600971,恒源煤电,2017-04-17,7.8,7.93,7.68,7.85,7.85,18354732.0,142957267.0,7850031949.5,7850031949.5
sh600971,恒源煤电,2017-04-18,7.84,7.95,7.81,7.82,7.85,14821812.0,116830578.0,7820031827.4,7820031827.4
sh600971,恒源煤电,2017-04-19,7.75,7.79,7.47,7.54,7.82,21643960.0,163754051.0,7540030687.8,7540030687.8
sh600971,恒源煤电,2017-04-20,7.54,7.58,7.34,7.52,7.54,17303342.0,129070493.0,7520030606.4,7520030606.4
sh600971,恒源煤电,2017-04-21,7.54,7.72,7.5,7.71,7.52,15628988.0,119574504.0,7710031379.7,7710031379.7
sh600971,恒源煤电,2017-04-24,7.66,7.77,7.46,7.7,7.71,15600514.0,119593905.0,7700031339.0,7700031339.0
sh600971,恒源煤电,2017-04-25,7.68,7.77,7.55,7.68,7.7,12444100.0,95439604.0,7680031257.6,7680031257.6
sh600971,恒源煤电,2017-04-26,7.7,7.86,7.64,7.84,7.68,15481514.0,120254471.0,7840031908.8,7840031908.8
sh600971,恒源煤电,2017-04-27,7.81,7.88,7.65,7.77,7.84,21202791.0,164379025.0,7770031623.9,7770031623.9
sh600971,恒源煤电,2017-04-28,7.73,7.8,7.7,7.77,7.77,12765580.0,98994699.0,7770031623.9,7770031623.9
sh600971,恒源煤电,2017-05-02,7.71,7.82,7.57,7.6,7.77,16802465.0,129395760.0,7600030932.0,7600030932.0
sh600971,恒源煤电,2017-05-03,7.56,7.68,7.5,7.64,7.6,13280308.0,100829687.0,7640031094.8,7640031094.8
sh600971,恒源煤电,2017-05-04,7.57,7.64,7.41,7.42,7.64,14937378.0,112081962.0,7420030199.4,7420030199.4
sh600971,恒源煤电,2017-05-05,7.35,7.35,6.93,7.01,7.42,26480607.0,188091243.0,7010028530.7,7010028530.7
sh600971,恒源煤电,2017-05-08,6.95,7.04,6.88,6.95,7.01,10805468.0,75284244.0,6950028286.5,6950028286.5
sh600971,恒源煤电,2017-05-09,6.96,7.06,6.9,7.02,6.95,10806200.0,75432589.0,7020028571.4,7020028571.4
sh600971,恒源煤电,2017-05-10,7.01,7.05,6.73,6.75,7.02,15000236.0,103685976.0,6750027472.5,6750027472.5
sh600971,恒源煤电,2017-05-11,6.69,6.79,6.57,6.76,6.75,12848999.0,85857444.0,6760027513.2,6760027513.2
sh600971,恒源煤电,2017-05-12,6.73,6.87,6.71,6.85,6.76,13072934.0,88974473.0,6850027879.5,6850027879.5
sh600971,恒源煤电,2017-05-15,6.87,6.97,6.83,6.86,6.85,10679827.0,73410916.0,6860027920.2,6860027920.2
sh600971,恒源煤电,2017-05-16,6.88,7.06,6.78,7.04,6.86,15799052.0,109215624.0,7040028652.8,7040028652.8
sh600971,恒源煤电,2017-05-17,7.07,7.15,6.96,6.99,7.04,16248306.0,114721191.0,6990028449.3,6990028449.3
sh600971,恒源煤电,2017-05-18,6.91,7.06,6.9,6.99,6.99,8988713.0,62794316.0,6990028449.3,6990028449.3
sh600971,恒源煤电,2017-05-19,6.98,7.02,6.91,6.92,6.99,8417455.0,58493022.0,6920028164.4,6920028164.4
sh600971,恒源煤电,2017-05-22,6.93,7.08,6.86,6.89,6.92,11473303.0,79896983.0,6890028042.3,6890028042.3
sh600971,恒源煤电,2017-05-23,6.89,7.02,6.78,6.87,6.89,13159580.0,90864233.0,6870027960.9,6870027960.9
sh600971,恒源煤电,2017-05-24,6.81,6.9,6.7,6.86,6.87,10894360.0,74272950.0,6860027920.2,6860027920.2
sh600971,恒源煤电,2017-05-25,6.84,7.25,6.81,7.23,6.86,23379074.0,165345588.0,7230029426.1,7230029426.1
sh600971,恒源煤电,2017-05-26,7.26,7.34,7.14,7.17,7.23,18815493.0,135897542.0,7170029181.9,7170029181.9
sh600971,恒源煤电,2017-05-31,7.23,7.27,7.08,7.1,7.17,14618770.0,104552965.0,7100028897.0,7100028897.0
sh600971,恒源煤电,2017-06-01,7.02,7.16,6.99,7.04,7.1,14108692.0,100162840.0,7040028652.8,7040028652.8
sh600971,恒源煤电,2017-06-02,7.0,7.22,7.0,7.2,7.04,10711873.0,76426032.0,7200029304.0,7200029304.0
sh600971,恒源煤电,2017-06-05,7.25,7.46,7.22,7.26,7.2,15474890.0,113433538.0,7260029548.2,7260029548.2
sh600971,恒源煤电,2017-06-06,7.18,7.4,7.18,7.37,7.26,10697222.0,77995777.0,7370029995.9,7370029995.9
sh600971,恒源煤电,2017-06-07,7.31,7.45,7.23,7.44,7.37,17187118.0,126717419.0,7440030280.8,7440030280.8
sh600971,恒源煤电,2017-06-08,7.4,7.44,7.28,7.34,7.44,13571898.0,99727196.0,7340029873.8,7340029873.8
sh600971,恒源煤电,2017-06-09,7.35,7.37,7.27,7.35,7.34,8113366.0,59391059.0,7350029914.5,7350029914.5
sh600971,恒源煤电,2017-06-12,7.31,7.44,7.31,7.32,7.35,12791120.0,94201073.0,7320029792.4,7320029792.4
sh600971,恒源煤电,2017-06-13,7.31,7.7,7.29,7.57,7.32,29555469.0,223287419.0,7570030809.9,7570030809.9
sh600971,恒源煤电,2017-06-14,7.54,7.68,7.51,7.64,7.57,20647227.0,156849998.0,7640031094.8,7640031094.8
sh600971,恒源煤电,2017-06-15,7.63,7.74,7.58,7.62,7.64,12241995.0,93618610.0,7620031013.4,7620031013.4
sh600971,恒源煤电,2017-06-16,7.61,7.66,7.53,7.6,7.62,8766542.0,66459236.0,7600030932.0,7600030932.0
sh600971,恒源煤电,2017-06-19,7.55,7.84,7.55,7.78,7.6,23084382.0,178791999.0,7780031664.6,7780031664.6
sh600971,恒源煤电,2017-06-20,7.75,7.82,7.7,7.73,7.78,12422819.0,96391449.0,7730031461.1,7730031461.1
sh600971,恒源煤电,2017-06-21,7.74,7.81,7.66,7.8,7.73,13093214.0,101137622.0,7800031746.0,7800031746.0
sh600971,恒源煤电,2017-06-22,7.81,7.88,7.69,7.71,7.8,15732974.0,122716889.0,7710031379.7,7710031379.7
sh600971,恒源煤电,2017-06-23,7.67,7.82,7.53,7.73,7.71,16401729.0,126009944.0,7730031461.1,7730031461.1
sh600971,恒源煤电,2017-06-26,7.69,7.95,7.69,7.91,7.73,19362922.0,151362407.0,7910032193.7,7910032193.7
sh600971,恒源煤电,2017-06-27,7.9,8.1,7.83,8.0,7.91,21640719.0,172002954.0,8000032560.0,8000032560.0
sh600971,恒源煤电,2017-06-28,7.95,8.2,7.91,8.09,8.0,24872270.0,201271746.0,8090032926.3,8090032926.3
sh600971,恒源煤电,2017-06-29,8.15,8.36,8.1,8.19,8.09,25869108.0,213185792.0,8190033333.3,8190033333.3
sh600971,恒源煤电,2017-06-30,8.12,8.21,8.05,8.13,8.19,14393985.0,116844576.0,8130033089.1,8130033089.1
sh600971,恒源煤电,2017-07-03,8.14,8.42,8.07,8.38,8.13,21915542.0,181602365.0,8380034106.6,8380034106.6
sh600971,恒源煤电,2017-07-04,8.32,8.36,8.25,8.34,8.38,14385491.0,119462524.0,8340033943.8,8340033943.8
sh600971,恒源煤电,2017-07-05,8.42,8.5,8.33,8.37,8.34,20535060.0,172552110.0,8370034065.9,8370034065.9
sh600971,恒源煤电,2017-07-06,8.53,8.74,8.41,8.49,8.37,36141828.0,309449079.0,8490034554.3,8490034554.3
sh600971,恒源煤电,2017-07-07,8.46,8.95,8.43,8.88,8.49,38219465.0,332041536.0,8880036141.6,8880036141.6
sh600971,恒源煤电,2017-07-10,8.83,9.18,8.81,9.03,8.88,42704910.0,383797149.0,9030036752.1,9030036752.1
sh600971,恒源煤电,2017-07-11,9.02,9.04,8.55,8.59,9.03,35147043.0,308611431.0,8590034961.3,8590034961.3
sh600971,恒源煤电,2017-07-12,8.65,8.96,8.47,8.93,8.59,34022523.0,296180691.0,8930036345.1,8930036345.1
sh600971,恒源煤电,2017-07-13,9.29,9.65,9.16,9.4,8.93,71682568.0,673218588.0,9400038258.0,9400038258.0
sh600971,恒源煤电,2017-07-14,9.48,9.63,9.32,9.47,9.4,45044773.0,426919780.0,9470038542.9,9470038542.9
sh600971,恒源煤电,2017-07-17,9.43,10.23,9.15,9.89,9.47,71169820.0,691276472.0,9890040252.3,9890040252.3
sh600971,恒源煤电,2017-07-18,9.77,10.66,9.73,10.59,9.89,68925867.0,697015895.0,10590043101.3,10590043101.3
sh600971,恒源煤电,2017-07-19,10.49,11.65,10.46,11.65,10.59,109106097.0,1236255460.0,11650047415.5,11650047415.5
sh600971,恒源煤电,2017-07-20,11.71,12.0,11.32,11.88,11.65,90576711.0,1058064001.0,11880048351.6,11880048351.6
sh600971,恒源煤电,2017-07-21,11.65,12.49,11.61,12.16,11.88,88074962.0,1061817554.0,12160049491.2,12160049491.2
sh600971,恒源煤电,2017-07-24,12.0,12.25,11.52,11.82,12.16,80788846.0,956689197.0,11820048107.4,11820048107.4
sh600971,恒源煤电,2017-07-25,11.8,11.88,11.44,11.81,11.82,58641376.0,685141379.0,11810048066.7,11810048066.7
sh600971,恒源煤电,2017-07-26,11.95,12.24,11.61,11.81,11.81,81672635.0,973338599.0,11810048066.7,11810048066.7
sh600971,恒源煤电,2017-07-27,11.61,11.69,10.71,10.82,11.81,103250811.0,1147324663.0,10820044037.4,10820044037.4
sh600971,恒源煤电,2017-07-28,10.76,11.14,10.76,10.99,10.82,65651062.0,716045561.0,10990044729.3,10990044729.3
sh600971,恒源煤电,2017-07-31,11.02,12.09,10.96,11.92,10.99,107877479.0,1232139993.0,11920048514.4,11920048514.4
sh600971,恒源煤电,2017-08-01,11.8,11.84,11.11,11.24,11.92,77759939.0,885265231.0,11240045746.8,11240045746.8
sh600971,恒源煤电,2017-08-02,11.23,11.97,11.16,11.34,11.24,76389446.0,878294822.0,11340046153.8,11340046153.8
sh600971,恒源煤电,2017-08-03,11.22,11.6,11.11,11.56,11.34,45208870.0,514864835.0,11560047049.2,11560047049.2
sh600971,恒源煤电,2017-08-04,11.61,12.35,11.15,11.19,11.56,91799436.0,1086875055.0,11190045543.3,11190045543.3
sh600971,恒源煤电,2017-08-07,11.06,11.96,10.77,11.93,11.19,73093508.0,828117485.0,11930048555.1,11930048555.1
sh600971,恒源煤电,2017-08-08,11.8,12.09,11.38,11.62,11.93,71367949.0,839629016.0,11620047293.4,11620047293.4
sh600971,恒源煤电,2017-08-09,11.67,12.78,11.37,12.78,11.62,119104697.0,1444035549.0,12780052014.6,12780052014.6
sh600971,恒源煤电,2017-08-10,12.46,12.58,12.06,12.39,12.78,79897242.0,986089223.0,12390050427.3,12390050427.3
sh600971,恒源煤电,2017-08-11,12.14,12.47,11.15,11.15,12.39,74402971.0,875384317.0,11150045380.5,11150045380.5
sh600971,恒源煤电,2017-08-14,11.05,11.49,11.0,11.3,11.15,46297187.0,520860887.0,11300045991.0,11300045991.0
sh600971,恒源煤电,2017-08-15,11.17,11.53,10.88,11.33,11.3,38854379.0,436723815.0,11330046113.1,11330046113.1
sh600971,恒源煤电,2017-08-16,11.4,11.58,11.04,11.24,11.33,34946845.0,394445579.0,11240045746.8,11240045746.8
sh600971,恒源煤电,2017-08-17,11.57,11.92,11.31,11.85,11.24,60342043.0,702315185.0,11850048229.5,11850048229.5
sh600971,恒源煤电,2017-08-18,11.55,11.92,11.51,11.89,11.85,40328684.0,470793237.0,11890048392.3,11890048392.3
sh600971,恒源煤电,2017-08-21,11.81,12.26,11.64,11.93,11.89,52600350.0,627427109.0,11930048555.1,11930048555.1
sh600971,恒源煤电,2017-08-22,11.85,11.89,11.53,11.59,11.93,37090310.0,432830095.0,11590047171.3,11590047171.3
sh600971,恒源煤电,2017-08-23,11.4,11.48,10.96,11.11,11.59,43305690.0,483275471.0,11110045217.7,11110045217.7
sh600971,恒源煤电,2017-08-24,11.15,11.23,10.9,11.09,11.11,26029647.0,289242803.0,11090045136.3,11090045136.3
sh600971,恒源煤电,2017-08-25,11.26,11.77,11.15,11.48,11.09,52696803.0,604352395.0,11480046723.6,11480046723.6
sh600971,恒源煤电,2017-08-28,11.32,11.68,11.27,11.66,11.48,40711796.0,468825181.0,11660047456.2,11660047456.2
sh600971,恒源煤电,2017-08-29,11.6,11.92,11.44,11.49,11.66,39949918.0,466370485.0,11490046764.3,11490046764.3
sh600971,恒源煤电,2017-08-30,11.35,12.6,11.31,12.11,11.49,86942635.0,1046085998.0,12110049287.7,12110049287.7
sh600971,恒源煤电,2017-08-31,12.12,12.95,11.89,12.66,12.11,100563935.0,1248589260.0,12660051526.2,12660051526.2
sh600971,恒源煤电,2017-09-01,12.91,13.54,12.68,12.87,12.66,118652459.0,1544062220.0,12870052380.9,12870052380.9
sh600971,恒源煤电,2017-09-04,12.88,13.04,12.4,12.69,12.87,66716746.0,846323254.0,12690051648.3,12690051648.3
sh600971,恒源煤电,2017-09-05,12.66,13.05,12.46,12.81,12.69,53495364.0,683509184.0,12810052136.7,12810052136.7
sh600971,恒源煤电,2017-09-06,12.65,12.93,12.5,12.51,12.81,47692662.0,605260964.0,12510050915.7,12510050915.7
sh600971,恒源煤电,2017-09-07,12.6,12.84,12.38,12.55,12.51,45886509.0,578821978.0,12550051078.5,12550051078.5
sh600971,恒源煤电,2017-09-08,12.6,12.89,12.29,12.48,12.55,44912081.0,567560379.0,12480050793.6,12480050793.6
sh600971,恒源煤电,2017-09-11,12.3,12.75,12.15,12.71,12.48,37282543.0,464545879.0,12710051729.7,12710051729.7
sh600971,恒源煤电,2017-09-12,12.85,13.02,12.55,12.59,12.71,50566157.0,647035784.0,12590051241.3,12590051241.3
sh600971,恒源煤电,2017-09-13,12.59,12.99,12.51,12.8,12.59,46132428.0,590409067.0,12800052096.0,12800052096.0
sh600971,恒源煤电,2017-09-14,12.71,12.87,12.38,12.47,12.8,38626862.0,486545752.0,12470050752.9,12470050752.9
sh600971,恒源煤电,2017-09-15,12.4,12.46,11.4,11.55,12.47,54904498.0,650080499.0,11550047008.5,11550047008.5
sh600971,恒源煤电,2017-09-18,11.5,11.66,11.4,11.62,11.55,25918627.0,298854866.0,11620047293.4,11620047293.4
sh600971,恒源煤电,2017-09-19,11.69,11.84,11.54,11.6,11.62,23240831.0,271969368.0,11600047212.0,11600047212.0
sh600971,恒源煤电,2017-09-20,11.61,11.85,11.47,11.78,11.6,24443952.0,286338010.0,11780047944.6,11780047944.6
sh600971,恒源煤电,2017-09-21,11.69,11.77,11.38,11.4,11.78,20409691.0,236710130.0,11400046398.0,11400046398.0
sh600971,恒源煤电,2017-09-22,11.31,11.59,11.19,11.46,11.4,20546819.0,234505398.0,11460046642.2,11460046642.2
sh600971,恒源煤电,2017-09-25,11.37,11.47,10.99,11.08,11.46,20853655.0,233611336.0,11080045095.6,11080045095.6
sh600971,恒源煤电,2017-09-26,11.18,11.36,11.1,11.23,11.08,21097250.0,237068415.0,11230045706.1,11230045706.1
sh600971,恒源煤电,2017-09-27,11.27,11.62,11.23,11.49,11.23,22265966.0,255112241.0,11490046764.3,11490046764.3
sh600971,恒源煤电,2017-09-28,11.43,11.47,11.22,11.24,11.49,17428253.0,197386255.0,11240045746.8,11240045746.8
sh600971,恒源煤电,2017-09-29,11.18,11.41,11.16,11.38,11.24,14062694.0,158583730.0,11380046316.6,11380046316.6
sh600971,恒源煤电,2017-10-09,11.52,11.54,11.23,11.33,11.38,19207949.0,217893332.0,11330046113.1,11330046113.1
sh600971,恒源煤电,2017-10-10,11.26,11.3,10.8,11.0,11.33,22942923.0,251260161.0,11000044770.0,11000044770.0
sh600971,恒源煤电,2017-10-11,10.96,11.08,10.82,10.93,11.0,12311197.0,134965828.0,10930044485.1,10930044485.1
sh600971,恒源煤电,2017-10-12,10.92,11.05,10.51,10.74,10.93,34114013.0,367822408.0,10740043711.8,10740043711.8
sh600971,恒源煤电,2017-10-13,10.74,11.08,10.74,11.03,10.74,23025365.0,251094525.0,11030044892.1,11030044892.1
sh600971,恒源煤电,2017-10-16,11.03,11.18,10.79,11.02,11.03,22659107.0,249349862.0,11020044851.4,11020044851.4
sh600971,恒源煤电,2017-10-17,10.84,10.98,10.8,10.84,11.02,13139180.0,143059544.0,10840044118.8,10840044118.8
sh600971,恒源煤电,2017-10-18,10.84,10.97,10.43,10.49,10.84,16114090.0,172273458.0,10490042694.3,10490042694.3
sh600971,恒源煤电,2017-10-19,10.36,10.38,10.14,10.21,10.49,16380586.0,167972791.0,10210041554.7,10210041554.7
sh600971,恒源煤电,2017-10-20,10.18,10.48,10.18,10.46,10.21,13576472.0,140447091.0,10460042572.2,10460042572.2
sh600971,恒源煤电,2017-10-23,10.39,10.45,10.22,10.43,10.46,11519696.0,119480557.0,10430042450.1,10430042450.1
sh600971,恒源煤电,2017-10-24,10.44,10.54,10.33,10.48,10.43,10494792.0,109608468.0,10480042653.6,10480042653.6
sh600971,恒源煤电,2017-10-25,10.49,10.79,10.48,10.71,10.48,17626069.0,188009227.0,10710043589.7,10710043589.7
sh600971,恒源煤电,2017-10-26,10.7,11.17,10.63,11.06,10.71,25948909.0,284274399.0,11060045014.2,11060045014.2
sh600971,恒源煤电,2017-10-27,11.09,11.18,10.68,10.69,11.06,25531877.0,278196461.0,10690043508.3,10690043508.3
sh600971,恒源煤电,2017-10-30,10.6,10.67,10.22,10.26,10.69,17452423.0,181208715.0,10260041758.2,10260041758.2
sh600971,恒源煤电,2017-10-31,10.2,10.62,10.19,10.58,10.26,14511400.0,152238364.0,10580043060.6,10580043060.6
sh600971,恒源煤电,2017-11-01,10.59,10.63,10.4,10.44,10.58,11301492.0,118400913.0,10440042490.8,10440042490.8
sh600971,恒源煤电,2017-11-02,10.53,10.73,10.44,10.49,10.44,15767207.0,166703858.0,10490042694.3,10490042694.3
sh600971,恒源煤电,2017-11-03,10.45,10.49,10.01,10.15,10.49,17867250.0,181915141.0,10150041310.5,10150041310.5
sh600971,恒源煤电,2017-11-06,10.22,10.43,9.95,10.37,10.15,16462018.0,167873260.0,10370042205.9,10370042205.9
sh600971,恒源煤电,2017-11-07,10.38,10.97,10.21,10.75,10.37,34031639.0,362686430.0,10750043752.5,10750043752.5
sh600971,恒源煤电,2017-11-08,10.61,10.87,10.56,10.74,10.75,24456380.0,262651733.0,10740043711.8,10740043711.8
sh600971,恒源煤电,2017-11-09,10.91,11.14,10.73,10.8,10.74,31480014.0,344853269.0,10800043956.0,10800043956.0
sh600971,恒源煤电,2017-11-10,10.72,10.78,10.56,10.68,10.8,18455333.0,196413464.0,10680043467.6,10680043467.6
sh600971,恒源煤电,2017-11-13,10.61,11.02,10.55,11.01,10.68,30743322.0,333403630.0,11010044810.7,11010044810.7
sh600971,恒源煤电,2017-11-14,10.95,11.32,10.92,11.09,11.01,41119476.0,459599194.0,11090045136.3,11090045136.3
sh600971,恒源煤电,2017-11-15,11.0,11.0,10.7,10.91,11.09,22142413.0,240111276.0,10910044403.7,10910044403.7
sh600971,恒源煤电,2017-11-16,10.8,11.05,10.73,10.84,10.91,19012280.0,207178061.0,10840044118.8,10840044118.8
sh600971,恒源煤电,2017-11-17,10.88,10.88,9.91,10.1,10.84,35398585.0,365689073.0,10100041107.0,10100041107.0
sh600971,恒源煤电,2017-11-20,10.08,10.29,9.8,10.29,10.1,18644387.0,187907812.0,10290041880.3,10290041880.3
sh600971,恒源煤电,2017-11-21,10.26,10.42,10.1,10.19,10.29,17346455.0,177696413.0,10190041473.3,10190041473.3
sh600971,恒源煤电,2017-11-22,10.35,10.42,10.08,10.35,10.19,19394163.0,198751648.0,10350042124.5,10350042124.5
sh600971,恒源煤电,2017-11-23,10.39,10.54,10.13,10.14,10.35,24870251.0,258636141.0,10140041269.8,10140041269.8
sh600971,恒源煤电,2017-11-24,10.05,10.37,9.85,10.31,10.14,20825030.0,211049322.0,10310041961.7,10310041961.7
sh600971,恒源煤电,2017-11-27,10.4,10.5,10.12,10.18,10.31,18285547.0,188859432.0,10180041432.6,10180041432.6
sh600971,恒源煤电,2017-11-28,10.14,10.73,10.07,10.71,10.18,30132299.0,315512036.0,10710043589.7,10710043589.7
sh600971,恒源煤电,2017-11-29,10.66,11.07,10.61,10.95,10.71,45651060.0,496340735.0,10950044566.5,10950044566.5
sh600971,恒源煤电,2017-11-30,11.03,11.09,10.85,10.92,10.95,32618739.0,357696401.0,10920044444.4,10920044444.4
sh600971,恒源煤电,2017-12-01,10.87,10.95,10.6,10.82,10.92,22637517.0,243866270.0,10820044037.4,10820044037.4
sh600971,恒源煤电,2017-12-04,10.96,11.13,10.68,10.88,10.82,25585405.0,278878393.0,10880044281.6,10880044281.6
sh600971,恒源煤电,2017-12-05,10.78,10.8,10.23,10.34,10.88,26486961.0,279174045.0,10340042083.8,10340042083.8
sh600971,恒源煤电,2017-12-06,10.22,10.39,10.06,10.35,10.34,21251729.0,216891753.0,10350042124.5,10350042124.5
sh600971,恒源煤电,2017-12-07,10.21,10.28,9.97,9.98,10.35,20092613.0,203374892.0,9980040618.6,9980040618.6
sh600971,恒源煤电,2017-12-08,9.96,10.19,9.93,10.13,9.98,14937716.0,150630703.0,10130041229.1,10130041229.1
sh600971,恒源煤电,2017-12-11,10.24,10.29,10.11,10.23,10.13,12050574.0,122764031.0,10230041636.1,10230041636.1
sh600971,恒源煤电,2017-12-12,10.21,10.26,9.98,10.0,10.23,14026214.0,141519343.0,10000040700.0,10000040700.0
sh600971,恒源煤电,2017-12-13,9.97,10.15,9.95,10.14,10.0,10985080.0,110489290.0,10140041269.8,10140041269.8
sh600971,恒源煤电,2017-12-14,10.08,10.17,9.93,10.01,10.14,13220215.0,132690431.0,10010040740.7,10010040740.7
sh600971,恒源煤电,2017-12-15,10.0,10.07,9.87,9.89,10.01,10205493.0,101538015.0,9890040252.3,9890040252.3
sh600971,恒源煤电,2017-12-18,9.97,10.45,9.97,10.44,9.89,31059649.0,317911141.0,10440042490.8,10440042490.8
sh600971,恒源煤电,2017-12-19,10.39,10.49,10.24,10.36,10.44,19301301.0,199663363.0,10360042165.2,10360042165.2
sh600971,恒源煤电,2017-12-20,10.3,10.42,10.05,10.14,10.36,19204583.0,196727445.0,10140041269.8,10140041269.8
sh600971,恒源煤电,2017-12-21,10.06,10.23,9.97,10.15,10.14,13060664.0,131907164.0,10150041310.5,10150041310.5
sh600971,恒源煤电,2017-12-22,10.15,10.3,10.14,10.15,10.15,13476941.0,137681347.0,10150041310.5,10150041310.5
sh600971,恒源煤电,2017-12-25,10.16,10.17,9.95,9.99,10.15,13432559.0,134597458.0,9990040659.3,9990040659.3
sh600971,恒源煤电,2017-12-26,9.98,10.17,9.93,10.14,9.99,10246696.0,103193641.0,10140041269.8,10140041269.8
sh600971,恒源煤电,2017-12-27,10.12,10.55,10.1,10.21,10.14,25901828.0,267746754.0,10210041554.7,10210041554.7
sh600971,恒源煤电,2017-12-28,10.2,10.58,10.13,10.51,10.21,33385062.0,346756011.0,10510042775.7,10510042775.7
sh600971,恒源煤电,2017-12-29,10.5,10.57,10.33,10.43,10.51,16667259.0,173796470.0,10430042450.1,10430042450.1
sh600971,恒源煤电,2018-01-02,10.47,10.92,10.46,10.83,10.43,35031054.0,374899376.0,10830044078.1,10830044078.1
sh600971,恒源煤电,2018-01-03,10.75,10.98,10.75,10.82,10.83,27896478.0,302619706.0,10820044037.4,10820044037.4
sh600971,恒源煤电,2018-01-04,10.84,11.14,10.8,11.12,10.82,36640098.0,402023134.0,11120045258.4,11120045258.4
sh600971,恒源煤电,2018-01-05,11.09,11.16,10.9,10.96,11.12,28797695.0,317029372.0,10960044607.2,10960044607.2
sh600971,恒源煤电,2018-01-08,11.03,11.83,11.02,11.41,10.96,53752123.0,613024762.0,11410046438.7,11410046438.7
sh600971,恒源煤电,2018-01-09,11.35,11.43,11.23,11.4,11.41,24716080.0,279856097.0,11400046398.0,11400046398.0
sh600971,恒源煤电,2018-01-10,11.33,11.54,11.12,11.25,11.4,24998428.0,283122742.0,11250045787.5,11250045787.5
sh600971,恒源煤电,2018-01-11,11.23,11.3,10.88,10.93,11.25,26795341.0,295360369.0,10930044485.1,10930044485.1
sh600971,恒源煤电,2018-01-12,10.94,11.15,10.82,10.9,10.93,20290842.0,221979699.0,10900044363.0,10900044363.0
sh600971,恒源煤电,2018-01-15,10.92,10.95,10.26,10.31,10.9,30178496.0,317639370.0,10310041961.7,10310041961.7
sh600971,恒源煤电,2018-01-16,10.34,10.46,10.22,10.37,10.31,19409459.0,200699000.0,10370042205.9,10370042205.9
sh600971,恒源煤电,2018-01-17,10.38,10.63,10.21,10.48,10.37,18975976.0,197552848.0,10480042653.6,10480042653.6
sh600971,恒源煤电,2018-01-18,10.48,10.72,10.45,10.69,10.48,18535026.0,196217430.0,10690043508.3,10690043508.3
sh600971,恒源煤电,2018-01-19,10.73,10.83,10.59,10.64,10.69,19302377.0,206525316.0,10640043304.8,10640043304.8
sh600971,恒源煤电,2018-01-22,10.74,11.02,10.73,10.95,10.64,24836073.0,270421196.0,10950044566.5,10950044566.5
sh600971,恒源煤电,2018-01-23,10.99,11.34,10.81,11.32,10.95,34742108.0,386295348.0,11320046072.4,11320046072.4
sh600971,恒源煤电,2018-01-24,11.1,11.15,10.77,10.93,11.32,47381039.0,517842017.0,10930044485.1,10930044485.1
sh600971,恒源煤电,2018-01-25,10.97,11.3,10.97,11.1,10.93,40507188.0,451771247.0,11100045177.0,11100045177.0
sh600971,恒源煤电,2018-01-26,10.94,11.05,10.83,10.93,11.1,20969644.0,228888283.0,10930044485.1,10930044485.1
sh600971,恒源煤电,2018-01-29,11.02,11.35,11.02,11.1,10.93,44312860.0,496719773.0,11100045177.0,11100045177.0
sh600971,恒源煤电,2018-01-30,11.15,11.47,10.97,11.32,11.1,42722406.0,482278659.0,11320046072.4,11320046072.4
sh600971,恒源煤电,2018-01-31,11.2,11.3,10.98,11.26,11.32,27945782.0,311338264.0,11260045828.2,11260045828.2
sh600971,恒源煤电,2018-02-01,11.28,11.52,10.81,10.87,11.26,34614649.0,386761887.0,10870044240.9,10870044240.9
sh600971,恒源煤电,2018-02-02,10.74,11.57,10.4,11.52,10.87,50846516.0,568156941.0,11520046886.4,11520046886.4
sh600971,恒源煤电,2018-02-05,11.29,12.15,11.29,11.87,11.52,64677041.0,758449182.0,11870048310.9,11870048310.9
sh600971,恒源煤电,2018-02-06,11.52,12.22,11.45,11.72,11.87,68934697.0,817214299.0,11720047700.4,11720047700.4
sh600971,恒源煤电,2018-02-07,12.04,12.45,11.72,11.74,11.72,67614750.0,819432089.0,11740047781.8,11740047781.8
sh600971,恒源煤电,2018-02-08,11.57,11.65,11.0,11.26,11.74,36942063.0,418102038.0,11260045828.2,11260045828.2
sh600971,恒源煤电,2018-02-09,10.64,10.88,10.13,10.13,11.26,40467747.0,419861161.0,10130041229.1,10130041229.1
sh600971,恒源煤电,2018-02-12,9.99,10.21,9.9,10.12,10.13,22009965.0,221836496.0,10120041188.4,10120041188.4
sh600971,恒源煤电,2018-02-13,10.23,10.4,10.05,10.06,10.12,20126184.0,205886702.0,10060040944.2,10060040944.2
sh600971,恒源煤电,2018-02-14,10.08,10.17,9.93,10.12,10.06,15014810.0,151164284.0,10120041188.4,10120041188.4
sh600971,恒源煤电,2018-02-22,10.26,10.42,10.2,10.4,10.12,17756977.0,183628181.0,10400042328.0,10400042328.0
sh600971,恒源煤电,2018-02-23,10.39,10.74,10.2,10.66,10.4,22720037.0,237816629.0,10660043386.2,10660043386.2
sh600971,恒源煤电,2018-02-26,10.76,10.82,10.53,10.77,10.66,22294561.0,238447595.0,10770043833.9,10770043833.9
sh600971,恒源煤电,2018-02-27,10.77,10.78,10.35,10.37,10.77,21609504.0,227151192.0,10370042205.9,10370042205.9
sh600971,恒源煤电,2018-02-28,10.25,10.46,10.19,10.32,10.37,19891034.0,204694244.0,10320042002.4,10320042002.4
sh600971,恒源煤电,2018-03-01,10.2,10.38,10.16,10.21,10.32,17718771.0,181637496.0,10210041554.7,10210041554.7
sh600971,恒源煤电,2018-03-02,10.11,10.16,9.98,10.03,10.21,14854575.0,149434039.0,10030040822.1,10030040822.1
sh600971,恒源煤电,2018-03-05,10.05,10.13,9.97,10.01,10.03,11493585.0,115442215.0,10010040740.7,10010040740.7
sh600971,恒源煤电,2018-03-06,10.05,10.44,9.99,10.4,10.01,22187837.0,227105549.0,10400042328.0,10400042328.0
sh600971,恒源煤电,2018-03-07,10.31,10.37,10.1,10.15,10.4,13930144.0,142798651.0,10150041310.5,10150041310.5
sh600971,恒源煤电,2018-03-08,10.04,10.23,10.04,10.17,10.15,9449660.0,95829523.0,10170041391.9,10170041391.9
sh600971,恒源煤电,2018-03-09,10.13,10.18,10.0,10.13,10.17,14419954.0,145281565.0,10130041229.1,10130041229.1
sh600971,恒源煤电,2018-03-12,10.17,10.32,10.07,10.26,10.13,15771199.0,161089000.0,10260041758.2,10260041758.2
sh600971,恒源煤电,2018-03-13,10.21,10.28,10.11,10.14,10.26,10362343.0,105488439.0,10140041269.8,10140041269.8
sh600971,恒源煤电,2018-03-14,10.12,10.24,10.01,10.15,10.14,16302469.0,164896231.0,10150041310.5,10150041310.5
sh600971,恒源煤电,2018-03-15,10.08,10.12,10.02,10.08,10.15,11559807.0,116333220.0,10080041025.6,10080041025.6
sh600971,恒源煤电,2018-03-16,10.08,10.08,9.51,9.62,10.08,22676742.0,224237643.0,9620039153.4,9620039153.4
sh600971,恒源煤电,2018-03-19,9.51,9.52,9.09,9.16,9.62,25773900.0,238035504.0,9160037281.2,9160037281.2
sh600971,恒源煤电,2018-03-20,9.03,9.23,8.99,9.17,9.16,11913286.0,109013060.0,9170037321.9,9170037321.9
sh600971,恒源煤电,2018-03-21,9.22,9.24,9.04,9.07,9.17,12860183.0,117725314.0,9070036914.9,9070036914.9
sh600971,恒源煤电,2018-03-22,9.1,9.13,8.92,8.98,9.07,13257304.0,119510438.0,8980036548.6,8980036548.6
sh600971,恒源煤电,2018-03-23,8.52,8.59,8.08,8.19,8.98,26889777.0,223854974.0,8190033333.3,8190033333.3
sh600971,恒源煤电,2018-03-26,8.1,8.38,8.1,8.31,8.19,16748007.0,138319702.0,8310033821.7,8310033821.7
sh600971,恒源煤电,2018-03-27,8.43,8.52,8.34,8.47,8.31,14747313.0,124212123.0,8470034472.9,8470034472.9
sh600971,恒源煤电,2018-03-28,8.33,8.49,8.21,8.34,8.47,12752259.0,107057140.0,8340033943.8,8340033943.8
sh600971,恒源煤电,2018-03-29,8.38,8.63,8.32,8.57,8.34,16172039.0,137407583.0,8570034879.9,8570034879.9
sh600971,恒源煤电,2018-03-30,8.59,8.63,8.48,8.54,8.57,14193223.0,121183808.0,8540034757.8,8540034757.8
sh600971,恒源煤电,2018-04-02,8.6,8.73,8.38,8.41,8.54,17946028.0,153416267.0,8410034228.7,8410034228.7
sh600971,恒源煤电,2018-04-03,8.25,8.28,8.08,8.16,8.41,17067255.0,139278993.0,8160033211.2,8160033211.2
sh600971,恒源煤电,2018-04-04,8.19,8.31,8.13,8.16,8.16,11024095.0,90729720.0,8160033211.2,8160033211.2
sh600971,恒源煤电,2018-04-09,8.09,8.25,8.09,8.18,8.16,8217391.0,67288119.0,8180033292.6,8180033292.6
sh600971,恒源煤电,2018-04-10,8.2,8.46,8.2,8.44,8.18,18885253.0,158471614.0,8440034350.8,8440034350.8
sh600971,恒源煤电,2018-04-11,8.47,8.51,8.38,8.41,8.44,13137347.0,110749380.0,8410034228.7,8410034228.7
sh600971,恒源煤电,2018-04-12,8.4,8.4,8.26,8.27,8.41,10084378.0,83858999.0,8270033658.9,8270033658.9
sh600971,恒源煤电,2018-04-13,8.34,8.44,8.28,8.35,8.27,11351374.0,94995735.0,8350033984.5,8350033984.5
sh600971,恒源煤电,2018-04-16,8.3,8.3,8.03,8.06,8.35,13099417.0,106429848.0,8060032804.2,8060032804.2
sh600971,恒源煤电,2018-04-17,8.09,8.17,7.97,7.99,8.06,11316214.0,91361191.0,7990032519.3,7990032519.3
sh600971,恒源煤电,2018-04-18,8.08,8.12,7.99,8.11,7.99,10704354.0,86408419.0,8110033007.7,8110033007.7
sh600971,恒源煤电,2018-04-19,8.11,8.27,8.08,8.21,8.11,13231287.0,108528832.0,8210033414.7,8210033414.7
sh600971,恒源煤电,2018-04-20,8.16,8.16,7.9,7.94,8.21,12028456.0,96700562.0,7940032315.8,7940032315.8
sh600971,恒源煤电,2018-04-23,7.98,8.07,7.94,8.06,7.94,7236063.0,58019549.0,8060032804.2,8060032804.2
sh600971,恒源煤电,2018-04-24,8.08,8.32,8.08,8.26,8.06,13937223.0,115002389.0,8260033618.2,8260033618.2
sh600971,恒源煤电,2018-04-25,8.19,8.22,8.08,8.13,8.26,9543216.0,77496834.0,8130033089.1,8130033089.1
sh600971,恒源煤电,2018-04-26,8.12,8.14,7.95,7.97,8.13,10397653.0,83386499.0,7970032437.9,7970032437.9
sh600971,恒源煤电,2018-04-27,8.0,8.05,7.93,7.95,7.97,8840591.0,70542305.0,7950032356.5,7950032356.5
sh600971,恒源煤电,2018-05-02,7.79,7.79,7.16,7.26,7.95,30094747.0,220800225.0,7260029548.2,7260029548.2
sh600971,恒源煤电,2018-05-03,7.22,7.35,7.19,7.34,7.26,10341375.0,75302814.0,7340029873.8,7340029873.8
sh600971,恒源煤电,2018-05-04,7.31,7.38,7.28,7.32,7.34,7198286.0,52770873.0,7320029792.4,7320029792.4
sh600971,恒源煤电,2018-05-07,7.33,7.49,7.31,7.44,7.32,12361036.0,91651937.0,7440030280.8,7440030280.8
sh600971,恒源煤电,2018-05-08,7.47,7.52,7.39,7.48,7.44,12514700.0,93427451.0,7480030443.6,7480030443.6
sh600971,恒源煤电,2018-05-09,7.47,7.54,7.39,7.45,7.48,8650359.0,64536143.0,7450030321.5,7450030321.5
sh600971,恒源煤电,2018-05-10,7.47,7.62,7.46,7.52,7.45,12325800.0,92891732.0,7520030606.4,7520030606.4
sh600971,恒源煤电,2018-05-11,7.51,7.63,7.46,7.56,7.52,12796401.0,96587929.0,7560030769.2,7560030769.2
sh600971,恒源煤电,2018-05-14,7.56,7.63,7.48,7.51,7.56,8867600.0,66932222.0,7510030565.7,7510030565.7
sh600971,恒源煤电,2018-05-15,7.55,7.56,7.42,7.52,7.51,6485470.0,48529097.0,7520030606.4,7520030606.4
sh600971,恒源煤电,2018-05-16,7.49,7.57,7.45,7.52,7.52,10016257.0,75191135.0,7520030606.4,7520030606.4
sh600971,恒源煤电,2018-05-17,7.52,7.57,7.4,7.44,7.52,7787066.0,58153537.0,7440030280.8,7440030280.8
sh600971,恒源煤电,2018-05-18,7.43,7.71,7.38,7.7,7.44,23532415.0,179007932.0,7700031339.0,7700031339.0
sh600971,恒源煤电,2018-05-21,7.67,7.74,7.61,7.72,7.7,15175687.0,116443232.0,7720031420.4,7720031420.4
sh600971,恒源煤电,2018-05-22,7.68,7.79,7.68,7.73,7.72,13619317.0,105420405.0,7730031461.1,7730031461.1
sh600971,恒源煤电,2018-05-23,7.68,7.68,7.3,7.32,7.73,20616629.0,153346032.0,7320029792.4,7320029792.4
sh600971,恒源煤电,2018-05-24,7.3,7.4,7.28,7.36,7.32,8150186.0,59869935.0,7360029955.2,7360029955.2
sh600971,恒源煤电,2018-05-25,7.46,7.46,7.28,7.34,7.36,8249164.0,60773195.0,7340029873.8,7340029873.8
sh600971,恒源煤电,2018-05-28,7.31,7.41,7.29,7.38,7.34,7569886.0,55647705.0,7380030036.6,7380030036.6
sh600971,恒源煤电,2018-05-29,7.39,7.45,7.34,7.39,7.38,11714939.0,86466658.0,7390030077.3,7390030077.3
sh600971,恒源煤电,2018-05-30,7.32,7.32,7.03,7.06,7.39,15397534.0,110082062.0,7060028734.2,7060028734.2
sh600971,XD恒源煤,2018-05-31,6.7,6.77,6.68,6.71,6.7,11967335.0,80455696.0,6710027309.7,6710027309.7
sh600971,恒源煤电,2018-06-01,6.71,6.89,6.7,6.75,6.71,9633762.0,65567571.0,6750027472.5,6750027472.5
sh600971,恒源煤电,2018-06-04,6.76,6.86,6.76,6.79,6.75,6746814.0,45919105.0,6790027635.3,6790027635.3
sh600971,恒源煤电,2018-06-05,6.8,6.85,6.7,6.84,6.79,7414544.0,50380317.0,6840027838.8,6840027838.8
sh600971,恒源煤电,2018-06-06,6.83,6.92,6.8,6.88,6.84,7405319.0,50918516.0,6880028001.6,6880028001.6
sh600971,恒源煤电,2018-06-07,6.92,7.02,6.89,6.95,6.88,10247070.0,71279318.0,6950028286.5,6950028286.5
sh600971,恒源煤电,2018-06-08,6.95,6.96,6.72,6.78,6.95,9349853.0,63655963.0,6780027594.6,6780027594.6
sh600971,恒源煤电,2018-06-11,6.74,6.83,6.69,6.74,6.78,6542930.0,44208712.0,6740027431.8,6740027431.8
sh600971,恒源煤电,2018-06-12,6.78,6.92,6.74,6.89,6.74,11784494.0,80491383.0,6890028042.3,6890028042.3
sh600971,恒源煤电,2018-06-13,6.9,6.96,6.83,6.84,6.89,9304201.0,64178960.0,6840027838.8,6840027838.8
sh600971,恒源煤电,2018-06-14,6.84,6.96,6.82,6.93,6.84,10285750.0,70797596.0,6930028205.1,6930028205.1
sh600971,恒源煤电,2018-06-15,6.93,7.28,6.9,7.16,6.93,31622041.0,224962758.0,7160029141.2,7160029141.2
sh600971,恒源煤电,2018-06-19,7.06,7.27,6.52,6.76,7.16,30029727.0,209024747.0,6760027513.2,6760027513.2
sh600971,恒源煤电,2018-06-20,6.7,7.18,6.57,7.11,6.76,23363251.0,160724600.0,7110028937.7,7110028937.7
sh600971,恒源煤电,2018-06-21,7.12,7.66,7.06,7.35,7.11,44833484.0,331631709.0,7350029914.5,7350029914.5
sh600971,恒源煤电,2018-06-22,7.2,7.6,7.05,7.53,7.35,31424421.0,231753221.0,7530030647.1,7530030647.1
sh600971,恒源煤电,2018-06-25,7.6,7.61,7.24,7.4,7.53,26648489.0,197518360.0,7400030118.0,7400030118.0
sh600971,恒源煤电,2018-06-26,7.18,7.35,7.06,7.33,7.4,20968810.0,151595913.0,7330029833.1,7330029833.1
sh600971,恒源煤电,2018-06-27,7.31,7.37,7.06,7.09,7.33,19120580.0,137793261.0,7090028856.3,7090028856.3
sh600971,恒源煤电,2018-06-28,7.09,7.19,6.99,7.05,7.09,11418751.0,81072849.0,7050028693.5,7050028693.5
sh600971,恒源煤电,2018-06-29,7.05,7.15,6.73,7.14,7.05,22015202.0,153083282.0,7140029059.8,7140029059.8
sh600971,恒源煤电,2018-07-02,7.06,7.08,6.73,6.82,7.14,19074838.0,131279131.0,6820027757.4,6820027757.4
sh600971,恒源煤电,2018-07-03,6.83,6.85,6.65,6.81,6.82,13731278.0,92724493.0,6810027716.7,6810027716.7
sh600971,恒源煤电,2018-07-04,6.82,6.88,6.67,6.68,6.81,10142810.0,68990292.0,6680027187.6,6680027187.6
sh600971,恒源煤电,2018-07-05,6.66,6.68,6.26,6.29,6.68,17539993.0,112616373.0,6290025600.3,6290025600.3
sh600971,恒源煤电,2018-07-06,6.27,6.4,6.06,6.29,6.29,12376817.0,77463677.0,6290025600.3,6290025600.3
sh600971,恒源煤电,2018-07-09,6.31,6.47,6.26,6.47,6.29,9392185.0,60094633.0,6470026332.9,6470026332.9
sh600971,恒源煤电,2018-07-10,6.48,6.57,6.41,6.5,6.47,9125576.0,59218647.0,6500026455.0,6500026455.0
sh600971,恒源煤电,2018-07-11,6.36,6.36,6.12,6.23,6.5,11941698.0,74302623.0,6230025356.1,6230025356.1
sh600971,恒源煤电,2018-07-12,6.25,6.42,6.21,6.39,6.23,11475914.0,72928802.0,6390026007.3,6390026007.3
sh600971,恒源煤电,2018-07-13,6.39,6.42,6.28,6.36,6.39,9038490.0,57340532.0,6360025885.2,6360025885.2
sh600971,恒源煤电,2018-07-16,6.38,6.52,6.37,6.43,6.36,11526644.0,74382641.0,6430026170.1,6430026170.1
sh600971,恒源煤电,2018-07-17,6.39,6.4,6.26,6.37,6.43,6958938.0,44084125.0,6370025925.9,6370025925.9
sh600971,恒源煤电,2018-07-18,6.36,6.41,6.3,6.31,6.37,7164244.0,45502668.0,6310025681.7,6310025681.7
sh600971,恒源煤电,2018-07-19,6.32,6.39,6.26,6.28,6.31,5594916.0,35361413.0,6280025559.6,6280025559.6
sh600971,恒源煤电,2018-07-20,6.26,6.38,6.13,6.37,6.28,10211421.0,63895782.0,6370025925.9,6370025925.9
sh600971,恒源煤电,2018-07-23,6.32,6.56,6.28,6.53,6.37,15554430.0,100447793.0,6530026577.1,6530026577.1
sh600971,恒源煤电,2018-07-24,6.53,6.85,6.53,6.76,6.53,23256822.0,156330349.0,6760027513.2,6760027513.2
sh600971,恒源煤电,2018-07-25,6.79,6.88,6.68,6.73,6.76,16481855.0,111245873.0,6730027391.1,6730027391.1
sh600971,恒源煤电,2018-07-26,6.73,6.81,6.68,6.71,6.73,14074470.0,94809837.0,6710027309.7,6710027309.7
sh600971,恒源煤电,2018-07-27,6.73,6.87,6.7,6.74,6.71,15070244.0,102059650.0,6740027431.8,6740027431.8
sh600971,恒源煤电,2018-07-30,6.78,6.88,6.72,6.77,6.74,17339832.0,118075284.0,6770027553.9,6770027553.9
sh600971,恒源煤电,2018-07-31,6.71,6.79,6.64,6.73,6.77,9764857.0,65657596.0,6730027391.1,6730027391.1
sh600971,恒源煤电,2018-08-01,6.74,6.84,6.56,6.57,6.73,11804045.0,79351362.0,6570026739.9,6570026739.9
sh600971,恒源煤电,2018-08-02,6.53,6.6,6.32,6.48,6.57,12375368.0,80022684.0,6480026373.6,6480026373.6
sh600971,恒源煤电,2018-08-03,6.51,6.83,6.46,6.62,6.48,18767159.0,125362554.0,6620026943.4,6620026943.4
sh600971,恒源煤电,2018-08-06,6.63,6.79,6.58,6.74,6.62,16533518.0,110601515.0,6740027431.8,6740027431.8
sh600971,恒源煤电,2018-08-07,6.82,6.99,6.65,6.98,6.74,22970668.0,156706688.0,6980028408.6,6980028408.6
sh600971,恒源煤电,2018-08-08,6.9,6.95,6.81,6.88,6.98,18460001.0,126980457.0,6880028001.6,6880028001.6
sh600971,恒源煤电,2018-08-09,6.83,6.96,6.78,6.93,6.88,16823764.0,116098641.0,6930028205.1,6930028205.1
sh600971,恒源煤电,2018-08-10,6.9,6.92,6.72,6.76,6.93,15022387.0,102246408.0,6760027513.2,6760027513.2
sh600971,恒源煤电,2018-08-13,6.7,6.77,6.62,6.76,6.76,8836921.0,59099919.0,6760027513.2,6760027513.2
sh600971,恒源煤电,2018-08-14,6.74,6.84,6.72,6.77,6.76,9310682.0,63173924.0,6770027553.9,6770027553.9
sh600971,恒源煤电,2018-08-15,6.75,6.76,6.5,6.52,6.77,9384081.0,62183191.0,6520026536.4,6520026536.4
sh600971,恒源煤电,2018-08-16,6.42,6.59,6.37,6.54,6.52,7787309.0,50593879.0,6540026617.8,6540026617.8
sh600971,恒源煤电,2018-08-17,6.55,6.59,6.4,6.43,6.54,11429744.0,74232918.0,6430026170.1,6430026170.1
sh600971,恒源煤电,2018-08-20,6.43,6.5,6.31,6.48,6.43,8881013.0,56852533.0,6480026373.6,6480026373.6
sh600971,恒源煤电,2018-08-21,6.43,6.54,6.43,6.51,6.48,8072546.0,52430440.0,6510026495.7,6510026495.7
sh600971,恒源煤电,2018-08-22,6.49,6.61,6.4,6.42,6.51,11344248.0,73863636.0,6420026129.4,6420026129.4
sh600971,恒源煤电,2018-08-23,6.41,6.47,6.35,6.4,6.42,8091694.0,51809533.0,6400026048.0,6400026048.0
sh600971,恒源煤电,2018-08-24,6.38,6.43,6.29,6.31,6.4,6861282.0,43515776.0,6310025681.7,6310025681.7
sh600971,恒源煤电,2018-08-27,6.34,6.45,6.32,6.43,6.31,7244364.0,46281612.0,6430026170.1,6430026170.1
sh600971,恒源煤电,2018-08-28,6.42,6.58,6.42,6.51,6.43,9649072.0,62682029.0,6510026495.7,6510026495.7
sh600971,恒源煤电,2018-08-29,6.48,6.54,6.44,6.46,6.51,5697339.0,36894962.0,6460026292.2,6460026292.2
sh600971,恒源煤电,2018-08-30,6.45,6.51,6.35,6.36,6.46,7130814.0,45703079.0,6360025885.2,6360025885.2
sh600971,恒源煤电,2018-08-31,6.35,6.45,6.33,6.33,6.36,4586331.0,29227216.0,6330025763.1,6330025763.1
sh600971,恒源煤电,2018-09-03,6.32,6.32,6.18,6.3,6.33,6395764.0,40016768.0,6300025641.0,6300025641.0
sh600971,恒源煤电,2018-09-04,6.29,6.38,6.24,6.35,6.3,4894919.0,30947023.0,6350025844.5,6350025844.5
sh600971,恒源煤电,2018-09-05,6.34,6.36,6.25,6.25,6.35,4173326.0,26341230.0,6250025437.5,6250025437.5
sh600971,恒源煤电,2018-09-06,6.25,6.38,6.21,6.25,6.25,4403066.0,27739505.0,6250025437.5,6250025437.5
sh600971,恒源煤电,2018-09-07,6.32,6.46,6.32,6.35,6.25,8149120.0,52117509.0,6350025844.5,6350025844.5
sh600971,恒源煤电,2018-09-10,6.33,6.39,6.29,6.33,6.35,4499672.0,28478235.0,6330025763.1,6330025763.1
sh600971,恒源煤电,2018-09-11,6.33,6.33,6.14,6.17,6.33,6901872.0,42793801.0,6170025111.9,6170025111.9
sh600971,恒源煤电,2018-09-12,6.18,6.22,6.13,6.17,6.17,3233347.0,19960946.0,6170025111.9,6170025111.9
sh600971,恒源煤电,2018-09-13,6.2,6.29,6.17,6.26,6.17,4696440.0,29238620.0,6260025478.2,6260025478.2
sh600971,恒源煤电,2018-09-14,6.26,6.28,6.2,6.23,6.26,3936300.0,24558499.0,6230025356.1,6230025356.1
sh600971,恒源煤电,2018-09-17,6.25,6.25,6.15,6.16,6.23,3264678.0,20183236.0,6160025071.2,6160025071.2
sh600971,恒源煤电,2018-09-18,6.15,6.32,6.13,6.29,6.16,6263140.0,39063420.0,6290025600.3,6290025600.3
sh600971,恒源煤电,2018-09-19,6.25,6.4,6.24,6.38,6.29,7507189.0,47527360.0,6380025966.6,6380025966.6
sh600971,恒源煤电,2018-09-20,6.33,6.39,6.31,6.34,6.38,4653727.0,29513767.0,6340025803.8,6340025803.8
sh600971,恒源煤电,2018-09-21,6.35,6.5,6.32,6.46,6.34,10998369.0,70709504.0,6460026292.2,6460026292.2
sh600971,恒源煤电,2018-09-25,6.43,6.51,6.38,6.43,6.46,6786029.0,43743271.0,6430026170.1,6430026170.1
sh600971,恒源煤电,2018-09-26,6.47,6.59,6.44,6.47,6.43,10129983.0,66100711.0,6470026332.9,6470026332.9
sh600971,恒源煤电,2018-09-27,6.48,6.57,6.45,6.46,6.47,8476962.0,55031502.0,6460026292.2,6460026292.2
sh600971,恒源煤电,2018-09-28,6.5,6.55,6.44,6.53,6.46,8779271.0,57096625.0,6530026577.1,6530026577.1
sh600971,恒源煤电,2018-10-08,6.46,6.55,6.4,6.41,6.53,7641784.0,49444192.0,6410026088.7,6410026088.7
sh600971,恒源煤电,2018-10-09,6.48,6.63,6.44,6.6,6.41,13037328.0,85745303.0,6600026862.0,6600026862.0
sh600971,恒源煤电,2018-10-10,6.58,6.71,6.56,6.64,6.6,10670060.0,70813631.0,6640027024.8,6640027024.8
sh600971,恒源煤电,2018-10-11,6.4,6.53,6.17,6.23,6.64,16794797.0,106676346.0,6230025356.1,6230025356.1
sh600971,恒源煤电,2018-10-12,6.23,6.39,6.03,6.36,6.23,11073765.0,69031554.0,6360025885.2,6360025885.2
sh600971,恒源煤电,2018-10-15,6.35,6.38,6.03,6.08,6.36,11409942.0,70602554.0,6080024745.6,6080024745.6
sh600971,恒源煤电,2018-10-16,6.04,6.12,5.79,5.81,6.08,8610331.0,51351944.0,5810023646.7,5810023646.7
sh600971,恒源煤电,2018-10-17,5.95,5.98,5.8,5.98,5.81,6173779.0,36482447.0,5980024338.6,5980024338.6
sh600971,恒源煤电,2018-10-18,5.91,5.91,5.72,5.72,5.98,6809640.0,39454882.0,5720023280.4,5720023280.4
sh600971,恒源煤电,2018-10-19,5.61,5.87,5.61,5.86,5.72,6748141.0,38870983.0,5860023850.2,5860023850.2
sh600971,恒源煤电,2018-10-22,5.89,6.18,5.86,6.07,5.86,9074473.0,54923014.0,6070024704.9,6070024704.9
sh600971,恒源煤电,2018-10-23,6.07,6.14,5.93,5.96,6.07,6460404.0,38905623.0,5960024257.2,5960024257.2
sh600971,恒源煤电,2018-10-24,5.92,6.12,5.92,6.02,5.96,5715288.0,34352476.0,6020024501.4,6020024501.4
sh600971,恒源煤电,2018-10-25,5.81,6.07,5.81,6.07,6.02,5914002.0,35094711.0,6070024704.9,6070024704.9
sh600971,恒源煤电,2018-10-26,6.07,6.34,6.07,6.2,6.07,10749114.0,66546551.0,6200025234.0,6200025234.0
sh600971,恒源煤电,2018-10-29,6.17,6.2,6.01,6.02,6.2,6769247.0,41258451.0,6020024501.4,6020024501.4
sh600971,恒源煤电,2018-10-30,6.04,6.18,6.0,6.14,6.02,6404303.0,39143373.0,6140024989.8,6140024989.8
sh600971,恒源煤电,2018-10-31,6.22,6.31,6.16,6.22,6.14,9489371.0,59102315.0,6220025315.4,6220025315.4
sh600971,恒源煤电,2018-11-01,6.25,6.3,6.14,6.19,6.22,8239635.0,51336996.0,6190025193.3,6190025193.3
sh600971,恒源煤电,2018-11-02,6.24,6.35,6.2,6.34,6.19,11982649.0,75172008.0,6340025803.8,6340025803.8
sh600971,恒源煤电,2018-11-05,6.3,6.34,6.19,6.28,6.34,8220506.0,51440880.0,6280025559.6,6280025559.6
sh600971,恒源煤电,2018-11-06,6.27,6.3,6.18,6.24,6.28,5393526.0,33608010.0,6240025396.8,6240025396.8
sh600971,恒源煤电,2018-11-07,6.26,6.28,6.16,6.18,6.24,5814272.0,36230904.0,6180025152.6,6180025152.6
sh600971,恒源煤电,2018-11-08,6.21,6.27,6.17,6.18,6.18,5403101.0,33602028.0,6180025152.6,6180025152.6
sh600971,恒源煤电,2018-11-09,6.17,6.2,6.13,6.14,6.18,3549201.0,21892770.0,6140024989.8,6140024989.8
sh600971,恒源煤电,2018-11-12,6.16,6.28,6.13,6.28,6.14,5770710.0,35937834.0,6280025559.6,6280025559.6
sh600971,恒源煤电,2018-11-13,6.21,6.4,6.18,6.38,6.28,10337786.0,65431047.0,6380025966.6,6380025966.6
sh600971,恒源煤电,2018-11-14,6.33,6.46,6.3,6.37,6.38,9061067.0,57782445.0,6370025925.9,6370025925.9
sh600971,恒源煤电,2018-11-15,6.32,6.5,6.3,6.5,6.37,10878051.0,69559017.0,6500026455.0,6500026455.0
sh600971,恒源煤电,2018-11-16,6.53,6.54,6.42,6.44,6.5,12511800.0,80940069.0,6440026210.8,6440026210.8
sh600971,恒源煤电,2018-11-19,6.4,6.45,6.33,6.43,6.44,10462354.0,66876284.0,6430026170.1,6430026170.1
sh600971,恒源煤电,2018-11-20,6.4,6.41,6.26,6.28,6.43,9949301.0,63144386.0,6280025559.6,6280025559.6
sh600971,恒源煤电,2018-11-21,6.2,6.28,6.18,6.27,6.28,5531273.0,34497898.0,6270025518.9,6270025518.9
sh600971,恒源煤电,2018-11-22,6.28,6.3,6.19,6.25,6.27,4483922.0,28024327.0,6250025437.5,6250025437.5
sh600971,恒源煤电,2018-11-23,6.22,6.25,5.98,6.0,6.25,7941307.0,48357121.0,6000024420.0,6000024420.0
sh600971,恒源煤电,2018-11-26,5.99,6.02,5.87,5.88,6.0,6037103.0,35854728.0,5880023931.6,5880023931.6
sh600971,恒源煤电,2018-11-27,5.96,5.97,5.88,5.91,5.88,3113738.0,18450821.0,5910024053.7,5910024053.7
sh600971,恒源煤电,2018-11-28,5.91,6.03,5.85,6.0,5.91,4635741.0,27619900.0,6000024420.0,6000024420.0
sh600971,恒源煤电,2018-11-29,6.08,6.08,5.91,5.91,6.0,4965428.0,29863457.0,5910024053.7,5910024053.7
sh600971,恒源煤电,2018-11-30,5.91,5.98,5.87,5.96,5.91,2920900.0,17314323.0,5960024257.2,5960024257.2
sh600971,恒源煤电,2018-12-03,6.09,6.2,6.05,6.15,5.96,9560447.0,58646905.0,6150025030.5,6150025030.5
sh600971,恒源煤电,2018-12-04,6.15,6.18,6.1,6.15,6.15,6696654.0,41070614.0,6150025030.5,6150025030.5
sh600971,恒源煤电,2018-12-05,6.05,6.16,6.02,6.11,6.15,6637899.0,40458591.0,6110024867.7,6110024867.7
sh600971,恒源煤电,2018-12-06,6.11,6.12,6.0,6.04,6.11,4460492.0,27002480.0,6040024582.8,6040024582.8
sh600971,恒源煤电,2018-12-07,6.07,6.14,6.02,6.11,6.04,4929617.0,29949823.0,6110024867.7,6110024867.7
sh600971,恒源煤电,2018-12-10,6.07,6.14,6.02,6.07,6.11,3938172.0,23870130.0,6070024704.9,6070024704.9
sh600971,恒源煤电,2018-12-11,6.14,6.14,6.02,6.05,6.07,2679195.0,16234840.0,6050024623.5,6050024623.5
sh600971,恒源煤电,2018-12-12,6.07,6.08,6.01,6.04,6.05,3134397.0,18942876.0,6040024582.8,6040024582.8
sh600971,恒源煤电,2018-12-13,6.05,6.13,5.99,6.08,6.04,4563520.0,27712983.0,6080024745.6,6080024745.6
sh600971,恒源煤电,2018-12-14,6.07,6.08,5.93,5.95,6.08,4240674.0,25493610.0,5950024216.5,5950024216.5
sh600971,恒源煤电,2018-12-17,5.95,5.97,5.86,5.92,5.95,5976913.0,35328476.0,5920024094.4,5920024094.4
sh600971,恒源煤电,2018-12-18,5.9,5.94,5.83,5.88,5.92,4121900.0,24267016.0,5880023931.6,5880023931.6
sh600971,恒源煤电,2018-12-19,5.92,5.92,5.83,5.83,5.88,2813026.0,16497131.0,5830023728.1,5830023728.1
sh600971,恒源煤电,2018-12-20,5.82,5.86,5.79,5.82,5.83,3812900.0,22206489.0,5820023687.4,5820023687.4
sh600971,恒源煤电,2018-12-21,5.82,5.83,5.72,5.78,5.82,4551667.0,26190463.0,5780023524.6,5780023524.6
sh600971,恒源煤电,2018-12-24,5.76,5.83,5.74,5.83,5.78,2516246.0,14612796.0,5830023728.1,5830023728.1
sh600971,恒源煤电,2018-12-25,5.8,5.8,5.62,5.73,5.83,4017184.0,22855959.0,5730023321.1,5730023321.1
sh600971,恒源煤电,2018-12-26,5.74,5.76,5.67,5.71,5.73,1912511.0,10936871.0,5710023239.7,5710023239.7
sh600971,恒源煤电,2018-12-27,5.81,5.83,5.59,5.6,5.71,4023064.0,22926813.0,5600022792.0,5600022792.0
sh600971,恒源煤电,2018-12-28,5.61,5.69,5.6,5.63,5.6,3425759.0,19335403.0,5630022914.1,5630022914.1
sh600971,恒源煤电,2019-01-02,5.64,5.66,5.57,5.61,5.63,2684286.0,15048606.0,5610022832.7,5610022832.7
sh600971,恒源煤电,2019-01-03,5.62,5.72,5.58,5.64,5.61,3294804.0,18673410.0,5640022954.8,5640022954.8
sh600971,恒源煤电,2019-01-04,5.62,5.79,5.58,5.76,5.64,3793306.0,21661037.0,5760023443.2,5760023443.2
sh600971,恒源煤电,2019-01-07,5.78,5.83,5.71,5.8,5.76,4632963.0,26755063.0,5800023606.0,5800023606.0
sh600971,恒源煤电,2019-01-08,5.79,5.82,5.75,5.8,5.8,2617301.0,15148398.0,5800023606.0,5800023606.0
sh600971,恒源煤电,2019-01-09,5.82,5.91,5.78,5.8,5.8,5554621.0,32505062.0,5800023606.0,5800023606.0
sh600971,恒源煤电,2019-01-10,5.8,5.81,5.74,5.76,5.8,3152302.0,18174985.0,5760023443.2,5760023443.2
sh600971,恒源煤电,2019-01-11,5.77,5.81,5.74,5.8,5.76,2968078.0,17172518.0,5800023606.0,5800023606.0
sh600971,恒源煤电,2019-01-14,5.81,5.97,5.81,5.89,5.8,6439232.0,37988496.0,5890023972.3,5890023972.3
sh600971,恒源煤电,2019-01-15,5.85,5.89,5.8,5.88,5.89,4311874.0,25197153.0,5880023931.6,5880023931.6
sh600971,恒源煤电,2019-01-16,5.89,5.94,5.85,5.91,5.88,4121506.0,24275244.0,5910024053.7,5910024053.7
sh600971,恒源煤电,2019-01-17,5.88,6.05,5.84,5.93,5.91,9411788.0,56190317.0,5930024135.1,5930024135.1
sh600971,恒源煤电,2019-01-18,5.93,6.05,5.91,6.01,5.93,9191701.0,55024900.0,6010024460.7,6010024460.7
sh600971,恒源煤电,2019-01-21,6.0,6.02,5.93,5.97,6.01,6727518.0,40116813.0,5970024297.9,5970024297.9
sh600971,恒源煤电,2019-01-22,5.93,5.96,5.81,5.84,5.97,5931800.0,34857652.0,5840023768.8,5840023768.8
sh600971,恒源煤电,2019-01-23,5.85,5.88,5.81,5.84,5.84,3587912.0,20949124.0,5840023768.8,5840023768.8
sh600971,恒源煤电,2019-01-24,5.84,5.88,5.78,5.84,5.84,4088800.0,23807878.0,5840023768.8,5840023768.8
sh600971,恒源煤电,2019-01-25,5.83,5.88,5.83,5.84,5.84,3421300.0,20027415.0,5840023768.8,5840023768.8
sh600971,恒源煤电,2019-01-28,5.87,5.93,5.83,5.85,5.84,5461970.0,32118954.0,5850023809.5,5850023809.5
sh600971,恒源煤电,2019-01-29,5.85,5.86,5.7,5.77,5.85,5790188.0,33365967.0,5770023483.9,5770023483.9
sh600971,恒源煤电,2019-01-30,5.75,5.81,5.74,5.75,5.77,3843160.0,22213348.0,5750023402.5,5750023402.5
sh600971,恒源煤电,2019-01-31,5.83,5.84,5.72,5.77,5.75,4059329.0,23495797.0,5770023483.9,5770023483.9
sh600971,恒源煤电,2019-02-01,5.8,5.93,5.79,5.91,5.77,6761026.0,39755929.0,5910024053.7,5910024053.7
sh600971,恒源煤电,2019-02-11,5.91,6.05,5.9,6.02,5.91,7036236.0,42139152.0,6020024501.4,6020024501.4
sh600971,恒源煤电,2019-02-12,6.01,6.08,5.99,6.06,6.02,7042553.0,42530204.0,6060024664.2,6060024664.2
sh600971,恒源煤电,2019-02-13,6.06,6.18,6.03,6.14,6.06,9894060.0,60288341.0,6140024989.8,6140024989.8
sh600971,恒源煤电,2019-02-14,6.14,6.17,6.08,6.1,6.14,6137501.0,37543079.0,6100024827.0,6100024827.0
sh600971,恒源煤电,2019-02-15,6.12,6.13,6.06,6.06,6.1,4288501.0,26134059.0,6060024664.2,6060024664.2
sh600971,恒源煤电,2019-02-18,6.08,6.31,6.07,6.27,6.06,11194918.0,69354325.0,6270025518.9,6270025518.9
sh600971,恒源煤电,2019-02-19,6.25,6.31,6.17,6.21,6.27,6842130.0,42665138.0,6210025274.7,6210025274.7
sh600971,恒源煤电,2019-02-20,6.24,6.33,6.2,6.27,6.21,8262474.0,51774096.0,6270025518.9,6270025518.9
sh600971,恒源煤电,2019-02-21,6.27,6.28,6.14,6.16,6.27,10127353.0,62868158.0,6160025071.2,6160025071.2
sh600971,恒源煤电,2019-02-22,6.15,6.22,6.09,6.21,6.16,8484203.0,52230858.0,6210025274.7,6210025274.7
sh600971,恒源煤电,2019-02-25,6.23,6.55,6.22,6.55,6.21,28386539.0,181938254.0,6550026658.5,6550026658.5
sh600971,恒源煤电,2019-02-26,6.57,6.93,6.47,6.65,6.55,33312001.0,223640633.0,6650027065.5,6650027065.5
sh600971,恒源煤电,2019-02-27,6.65,6.8,6.53,6.61,6.65,19043206.0,126923391.0,6610026902.7,6610026902.7
sh600971,恒源煤电,2019-02-28,6.62,6.68,6.52,6.64,6.61,10349149.0,68244833.0,6640027024.8,6640027024.8
sh600971,恒源煤电,2019-03-01,6.66,6.73,6.55,6.68,6.64,12189088.0,80689014.0,6680027187.6,6680027187.6
sh600971,恒源煤电,2019-03-04,6.76,6.85,6.67,6.73,6.68,19804067.0,133829366.0,6730027391.1,6730027391.1
sh600971,恒源煤电,2019-03-05,6.71,6.97,6.71,6.97,6.73,26154512.0,179759748.0,6970028367.9,6970028367.9
sh600971,恒源煤电,2019-03-06,6.96,7.09,6.87,7.08,6.97,22791937.0,159298835.0,7080028815.6,7080028815.6
sh600971,恒源煤电,2019-03-07,7.02,7.53,7.02,7.45,7.08,35113901.0,258029068.0,7450030321.5,7450030321.5
sh600971,恒源煤电,2019-03-08,7.26,7.35,6.86,7.0,7.45,30682980.0,218359068.0,7000028490.0,7000028490.0
sh600971,恒源煤电,2019-03-11,7.0,7.19,6.96,7.19,7.0,15944441.0,112978861.0,7190029263.3,7190029263.3
sh600971,恒源煤电,2019-03-12,7.26,7.39,6.98,7.15,7.19,19674370.0,141918946.0,7150029100.5,7150029100.5
sh600971,恒源煤电,2019-03-13,7.11,7.31,6.98,7.05,7.15,19240404.0,137147388.0,7050028693.5,7050028693.5
sh600971,恒源煤电,2019-03-14,7.01,7.16,6.81,6.89,7.05,13087270.0,91068755.0,6890028042.3,6890028042.3
sh600971,恒源煤电,2019-03-15,6.93,7.11,6.85,7.05,6.89,15540706.0,108790728.0,7050028693.5,7050028693.5
sh600971,恒源煤电,2019-03-18,7.09,7.28,7.03,7.23,7.05,16592602.0,118448588.0,7230029426.1,7230029426.1
sh600971,恒源煤电,2019-03-19,7.22,7.22,7.07,7.12,7.23,10583249.0,75466586.0,7120028978.4,7120028978.4
sh600971,恒源煤电,2019-03-20,7.14,7.26,7.05,7.18,7.12,12642489.0,90560847.0,7180029222.6,7180029222.6
sh600971,恒源煤电,2019-03-21,7.15,7.21,7.11,7.17,7.18,11437978.0,81968737.0,7170029181.9,7170029181.9
sh600971,恒源煤电,2019-03-22,7.16,7.16,7.05,7.14,7.17,9549931.0,67863311.0,7140029059.8,7140029059.8
sh600971,恒源煤电,2019-03-25,7.06,7.24,7.01,7.17,7.14,13138917.0,93979792.0,7170029181.9,7170029181.9
sh600971,恒源煤电,2019-03-26,7.15,7.2,6.93,6.95,7.17,11713980.0,82809444.0,6950028286.5,6950028286.5
sh600971,恒源煤电,2019-03-27,7.0,7.04,6.84,7.03,6.95,10121349.0,70269913.0,7030028612.1,7030028612.1
sh600971,恒源煤电,2019-03-28,7.33,7.48,7.17,7.25,7.03,46401942.0,339712665.0,7250029507.5,7250029507.5
sh600971,恒源煤电,2019-03-29,7.31,7.96,7.27,7.77,7.25,51552231.0,396320169.0,7770031623.9,7770031623.9
sh600971,恒源煤电,2019-04-01,7.85,8.24,7.73,8.14,7.77,49063206.0,393070957.0,8140033129.8,8140033129.8
sh600971,恒源煤电,2019-04-02,8.21,8.23,7.98,8.04,8.14,40213085.0,324324359.0,8040032722.8,8040032722.8
sh600971,恒源煤电,2019-04-03,8.0,8.21,7.96,8.17,8.04,27137347.0,220598656.0,8170033251.9,8170033251.9
sh600971,恒源煤电,2019-04-04,8.24,8.7,8.19,8.55,8.17,34563354.0,293269721.0,8550034798.5,8550034798.5
sh600971,恒源煤电,2019-04-08,8.66,9.08,8.58,8.81,8.55,40995672.0,362071783.0,8810035856.7,8810035856.7
sh600971,恒源煤电,2019-04-09,8.8,8.85,8.65,8.78,8.81,22539049.0,197110977.0,8780035734.6,8780035734.6
sh600971,恒源煤电,2019-04-10,8.73,8.87,8.58,8.73,8.78,16196312.0,141220213.0,8730035531.1,8730035531.1
sh600971,恒源煤电,2019-04-11,8.68,8.94,8.59,8.6,8.73,22122086.0,193344531.0,8600035002.0,8600035002.0
sh600971,恒源煤电,2019-04-12,8.56,8.88,8.51,8.79,8.6,20555932.0,179870420.0,8790035775.3,8790035775.3
sh600971,恒源煤电,2019-04-15,8.95,8.96,8.55,8.56,8.79,21295713.0,186463956.0,8560034839.2,8560034839.2
sh600971,恒源煤电,2019-04-16,8.59,8.92,8.55,8.86,8.56,26296044.0,230731346.0,8860036060.2,8860036060.2
sh600971,恒源煤电,2019-04-17,8.85,8.94,8.78,8.88,8.86,19525060.0,173177592.0,8880036141.6,8880036141.6
sh600971,恒源煤电,2019-04-18,8.85,8.85,8.65,8.69,8.88,13067015.0,113964390.0,8690035368.3,8690035368.3
sh600971,恒源煤电,2019-04-19,8.66,8.93,8.51,8.84,8.69,22719464.0,198468639.0,8840035978.8,8840035978.8
sh600971,恒源煤电,2019-04-22,8.85,8.89,8.51,8.57,8.84,18445432.0,160647141.0,8570034879.9,8570034879.9
sh600971,恒源煤电,2019-04-23,8.6,8.81,8.54,8.61,8.57,18677550.0,162214995.0,8610035042.7,8610035042.7
sh600971,恒源煤电,2019-04-24,8.7,8.85,8.55,8.74,8.61,17594120.0,152932603.0,8740035571.8,8740035571.8
sh600971,恒源煤电,2019-04-25,8.75,8.76,8.14,8.23,8.74,24637327.0,208968310.0,8230033496.1,8230033496.1
sh600971,恒源煤电,2019-04-26,8.21,8.33,8.0,8.06,8.23,19676652.0,160533443.0,8060032804.2,8060032804.2
sh600971,恒源煤电,2019-04-29,8.1,8.12,7.81,7.9,8.06,17428995.0,138805839.0,7900032153.0,7900032153.0
sh600971,恒源煤电,2019-04-30,7.93,8.07,7.83,7.9,7.9,12814872.0,101751688.0,7900032153.0,7900032153.0
sh600971,恒源煤电,2019-05-06,7.8,7.8,7.18,7.29,7.9,19350049.0,144483082.0,7290029670.3,7290029670.3
sh600971,恒源煤电,2019-05-07,7.38,7.46,7.29,7.37,7.29,12585759.0,92685952.0,7370029995.9,7370029995.9
sh600971,恒源煤电,2019-05-08,7.22,7.38,7.15,7.25,7.37,10592842.0,76963928.0,7250029507.5,7250029507.5
sh600971,恒源煤电,2019-05-09,7.2,7.31,7.14,7.2,7.25,8191836.0,59182570.0,7200029304.0,7200029304.0
sh600971,恒源煤电,2019-05-10,7.26,7.41,7.18,7.4,7.2,12183840.0,89177093.0,7400030118.0,7400030118.0
sh600971,恒源煤电,2019-05-13,7.31,7.46,7.28,7.38,7.4,10250371.0,75636377.0,7380030036.6,7380030036.6
sh600971,恒源煤电,2019-05-14,7.27,7.4,7.27,7.33,7.38,8438276.0,61918888.0,7330029833.1,7330029833.1
sh600971,恒源煤电,2019-05-15,7.39,7.54,7.36,7.51,7.33,10998909.0,81820609.0,7510030565.7,7510030565.7
sh600971,恒源煤电,2019-05-16,7.57,7.64,7.48,7.64,7.51,12202059.0,92604737.0,7640031094.8,7640031094.8
sh600971,恒源煤电,2019-05-17,7.61,7.65,7.37,7.4,7.64,12292118.0,92128548.0,7400030118.0,7400030118.0
sh600971,恒源煤电,2019-05-20,7.36,7.45,7.24,7.45,7.4,6858691.0,50410523.0,7450030321.5,7450030321.5
sh600971,恒源煤电,2019-05-21,7.39,7.62,7.38,7.61,7.45,10341598.0,77915520.0,7610030972.7,7610030972.7
sh600971,恒源煤电,2019-05-22,7.8,7.85,7.53,7.55,7.61,14228853.0,109009490.0,7550030728.5,7550030728.5
sh600971,恒源煤电,2019-05-23,7.46,7.66,7.42,7.52,7.55,11338398.0,85258117.0,7520030606.4,7520030606.4
sh600971,恒源煤电,2019-05-24,7.47,7.58,7.45,7.5,7.52,7919083.0,59463555.0,7500030525.0,7500030525.0
sh600971,恒源煤电,2019-05-27,7.56,7.62,7.42,7.56,7.5,14549122.0,109746386.0,7560030769.2,7560030769.2
sh600971,DR恒源煤,2019-05-28,5.97,6.02,5.84,5.88,5.96,10503361.0,62507553.0,7056028717.92,7056028717.92
sh600971,恒源煤电,2019-05-29,5.8,5.89,5.78,5.83,5.88,9252655.0,53973638.0,6996028473.72,6996028473.72
sh600971,恒源煤电,2019-05-30,5.81,5.84,5.7,5.73,5.83,10503493.0,60476156.0,6876027985.32,6876027985.32
sh600971,恒源煤电,2019-05-31,5.76,5.86,5.65,5.73,5.73,11082116.0,63804609.0,6876027985.32,6876027985.32
sh600971,恒源煤电,2019-06-03,5.72,5.73,5.49,5.54,5.73,12759877.0,71193077.0,6648027057.36,6648027057.36
sh600971,恒源煤电,2019-06-04,5.54,5.59,5.5,5.53,5.54,7732413.0,42975529.0,6636027008.52,6636027008.52
sh600971,恒源煤电,2019-06-05,5.58,5.65,5.56,5.59,5.53,7862330.0,44134859.0,6708027301.56,6708027301.56
sh600971,恒源煤电,2019-06-06,5.59,5.63,5.55,5.57,5.59,5655006.0,31576652.0,6684027203.88,6684027203.88
sh600971,恒源煤电,2019-06-10,5.56,5.61,5.46,5.54,5.57,7160277.0,39670408.0,6648027057.36,6648027057.36
sh600971,恒源煤电,2019-06-11,5.52,5.74,5.51,5.73,5.54,11082008.0,62822708.0,6876027985.32,6876027985.32
sh600971,恒源煤电,2019-06-12,5.72,5.72,5.63,5.64,5.73,7600667.0,43071994.0,6768027545.76,6768027545.76
sh600971,恒源煤电,2019-06-13,5.63,5.71,5.62,5.68,5.64,6764534.0,38324074.0,6816027741.12,6816027741.12
sh600971,恒源煤电,2019-06-14,5.67,5.72,5.6,5.61,5.68,7015638.0,39616252.0,6732027399.24,6732027399.24
sh600971,恒源煤电,2019-06-17,5.64,5.72,5.57,5.69,5.61,8404822.0,47524160.0,6828027789.96,6828027789.96
sh600971,恒源煤电,2019-06-18,5.61,5.72,5.61,5.64,5.69,6451640.0,36485454.0,6768027545.76,6768027545.76
sh600971,恒源煤电,2019-06-19,5.73,5.79,5.7,5.7,5.64,9244709.0,53118213.0,6840027838.8,6840027838.8
sh600971,恒源煤电,2019-06-20,5.7,5.85,5.69,5.85,5.7,11382172.0,65943716.0,7020028571.4,7020028571.4
sh600971,恒源煤电,2019-06-21,5.83,5.94,5.82,5.89,5.85,14306607.0,83993386.0,7068028766.76,7068028766.76
sh600971,恒源煤电,2019-06-24,5.89,5.98,5.85,5.9,5.89,11346573.0,66955534.0,7080028815.6,7080028815.6
sh600971,恒源煤电,2019-06-25,5.89,5.89,5.74,5.83,5.9,11532452.0,66962187.0,6996028473.72,6996028473.72
sh600971,恒源煤电,2019-06-26,5.82,5.91,5.79,5.86,5.83,9088912.0,53268271.0,7032028620.24,7032028620.24
sh600971,恒源煤电,2019-06-27,5.89,5.9,5.82,5.83,5.86,7310025.0,42814617.0,6996028473.72,6996028473.72
sh600971,恒源煤电,2019-06-28,5.84,5.85,5.78,5.85,5.83,6192540.0,36050936.0,7020028571.4,7020028571.4
sh600971,恒源煤电,2019-07-01,5.89,5.95,5.88,5.94,5.85,10676685.0,63182264.0,7128029010.96,7128029010.96
sh600971,恒源煤电,2019-07-02,5.93,5.93,5.85,5.89,5.94,8634070.0,50914950.0,7068028766.76,7068028766.76
sh600971,恒源煤电,2019-07-03,5.89,5.89,5.79,5.84,5.89,7594179.0,44276324.0,7008028522.56,7008028522.56
sh600971,恒源煤电,2019-07-04,5.86,5.86,5.8,5.83,5.84,5706076.0,33301429.0,6996028473.72,6996028473.72
sh600971,恒源煤电,2019-07-05,5.84,5.87,5.78,5.85,5.83,5937410.0,34636759.0,7020028571.4,7020028571.4
sh600971,恒源煤电,2019-07-08,5.81,5.84,5.6,5.63,5.85,10295884.0,58576496.0,6756027496.92,6756027496.92
sh600971,恒源煤电,2019-07-09,5.64,5.65,5.54,5.58,5.63,6966277.0,38867694.0,6696027252.72,6696027252.72
sh600971,恒源煤电,2019-07-10,5.61,5.61,5.52,5.54,5.58,6400680.0,35634975.0,6648027057.36,6648027057.36
sh600971,恒源煤电,2019-07-11,5.57,5.61,5.5,5.52,5.54,4656700.0,25914031.0,6624026959.68,6624026959.68
sh600971,恒源煤电,2019-07-12,5.53,5.57,5.5,5.55,5.52,5712400.0,31652678.0,6660027106.2,6660027106.2
sh600971,恒源煤电,2019-07-15,5.55,5.64,5.5,5.63,5.55,8042180.0,44940361.0,6756027496.92,6756027496.92
sh600971,恒源煤电,2019-07-16,5.63,5.67,5.59,5.67,5.63,3727953.0,21062776.0,6804027692.28,6804027692.28
sh600971,恒源煤电,2019-07-17,5.64,5.67,5.6,5.64,5.67,4302174.0,24263601.0,6768027545.76,6768027545.76
sh600971,恒源煤电,2019-07-18,5.62,5.65,5.57,5.61,5.64,5372954.0,30132818.0,6732027399.24,6732027399.24
sh600971,恒源煤电,2019-07-19,5.61,5.69,5.59,5.61,5.61,5212119.0,29393855.0,6732027399.24,6732027399.24
sh600971,恒源煤电,2019-07-22,5.61,5.64,5.52,5.58,5.61,6561534.0,36588607.0,6696027252.72,6696027252.72
sh600971,恒源煤电,2019-07-23,5.59,5.6,5.5,5.54,5.58,6794831.0,37595419.0,6648027057.36,6648027057.36
sh600971,恒源煤电,2019-07-24,5.53,5.64,5.53,5.56,5.54,8006257.0,44713250.0,6672027155.04,6672027155.04
sh600971,恒源煤电,2019-07-25,5.56,5.58,5.53,5.55,5.56,8239710.0,45681651.0,6660027106.2,6660027106.2
sh600971,恒源煤电,2019-07-26,5.54,5.56,5.52,5.55,5.55,5242518.0,29037620.0,6660027106.2,6660027106.2
sh600971,恒源煤电,2019-07-29,5.55,5.56,5.49,5.5,5.55,5641882.0,31115839.0,6600026862.0,6600026862.0
sh600971,恒源煤电,2019-07-30,5.52,5.56,5.5,5.54,5.5,5953262.0,33003658.0,6648027057.36,6648027057.36
sh600971,恒源煤电,2019-07-31,5.52,5.54,5.49,5.52,5.54,5274991.0,29060956.0,6624026959.68,6624026959.68
sh600971,恒源煤电,2019-08-01,5.54,5.54,5.43,5.45,5.52,7098435.0,38850969.0,6540026617.8,6540026617.8
sh600971,恒源煤电,2019-08-02,5.37,5.4,5.27,5.29,5.45,8709518.0,46304599.0,6348025836.36,6348025836.36
sh600971,恒源煤电,2019-08-05,5.3,5.31,5.15,5.15,5.29,8544337.0,44537568.0,6180025152.6,6180025152.6
sh600971,恒源煤电,2019-08-06,5.05,5.07,4.88,5.0,5.15,10267619.0,51325513.0,6000024420.0,6000024420.0
sh600971,恒源煤电,2019-08-07,5.02,5.08,4.99,5.01,5.0,6670370.0,33562959.0,6012024468.84,6012024468.84
sh600971,恒源煤电,2019-08-08,5.05,5.08,4.99,5.01,5.01,8178295.0,41176939.0,6012024468.84,6012024468.84
sh600971,恒源煤电,2019-08-09,5.02,5.05,4.9,4.94,5.01,5938613.0,29569697.0,5928024126.96,5928024126.96
sh600971,恒源煤电,2019-08-12,4.94,5.03,4.92,5.03,4.94,6860432.0,34207998.0,6036024566.52,6036024566.52
sh600971,恒源煤电,2019-08-13,4.99,5.01,4.94,4.97,5.03,3930032.0,19528548.0,5964024273.48,5964024273.48
sh600971,恒源煤电,2019-08-14,5.01,5.1,4.99,5.01,4.97,6580422.0,33155781.0,6012024468.84,6012024468.84
sh600971,恒源煤电,2019-08-15,4.93,5.09,4.91,5.08,5.01,7148260.0,35958151.0,6096024810.72,6096024810.72
sh600971,恒源煤电,2019-08-16,5.07,5.1,5.04,5.07,5.08,7215362.0,36568670.0,6084024761.88,6084024761.88
sh600971,恒源煤电,2019-08-19,5.14,5.33,5.1,5.29,5.07,16112477.0,84101279.0,6348025836.36,6348025836.36
sh600971,恒源煤电,2019-08-20,5.32,5.53,5.29,5.46,5.29,18724136.0,102070064.0,6552026666.64,6552026666.64
sh600971,恒源煤电,2019-08-21,5.43,5.62,5.39,5.6,5.46,17922220.0,99485133.0,6720027350.4,6720027350.4
sh600971,恒源煤电,2019-08-22,5.6,5.72,5.54,5.68,5.6,15458741.0,87239637.0,6816027741.12,6816027741.12
sh600971,恒源煤电,2019-08-23,5.69,5.75,5.67,5.71,5.68,11545835.0,66017873.0,6852027887.64,6852027887.64
sh600971,恒源煤电,2019-08-26,5.62,5.81,5.6,5.74,5.71,16405428.0,93858914.0,6888028034.16,6888028034.16
sh600971,恒源煤电,2019-08-27,5.7,5.9,5.7,5.83,5.74,14729871.0,85761676.0,6996028473.72,6996028473.72
sh600971,恒源煤电,2019-08-28,5.86,5.87,5.7,5.8,5.83,15644039.0,90519574.0,6960028327.2,6960028327.2
sh600971,恒源煤电,2019-08-29,5.81,5.92,5.81,5.88,5.8,9885887.0,58131148.0,7056028717.92,7056028717.92
sh600971,恒源煤电,2019-08-30,5.87,5.94,5.73,5.76,5.88,10388357.0,60372463.0,6912028131.84,6912028131.84
sh600971,恒源煤电,2019-09-02,5.76,5.9,5.75,5.82,5.76,11174286.0,65252765.0,6984028424.88,6984028424.88
sh600971,恒源煤电,2019-09-03,5.82,5.84,5.73,5.78,5.82,9513793.0,54952293.0,6936028229.52,6936028229.52
sh600971,恒源煤电,2019-09-04,5.78,5.82,5.64,5.78,5.78,11452634.0,65544687.0,6936028229.52,6936028229.52
sh600971,恒源煤电,2019-09-05,5.8,5.9,5.78,5.8,5.78,14778196.0,86445500.0,6960028327.2,6960028327.2
sh600971,恒源煤电,2019-09-06,5.8,5.83,5.73,5.77,5.8,7476540.0,43170013.0,6924028180.68,6924028180.68
sh600971,恒源煤电,2019-09-09,5.8,5.86,5.76,5.86,5.77,8498502.0,49440314.0,7032028620.24,7032028620.24
sh600971,恒源煤电,2019-09-10,5.86,5.86,5.74,5.75,5.86,9280719.0,53610525.0,6900028083.0,6900028083.0
sh600971,恒源煤电,2019-09-11,5.77,6.13,5.75,6.04,5.75,24605166.0,147043238.0,7248029499.36,7248029499.36
sh600971,恒源煤电,2019-09-12,6.05,6.05,5.88,5.94,6.04,14734711.0,87420414.0,7128029010.96,7128029010.96
sh600971,恒源煤电,2019-09-16,6.01,6.12,5.82,5.88,5.94,19020623.0,113509574.0,7056028717.92,7056028717.92
sh600971,恒源煤电,2019-09-17,5.88,5.88,5.68,5.69,5.88,13214598.0,75979947.0,6828027789.96,6828027789.96
sh600971,恒源煤电,2019-09-18,5.68,5.73,5.65,5.7,5.69,9246812.0,52527814.0,6840027838.8,6840027838.8
sh600971,恒源煤电,2019-09-19,5.7,5.72,5.61,5.67,5.7,5846025.0,33009557.0,6804027692.28,6804027692.28
sh600971,恒源煤电,2019-09-20,5.67,5.7,5.64,5.69,5.67,5252319.0,29811391.0,6828027789.96,6828027789.96
sh600971,恒源煤电,2019-09-23,5.66,5.67,5.52,5.53,5.69,7645629.0,42461102.0,6636027008.52,6636027008.52
sh600971,恒源煤电,2019-09-24,5.52,5.61,5.5,5.52,5.53,5898509.0,32701554.0,6624026959.68,6624026959.68
sh600971,恒源煤电,2019-09-25,5.51,5.58,5.42,5.52,5.52,7834789.0,43063942.0,6624026959.68,6624026959.68
sh600971,恒源煤电,2019-09-26,5.58,5.59,5.51,5.52,5.52,6204941.0,34389027.0,6624026959.68,6624026959.68
sh600971,恒源煤电,2019-09-27,5.53,5.62,5.51,5.56,5.52,5155819.0,28734145.0,6672027155.04,6672027155.04
sh600971,恒源煤电,2019-09-30,5.56,5.6,5.52,5.56,5.56,3869473.0,21517617.0,6672027155.04,6672027155.04
sh600971,恒源煤电,2019-10-08,5.56,5.6,5.52,5.55,5.56,5512432.0,30590748.0,6660027106.2,6660027106.2
sh600971,恒源煤电,2019-10-09,5.53,5.54,5.48,5.52,5.55,4667408.0,25701626.0,6624026959.68,6624026959.68
sh600971,恒源煤电,2019-10-10,5.53,5.55,5.5,5.54,5.52,3929928.0,21725042.0,6648027057.36,6648027057.36
sh600971,恒源煤电,2019-10-11,5.56,5.74,5.55,5.73,5.54,8888489.0,50174319.0,6876027985.32,6876027985.32
sh600971,恒源煤电,2019-10-14,5.75,5.82,5.72,5.79,5.73,7913817.0,45758249.0,6948028278.36,6948028278.36
sh600971,恒源煤电,2019-10-15,5.78,5.85,5.73,5.84,5.79,8094279.0,46937806.0,7008028522.56,7008028522.56
sh600971,恒源煤电,2019-10-16,5.85,5.85,5.75,5.76,5.84,5504816.0,31901462.0,6912028131.84,6912028131.84
sh600971,恒源煤电,2019-10-17,5.75,5.79,5.7,5.74,5.76,4251699.0,24405035.0,6888028034.16,6888028034.16
sh600971,恒源煤电,2019-10-18,5.79,5.79,5.56,5.58,5.74,6078932.0,34393355.0,6696027252.72,6696027252.72
sh600971,恒源煤电,2019-10-21,5.59,5.68,5.57,5.67,5.58,5107668.0,28737447.0,6804027692.28,6804027692.28
sh600971,恒源煤电,2019-10-22,5.66,5.72,5.61,5.71,5.67,3802034.0,21558654.0,6852027887.64,6852027887.64
sh600971,恒源煤电,2019-10-23,5.7,5.73,5.65,5.65,5.71,2967501.0,16865419.0,6780027594.6,6780027594.6
sh600971,恒源煤电,2019-10-24,5.65,5.7,5.64,5.7,5.65,2832327.0,16062174.0,6840027838.8,6840027838.8
sh600971,恒源煤电,2019-10-25,5.69,5.69,5.54,5.6,5.7,6621852.0,37024932.0,6720027350.4,6720027350.4
sh600971,恒源煤电,2019-10-28,5.58,5.65,5.56,5.6,5.6,6280827.0,35128884.0,6720027350.4,6720027350.4
sh600971,恒源煤电,2019-10-29,5.6,5.6,5.48,5.48,5.6,6104460.0,33729244.0,6576026764.32,6576026764.32
sh600971,恒源煤电,2019-10-30,5.47,5.52,5.44,5.45,5.48,4556737.0,24878640.0,6540026617.8,6540026617.8
sh600971,恒源煤电,2019-10-31,5.45,5.48,5.41,5.45,5.45,4679662.0,25473298.0,6540026617.8,6540026617.8
sh600971,恒源煤电,2019-11-01,5.45,5.47,5.32,5.43,5.45,5900274.0,31833274.0,6516026520.12,6516026520.12
sh600971,恒源煤电,2019-11-04,5.45,5.45,5.4,5.42,5.43,4086526.0,22167583.0,6504026471.28,6504026471.28
sh600971,恒源煤电,2019-11-05,5.41,5.51,5.38,5.48,5.42,5534702.0,30199169.0,6576026764.32,6576026764.32
sh600971,恒源煤电,2019-11-06,5.49,5.5,5.39,5.43,5.48,3681145.0,20020932.0,6516026520.12,6516026520.12
sh600971,恒源煤电,2019-11-07,5.41,5.47,5.39,5.41,5.43,2601952.0,14114632.0,6492026422.44,6492026422.44
sh600971,恒源煤电,2019-11-08,5.42,5.47,5.4,5.4,5.41,2850079.0,15471940.0,6480026373.6,6480026373.6
sh600971,恒源煤电,2019-11-11,5.39,5.39,5.29,5.29,5.4,4922198.0,26234972.0,6348025836.36,6348025836.36
sh600971,恒源煤电,2019-11-12,5.29,5.34,5.27,5.32,5.29,3237058.0,17186015.0,6384025982.88,6384025982.88
sh600971,恒源煤电,2019-11-13,5.3,5.33,5.27,5.29,5.32,2505693.0,13280725.0,6348025836.36,6348025836.36
sh600971,恒源煤电,2019-11-14,5.28,5.35,5.28,5.31,5.29,3314444.0,17638291.0,6372025934.04,6372025934.04
sh600971,恒源煤电,2019-11-15,5.31,5.34,5.17,5.2,5.31,4839994.0,25423312.0,6240025396.8,6240025396.8
sh600971,恒源煤电,2019-11-18,5.15,5.29,5.15,5.28,5.2,4824326.0,25350564.0,6336025787.52,6336025787.52
sh600971,恒源煤电,2019-11-19,5.28,5.34,5.26,5.33,5.28,4466803.0,23700303.0,6396026031.72,6396026031.72
sh600971,恒源煤电,2019-11-20,5.33,5.43,5.29,5.35,5.33,5657736.0,30433140.0,6420026129.4,6420026129.4
sh600971,恒源煤电,2019-11-21,5.35,5.49,5.29,5.49,5.35,8108477.0,44078573.0,6588026813.16,6588026813.16
sh600971,恒源煤电,2019-11-22,5.47,5.61,5.43,5.53,5.49,7862111.0,43394531.0,6636027008.52,6636027008.52
sh600971,恒源煤电,2019-11-25,5.51,5.82,5.51,5.77,5.53,19551879.0,112061270.0,6924028180.68,6924028180.68
sh600971,恒源煤电,2019-11-26,5.71,5.8,5.66,5.74,5.77,13360696.0,76720525.0,6888028034.16,6888028034.16
sh600971,恒源煤电,2019-11-27,5.74,5.84,5.72,5.79,5.74,12022856.0,69605309.0,6948028278.36,6948028278.36
sh600971,恒源煤电,2019-11-28,5.82,5.83,5.68,5.78,5.79,9902382.0,56885875.0,6936028229.52,6936028229.52
sh600971,恒源煤电,2019-11-29,5.78,5.78,5.68,5.71,5.78,6753967.0,38595735.0,6852027887.64,6852027887.64
sh600971,恒源煤电,2019-12-02,5.74,5.75,5.63,5.67,5.71,7308286.0,41479474.0,6804027692.28,6804027692.28
sh600971,恒源煤电,2019-12-03,5.67,5.69,5.57,5.62,5.67,7240206.0,40605928.0,6744027448.08,6744027448.08
sh600971,恒源煤电,2019-12-04,5.62,5.62,5.45,5.48,5.62,11175006.0,61311286.0,6576026764.32,6576026764.32
sh600971,恒源煤电,2019-12-05,5.51,5.54,5.44,5.53,5.48,8831005.0,48496435.0,6636027008.52,6636027008.52
sh600971,恒源煤电,2019-12-06,5.54,5.55,5.47,5.52,5.53,5572241.0,30673578.0,6624026959.68,6624026959.68
sh600971,恒源煤电,2019-12-09,5.52,5.81,5.52,5.77,5.52,14205387.0,80537135.0,6924028180.68,6924028180.68
sh600971,恒源煤电,2019-12-10,5.78,5.8,5.6,5.66,5.77,13429152.0,76118546.0,6792027643.44,6792027643.44
sh600971,恒源煤电,2019-12-11,5.65,5.66,5.58,5.61,5.66,9259700.0,51993611.0,6732027399.24,6732027399.24
sh600971,恒源煤电,2019-12-12,5.59,5.61,5.51,5.56,5.61,14572712.0,80989943.0,6672027155.04,6672027155.04
sh600971,恒源煤电,2019-12-13,5.59,5.84,5.59,5.8,5.56,30046637.0,172433467.0,6960028327.2,6960028327.2
sh600971,恒源煤电,2019-12-16,5.84,5.84,5.71,5.76,5.8,16459421.0,94653773.0,6912028131.84,6912028131.84
sh600971,恒源煤电,2019-12-17,5.75,5.93,5.75,5.84,5.76,24381653.0,142599196.0,7008028522.56,7008028522.56
sh600971,恒源煤电,2019-12-18,5.82,5.92,5.79,5.81,5.84,14749631.0,86286974.0,6972028376.04,6972028376.04
sh600971,恒源煤电,2019-12-19,5.8,5.93,5.77,5.91,5.81,16300393.0,95732971.0,7092028864.44,7092028864.44
sh600971,恒源煤电,2019-12-20,5.89,6.02,5.85,5.86,5.91,15618022.0,92571405.0,7032028620.24,7032028620.24
sh600971,恒源煤电,2019-12-23,5.83,5.86,5.65,5.67,5.86,14257717.0,82153452.0,6804027692.28,6804027692.28
sh600971,恒源煤电,2019-12-24,5.68,5.77,5.63,5.76,5.67,10664148.0,60848720.0,6912028131.84,6912028131.84
sh600971,恒源煤电,2019-12-25,5.75,5.75,5.66,5.73,5.76,6149585.0,35097851.0,6876027985.32,6876027985.32
sh600971,恒源煤电,2019-12-26,5.71,5.79,5.69,5.79,5.73,7188290.0,41325472.0,6948028278.36,6948028278.36
sh600971,恒源煤电,2019-12-27,5.8,5.94,5.77,5.78,5.79,15388247.0,89866775.0,6936028229.52,6936028229.52
sh600971,恒源煤电,2019-12-30,5.75,6.02,5.72,5.99,5.78,20902336.0,123434097.0,7188029255.16,7188029255.16
sh600971,恒源煤电,2019-12-31,6.0,6.01,5.91,5.98,5.99,16417053.0,97916574.0,7176029206.32,7176029206.32
sh600971,恒源煤电,2020-01-02,6.05,6.08,5.98,6.0,5.98,17665023.0,106327806.0,7200029304.0,7200029304.0
sh600971,恒源煤电,2020-01-03,6.01,6.03,5.95,5.96,6.0,12865286.0,76941034.0,7152029108.64,7152029108.64
sh600971,恒源煤电,2020-01-06,5.93,6.01,5.87,5.92,5.96,18092013.0,107558650.0,7104028913.28,7104028913.28
sh600971,恒源煤电,2020-01-07,5.98,6.21,5.95,6.08,5.92,32347142.0,197219090.0,7296029694.72,7296029694.72
sh600971,恒源煤电,2020-01-08,6.06,6.08,5.87,5.89,6.08,23189530.0,138140293.0,7068028766.76,7068028766.76
sh600971,恒源煤电,2020-01-09,5.93,5.99,5.87,5.92,5.89,13479586.0,79827161.0,7104028913.28,7104028913.28
sh600971,恒源煤电,2020-01-10,5.9,5.93,5.83,5.86,5.92,10845793.0,63707521.0,7032028620.24,7032028620.24
sh600971,恒源煤电,2020-01-13,5.85,5.9,5.78,5.9,5.86,9393961.0,54812816.0,7080028815.6,7080028815.6
sh600971,恒源煤电,2020-01-14,5.88,5.94,5.88,5.89,5.9,8831554.0,52224573.0,7068028766.76,7068028766.76
sh600971,恒源煤电,2020-01-15,5.88,5.89,5.74,5.78,5.89,11204540.0,64869404.0,6936028229.52,6936028229.52
sh600971,恒源煤电,2020-01-16,5.76,5.79,5.7,5.72,5.78,9282342.0,53179530.0,6864027936.48,6864027936.48
sh600971,恒源煤电,2020-01-17,5.75,5.77,5.68,5.71,5.72,5508482.0,31546699.0,6852027887.64,6852027887.64
sh600971,恒源煤电,2020-01-20,5.71,5.74,5.68,5.74,5.71,5171772.0,29540502.0,6888028034.16,6888028034.16
sh600971,恒源煤电,2020-01-21,5.73,5.73,5.63,5.66,5.74,7193142.0,40778688.0,6792027643.44,6792027643.44
sh600971,恒源煤电,2020-01-22,5.64,5.67,5.57,5.65,5.66,6683542.0,37568037.0,6780027594.6,6780027594.6
sh600971,恒源煤电,2020-01-23,5.65,5.65,5.39,5.44,5.65,10410293.0,57331555.0,6528026568.96,6528026568.96
sh600971,恒源煤电,2020-02-03,4.9,4.97,4.9,4.9,5.44,10136240.0,49724863.0,5880023931.6,5880023931.6
sh600971,恒源煤电,2020-02-04,4.66,4.96,4.65,4.93,4.9,12813482.0,61949532.0,5916024078.12,5916024078.12
sh600971,恒源煤电,2020-02-05,4.93,5.07,4.91,4.98,4.93,9792764.0,48819112.0,5976024322.32,5976024322.32
sh600971,恒源煤电,2020-02-06,5.0,5.05,4.95,5.04,4.98,9859637.0,49345138.0,6048024615.36,6048024615.36
sh600971,恒源煤电,2020-02-07,5.01,5.02,4.94,5.01,5.04,9528585.0,47479356.0,6012024468.84,6012024468.84
sh600971,恒源煤电,2020-02-10,4.98,5.12,4.97,5.12,5.01,11478463.0,58257307.0,6144025006.08,6144025006.08
sh600971,恒源煤电,2020-02-11,5.12,5.26,5.09,5.11,5.12,12355989.0,63731463.0,6132024957.24,6132024957.24
sh600971,恒源煤电,2020-02-12,5.11,5.14,5.05,5.13,5.11,9495339.0,48263157.0,6156025054.92,6156025054.92
sh600971,恒源煤电,2020-02-13,5.14,5.16,5.03,5.03,5.13,9618980.0,48874196.0,6036024566.52,6036024566.52
sh600971,恒源煤电,2020-02-14,5.02,5.09,5.01,5.05,5.03,6522009.0,32925458.0,6060024664.2,6060024664.2
sh600971,恒源煤电,2020-02-17,5.07,5.17,5.03,5.16,5.05,11288715.0,57808133.0,6192025201.44,6192025201.44
sh600971,恒源煤电,2020-02-18,5.23,5.23,5.12,5.17,5.16,10701245.0,55347618.0,6204025250.28,6204025250.28
sh600971,恒源煤电,2020-02-19,5.18,5.2,5.11,5.13,5.17,10433226.0,53747941.0,6156025054.92,6156025054.92
sh600971,恒源煤电,2020-02-20,5.14,5.23,5.1,5.23,5.13,12518008.0,64718020.0,6276025543.32,6276025543.32
sh600971,恒源煤电,2020-02-21,5.23,5.36,5.21,5.26,5.23,17654070.0,93155726.0,6312025689.84,6312025689.84
sh600971,恒源煤电,2020-02-24,5.2,5.22,5.13,5.17,5.26,15805772.0,81691884.0,6204025250.28,6204025250.28
sh600971,恒源煤电,2020-02-25,5.07,5.1,5.0,5.08,5.17,15799443.0,79790044.0,6096024810.72,6096024810.72
sh600971,恒源煤电,2020-02-26,5.02,5.24,5.01,5.15,5.08,17874649.0,91947951.0,6180025152.6,6180025152.6
sh600971,恒源煤电,2020-02-27,5.16,5.19,5.1,5.12,5.15,10042489.0,51621493.0,6144025006.08,6144025006.08
sh600971,恒源煤电,2020-02-28,5.04,5.07,4.9,4.91,5.12,15155240.0,75458851.0,5892023980.44,5892023980.44
sh600971,恒源煤电,2020-03-02,4.94,5.12,4.94,5.12,4.91,12361018.0,62623888.0,6144025006.08,6144025006.08
sh600971,恒源煤电,2020-03-03,5.17,5.2,5.07,5.13,5.12,13689572.0,70452149.0,6156025054.92,6156025054.92
sh600971,恒源煤电,2020-03-04,5.1,5.27,5.07,5.27,5.13,18904124.0,98121638.0,6324025738.68,6324025738.68
sh600971,恒源煤电,2020-03-05,5.29,5.37,5.26,5.36,5.27,18643992.0,99368678.0,6432026178.24,6432026178.24
sh600971,恒源煤电,2020-03-06,5.28,5.34,5.25,5.27,5.36,11746031.0,62052385.0,6324025738.68,6324025738.68
sh600971,恒源煤电,2020-03-09,5.15,5.15,5.03,5.04,5.27,15687949.0,79778971.0,6048024615.36,6048024615.36
sh600971,恒源煤电,2020-03-10,5.01,5.16,4.94,5.1,5.04,14460832.0,72811611.0,6120024908.4,6120024908.4
sh600971,恒源煤电,2020-03-11,5.11,5.14,5.04,5.04,5.1,7709822.0,39268353.0,6048024615.36,6048024615.36
sh600971,恒源煤电,2020-03-12,4.98,5.03,4.93,4.97,5.04,10671555.0,53122511.0,5964024273.48,5964024273.48
sh600971,恒源煤电,2020-03-13,4.8,4.94,4.75,4.89,4.97,10135115.0,48868470.0,5868023882.76,5868023882.76
sh600971,恒源煤电,2020-03-16,4.92,4.92,4.73,4.73,4.89,12420319.0,59985272.0,5676023101.32,5676023101.32
sh600971,恒源煤电,2020-03-17,4.77,4.79,4.65,4.77,4.73,7733990.0,36632510.0,5724023296.68,5724023296.68
sh600971,恒源煤电,2020-03-18,4.78,4.82,4.62,4.62,4.77,9976261.0,47108642.0,5544022564.08,5544022564.08
sh600971,恒源煤电,2020-03-19,4.61,4.65,4.47,4.58,4.62,9310471.0,42469812.0,5496022368.72,5496022368.72
sh600971,恒源煤电,2020-03-20,4.62,4.65,4.53,4.62,4.58,10526272.0,48275183.0,5544022564.08,5544022564.08
sh600971,恒源煤电,2020-03-23,4.52,4.56,4.5,4.5,4.62,6738034.0,30496710.0,5400021978.0,5400021978.0
sh600971,恒源煤电,2020-03-24,4.55,4.6,4.52,4.6,4.5,6016176.0,27428003.0,5520022466.4,5520022466.4
sh600971,恒源煤电,2020-03-25,4.66,4.68,4.61,4.65,4.6,7427284.0,34518061.0,5580022710.6,5580022710.6
sh600971,恒源煤电,2020-03-26,4.61,4.65,4.6,4.6,4.65,4976314.0,22979784.0,5520022466.4,5520022466.4
sh600971,恒源煤电,2020-03-27,4.65,4.67,4.61,4.62,4.6,6515944.0,30201246.0,5544022564.08,5544022564.08
sh600971,恒源煤电,2020-03-30,4.6,4.69,4.55,4.65,4.62,7342912.0,33880139.0,5580022710.6,5580022710.6
sh600971,恒源煤电,2020-03-31,4.69,4.71,4.64,4.67,4.65,6561992.0,30689788.0,5604022808.28,5604022808.28
sh600971,恒源煤电,2020-04-01,4.64,4.7,4.64,4.67,4.67,5047713.0,23602402.0,5604022808.28,5604022808.28
sh600971,恒源煤电,2020-04-02,4.65,4.73,4.6,4.73,4.67,6287606.0,29355408.0,5676023101.32,5676023101.32
sh600971,恒源煤电,2020-04-03,4.71,4.74,4.67,4.68,4.73,4413836.0,20721560.0,5616022857.12,5616022857.12
sh600971,恒源煤电,2020-04-07,4.73,4.78,4.7,4.76,4.68,8082864.0,38325879.0,5712023247.84,5712023247.84
sh600971,恒源煤电,2020-04-08,4.75,4.8,4.72,4.77,4.76,5396802.0,25670841.0,5724023296.68,5724023296.68
sh600971,恒源煤电,2020-04-09,4.78,4.81,4.76,4.78,4.77,5182202.0,24805242.0,5736023345.52,5736023345.52
sh600971,恒源煤电,2020-04-10,4.79,4.8,4.7,4.71,4.78,4779172.0,22696626.0,5652023003.64,5652023003.64
sh600971,恒源煤电,2020-04-13,4.7,4.71,4.66,4.68,4.71,2966180.0,13884419.0,5616022857.12,5616022857.12
sh600971,恒源煤电,2020-04-14,4.68,4.78,4.68,4.76,4.68,5238171.0,24858658.0,5712023247.84,5712023247.84
sh600971,恒源煤电,2020-04-15,4.75,4.76,4.72,4.75,4.76,3553938.0,16859113.0,5700023199.0,5700023199.0
sh600971,恒源煤电,2020-04-16,4.74,4.75,4.7,4.72,4.75,2449531.0,11561317.0,5664023052.48,5664023052.48
sh600971,恒源煤电,2020-04-17,4.72,4.75,4.71,4.73,4.72,4178303.0,19782076.0,5676023101.32,5676023101.32
sh600971,恒源煤电,2020-04-20,4.74,4.75,4.69,4.73,4.73,2401881.0,11344088.0,5676023101.32,5676023101.32
sh600971,恒源煤电,2020-04-21,4.71,4.73,4.65,4.71,4.73,4201529.0,19719217.0,5652023003.64,5652023003.64
sh600971,恒源煤电,2020-04-22,4.69,4.79,4.66,4.72,4.71,5285684.0,24954548.0,5664023052.48,5664023052.48
sh600971,恒源煤电,2020-04-23,4.72,4.73,4.67,4.69,4.72,3151065.0,14790138.0,5628022905.96,5628022905.96
sh600971,恒源煤电,2020-04-24,4.68,4.72,4.65,4.67,4.69,3262742.0,15280720.0,5604022808.28,5604022808.28
sh600971,恒源煤电,2020-04-27,4.73,4.83,4.73,4.83,4.67,10352107.0,49433836.0,5796023589.72,5796023589.72
sh600971,恒源煤电,2020-04-28,4.82,4.84,4.71,4.83,4.83,9705132.0,46423639.0,5796023589.72,5796023589.72
sh600971,恒源煤电,2020-04-29,4.81,4.95,4.78,4.92,4.83,9299144.0,45488616.0,5904024029.28,5904024029.28
sh600971,恒源煤电,2020-04-30,4.92,4.98,4.89,4.94,4.92,8153986.0,40327866.0,5928024126.96,5928024126.96
sh600971,恒源煤电,2020-05-06,4.89,4.93,4.86,4.92,4.94,8038959.0,39346646.0,5904024029.28,5904024029.28
sh600971,恒源煤电,2020-05-07,4.92,4.94,4.87,4.93,4.92,6491730.0,31856120.0,5916024078.12,5916024078.12
sh600971,恒源煤电,2020-05-08,4.95,5.02,4.92,4.98,4.93,8230275.0,41013839.0,5976024322.32,5976024322.32
sh600971,恒源煤电,2020-05-11,4.98,5.06,4.94,4.95,4.98,7029002.0,35058448.0,5940024175.8,5940024175.8
sh600971,恒源煤电,2020-05-12,4.95,5.0,4.91,4.94,4.95,5975504.0,29585341.0,5928024126.96,5928024126.96
sh600971,恒源煤电,2020-05-13,4.94,4.95,4.89,4.93,4.94,4406613.0,21663708.0,5916024078.12,5916024078.12
sh600971,恒源煤电,2020-05-14,4.93,4.93,4.88,4.89,4.93,3615580.0,17741709.0,5868023882.76,5868023882.76
sh600971,恒源煤电,2020-05-15,4.91,4.94,4.89,4.9,4.89,2736534.0,13434736.0,5880023931.6,5880023931.6
sh600971,恒源煤电,2020-05-18,4.91,4.95,4.88,4.94,4.9,4172900.0,20560161.0,5928024126.96,5928024126.96
sh600971,恒源煤电,2020-05-19,4.96,4.98,4.93,4.96,4.94,4735202.0,23446510.0,5952024224.64,5952024224.64
sh600971,恒源煤电,2020-05-20,4.96,4.97,4.91,4.93,4.96,3271946.0,16146199.0,5916024078.12,5916024078.12
sh600971,恒源煤电,2020-05-21,4.93,4.95,4.91,4.91,4.93,3204240.0,15791807.0,5892023980.44,5892023980.44
sh600971,恒源煤电,2020-05-22,4.91,4.93,4.86,4.88,4.91,4527408.0,22130374.0,5856023833.92,5856023833.92
sh600971,恒源煤电,2020-05-25,4.87,4.94,4.86,4.92,4.88,4335698.0,21230210.0,5904024029.28,5904024029.28
sh600971,恒源煤电,2020-05-26,4.93,4.94,4.91,4.94,4.92,3531221.0,17408295.0,5928024126.96,5928024126.96
sh600971,恒源煤电,2020-05-27,4.93,5.0,4.91,4.99,4.94,6984830.0,34696573.0,5988024371.16,5988024371.16
sh600971,恒源煤电,2020-05-28,4.98,5.02,4.9,4.94,4.99,5860144.0,29044885.0,5928024126.96,5928024126.96
sh600971,恒源煤电,2020-05-29,4.95,4.95,4.9,4.91,4.94,3625290.0,17844529.0,5892023980.44,5892023980.44
sh600971,恒源煤电,2020-06-01,4.91,4.97,4.91,4.96,4.91,5538829.0,27389542.0,5952024224.64,5952024224.64
sh600971,恒源煤电,2020-06-02,4.96,4.98,4.93,4.98,4.96,6624107.0,32827725.0,5976024322.32,5976024322.32
sh600971,恒源煤电,2020-06-03,4.99,5.02,4.95,4.95,4.98,8507609.0,42350909.0,5940024175.8,5940024175.8
sh600971,恒源煤电,2020-06-04,4.95,4.97,4.92,4.93,4.95,3961670.0,19554406.0,5916024078.12,5916024078.12
sh600971,恒源煤电,2020-06-05,4.93,4.95,4.91,4.94,4.93,3553147.0,17504753.0,5928024126.96,5928024126.96
sh600971,恒源煤电,2020-06-08,4.94,4.98,4.94,4.96,4.94,4323889.0,21441016.0,5952024224.64,5952024224.64
sh600971,恒源煤电,2020-06-09,4.96,4.98,4.95,4.97,4.96,6138699.0,30464529.0,5964024273.48,5964024273.48
sh600971,恒源煤电,2020-06-10,4.97,4.97,4.93,4.96,4.97,3929754.0,19442094.0,5952024224.64,5952024224.64
sh600971,恒源煤电,2020-06-11,4.96,4.97,4.92,4.93,4.96,4554187.0,22502032.0,5916024078.12,5916024078.12
sh600971,恒源煤电,2020-06-12,4.88,4.93,4.83,4.92,4.93,5724191.0,27899990.0,5904024029.28,5904024029.28
sh600971,恒源煤电,2020-06-15,4.9,4.91,4.86,4.86,4.92,5381640.0,26294416.0,5832023736.24,5832023736.24
sh600971,恒源煤电,2020-06-16,4.88,4.93,4.86,4.91,4.86,4685839.0,22949925.0,5892023980.440001,5892023980.440001
sh600971,恒源煤电,2020-06-17,4.9,4.95,4.89,4.93,4.91,5078935.0,25016647.0,5916024078.12,5916024078.12
sh600971,恒源煤电,2020-06-18,4.97,5.22,4.96,5.18,4.93,32491022.0,166688182.0,6216025299.120001,6216025299.120001
sh600971,恒源煤电,2020-06-19,5.15,5.24,5.11,5.13,5.18,17389196.0,89669461.0,6156025054.92,6156025054.92
sh600971,恒源煤电,2020-06-22,5.13,5.15,5.09,5.1,5.13,10628045.0,54293513.0,6120024908.4,6120024908.4
sh600971,恒源煤电,2020-06-23,5.11,5.14,5.04,5.07,5.1,14710939.0,74586436.0,6084024761.879999,6084024761.879999
sh600971,XD恒源煤,2020-06-24,4.68,4.71,4.62,4.63,4.72,12715348.0,59193075.0,5556022612.919999,5556022612.919999
sh600971,恒源煤电,2020-06-29,4.62,4.63,4.53,4.56,4.63,7056402.0,32225877.0,5472022271.040001,5472022271.040001
sh600971,恒源煤电,2020-06-30,4.57,4.6,4.55,4.57,4.56,4923585.0,22510607.0,5484022319.88,5484022319.88
sh600971,恒源煤电,2020-07-01,4.57,4.64,4.56,4.63,4.57,6787801.0,31285012.0,5556022612.919999,5556022612.919999
sh600971,恒源煤电,2020-07-02,4.64,4.83,4.63,4.83,4.63,15639082.0,74323693.0,5796023589.719999,5796023589.719999
sh600971,恒源煤电,2020-07-03,4.88,5.14,4.83,5.09,4.83,37056608.0,186585656.0,6108024859.56,6108024859.56
sh600971,恒源煤电,2020-07-06,5.18,5.56,5.15,5.54,5.09,44172801.0,235511466.0,6648027057.36,6648027057.36
sh600971,恒源煤电,2020-07-07,5.66,5.8,5.35,5.35,5.54,42186915.0,231116074.0,6420026129.400001,6420026129.400001
sh600971,恒源煤电,2020-07-08,5.32,5.56,5.28,5.47,5.35,29724770.0,161502916.0,6564026715.48,6564026715.48
sh600971,恒源煤电,2020-07-09,5.46,5.75,5.4,5.64,5.47,36495559.0,202391842.0,6768027545.76,6768027545.76
sh600971,恒源煤电,2020-07-10,5.58,5.58,5.39,5.4,5.64,20948244.0,114930954.0,6480026373.6,6480026373.6
sh600971,恒源煤电,2020-07-13,5.32,5.54,5.31,5.48,5.4,21514044.0,117174172.0,6576026764.32,6576026764.32
sh600971,恒源煤电,2020-07-14,5.46,5.58,5.37,5.53,5.48,22400798.0,122848439.0,6636027008.52,6636027008.52
sh600971,恒源煤电,2020-07-15,5.54,5.57,5.36,5.38,5.53,19241071.0,104578643.0,6456026275.919999,6456026275.919999
sh600971,恒源煤电,2020-07-16,5.37,5.42,5.11,5.14,5.38,18096787.0,95857948.0,6168025103.759999,6168025103.759999
sh600971,恒源煤电,2020-07-17,5.18,5.25,5.06,5.09,5.14,11724682.0,60394008.0,6108024859.56,6108024859.56
sh600971,恒源煤电,2020-07-20,5.14,5.4,5.07,5.39,5.09,20007719.0,105700726.0,6468026324.76,6468026324.76
sh600971,恒源煤电,2020-07-21,5.39,5.48,5.3,5.35,5.39,10762639.0,57624059.0,6420026129.400001,6420026129.400001
sh600971,恒源煤电,2020-07-22,5.39,5.44,5.31,5.31,5.35,12017035.0,64532150.0,6372025934.04,6372025934.04
sh600971,恒源煤电,2020-07-23,5.28,5.31,5.16,5.28,5.31,10821868.0,56716793.0,6336025787.52,6336025787.52
sh600971,恒源煤电,2020-07-24,5.24,5.39,5.09,5.12,5.28,17221064.0,89936955.0,6144025006.08,6144025006.08
sh600971,恒源煤电,2020-07-27,5.12,5.17,5.05,5.11,5.12,8496165.0,43434306.0,6132024957.240001,6132024957.240001
sh600971,恒源煤电,2020-07-28,5.14,5.29,5.14,5.21,5.11,13196149.0,68963450.0,6252025445.639999,6252025445.639999
sh600971,恒源煤电,2020-07-29,5.22,5.26,5.14,5.25,5.21,9759967.0,50930006.0,6300025641.0,6300025641.0
sh600971,恒源煤电,2020-07-30,5.28,5.32,5.21,5.21,5.25,9905330.0,52084549.0,6252025445.639999,6252025445.639999
sh600971,恒源煤电,2020-07-31,5.2,5.27,5.15,5.2,5.21,11578648.0,60217668.0,6240025396.8,6240025396.8
sh600971,恒源煤电,2020-08-03,5.24,5.32,5.21,5.3,5.2,14383207.0,75932730.0,6360025885.2,6360025885.2
sh600971,恒源煤电,2020-08-04,5.32,5.35,5.27,5.31,5.3,11542611.0,61228232.0,6372025934.04,6372025934.04
sh600971,恒源煤电,2020-08-05,5.3,5.31,5.18,5.29,5.31,11067567.0,58172703.0,6348025836.360001,6348025836.360001
sh600971,恒源煤电,2020-08-06,5.32,5.35,5.2,5.25,5.29,9723083.0,51132896.0,6300025641.0,6300025641.0
sh600971,恒源煤电,2020-08-07,5.24,5.24,5.11,5.14,5.25,9713287.0,50171865.0,6168025103.759999,6168025103.759999
sh600971,恒源煤电,2020-08-10,5.12,5.22,5.12,5.18,5.14,8227260.0,42565587.0,6216025299.120001,6216025299.120001
sh600971,恒源煤电,2020-08-11,5.18,5.21,5.11,5.11,5.18,8789509.0,45477020.0,6132024957.240001,6132024957.240001
sh600971,恒源煤电,2020-08-12,5.11,5.12,5.02,5.12,5.11,9769377.0,49506420.0,6144025006.08,6144025006.08
sh600971,恒源煤电,2020-08-13,5.14,5.23,5.12,5.16,5.12,9630202.0,49863395.0,6192025201.44,6192025201.44
sh600971,恒源煤电,2020-08-14,5.14,5.18,5.05,5.18,5.16,8095301.0,41507561.0,6216025299.120001,6216025299.120001
sh600971,恒源煤电,2020-08-17,5.19,5.31,5.14,5.29,5.18,16573915.0,87055755.0,6348025836.360001,6348025836.360001
sh600971,恒源煤电,2020-08-18,5.31,5.45,5.26,5.36,5.29,23138690.0,124152820.0,6432026178.24,6432026178.24
sh600971,恒源煤电,2020-08-19,5.33,5.45,5.28,5.36,5.36,18606349.0,100088974.0,6432026178.24,6432026178.24
sh600971,恒源煤电,2020-08-20,5.38,5.4,5.24,5.29,5.36,12495306.0,66354776.0,6348025836.360001,6348025836.360001
sh600971,恒源煤电,2020-08-21,5.27,5.32,5.24,5.28,5.29,9464706.0,49908408.0,6336025787.52,6336025787.52
sh600971,恒源煤电,2020-08-24,5.26,5.32,5.23,5.23,5.28,8414200.0,44368936.0,6276025543.32,6276025543.32
sh600971,恒源煤电,2020-08-25,5.23,5.26,5.14,5.14,5.23,9078475.0,47116867.0,6168025103.759999,6168025103.759999
sh600971,恒源煤电,2020-08-26,5.14,5.17,5.09,5.1,5.14,5836713.0,29904714.0,6120024908.4,6120024908.4
sh600971,恒源煤电,2020-08-27,5.09,5.15,5.07,5.14,5.1,5175865.0,26440589.0,6168025103.759999,6168025103.759999
sh600971,恒源煤电,2020-08-28,5.12,5.2,5.09,5.19,5.14,8410787.0,43288459.0,6228025347.96,6228025347.96
sh600971,恒源煤电,2020-08-31,5.19,5.22,5.15,5.15,5.19,8178320.0,42450531.0,6180025152.6,6180025152.6
sh600971,恒源煤电,2020-09-01,5.15,5.17,5.1,5.13,5.15,5846842.0,30020171.0,6156025054.92,6156025054.92
sh600971,恒源煤电,2020-09-02,5.14,5.15,5.05,5.1,5.13,5705287.0,29095477.0,6120024908.4,6120024908.4
sh600971,恒源煤电,2020-09-03,5.13,5.2,5.09,5.13,5.1,8399346.0,43273722.0,6156025054.92,6156025054.92
sh600971,恒源煤电,2020-09-04,5.08,5.1,5.03,5.08,5.13,6486717.0,32893301.0,6096024810.72,6096024810.72
sh600971,恒源煤电,2020-09-07,5.09,5.12,5.02,5.02,5.08,7166677.0,36322761.0,6024024517.68,6024024517.68
sh600971,恒源煤电,2020-09-08,5.04,5.17,5.01,5.17,5.02,11869384.0,60537144.0,6204025250.28,6204025250.28
sh600971,恒源煤电,2020-09-09,5.12,5.3,5.09,5.15,5.17,16572119.0,86249961.0,6180025152.6,6180025152.6
sh600971,恒源煤电,2020-09-10,5.22,5.3,5.07,5.13,5.15,14356356.0,74572162.0,6156025054.92,6156025054.92
sh600971,恒源煤电,2020-09-11,5.15,5.26,5.09,5.24,5.13,19749509.0,102740197.0,6288025592.16,6288025592.16
sh600971,恒源煤电,2020-09-14,5.22,5.31,5.14,5.21,5.24,13904613.0,72192707.0,6252025445.639999,6252025445.639999
sh600971,恒源煤电,2020-09-15,5.2,5.28,5.15,5.21,5.21,11404549.0,59460026.0,6252025445.639999,6252025445.639999
sh600971,恒源煤电,2020-09-16,5.23,5.29,5.16,5.24,5.21,12855375.0,67341689.0,6288025592.16,6288025592.16
sh600971,恒源煤电,2020-09-17,5.25,5.39,5.23,5.33,5.24,23745164.0,126645915.0,6396026031.72,6396026031.72
sh600971,恒源煤电,2020-09-18,5.3,5.54,5.29,5.49,5.33,31060022.0,168724625.0,6588026813.16,6588026813.16
sh600971,恒源煤电,2020-09-21,5.49,5.53,5.39,5.46,5.49,20579138.0,112273216.0,6552026666.64,6552026666.64
sh600971,恒源煤电,2020-09-22,5.42,5.45,5.24,5.26,5.46,17336984.0,92582551.0,6312025689.84,6312025689.84
sh600971,恒源煤电,2020-09-23,5.3,5.33,5.2,5.22,5.26,11731095.0,61470595.0,6264025494.4800005,6264025494.4800005
sh600971,恒源煤电,2020-09-24,5.21,5.22,5.07,5.08,5.22,13034004.0,66715605.0,6096024810.72,6096024810.72
sh600971,恒源煤电,2020-09-25,5.13,5.19,5.09,5.12,5.08,10026878.0,51503085.0,6144025006.08,6144025006.08
