数据由邢不行整理，对数据字段有疑问的，可以直接微信私信邢不行，微信号：xbx9585
股票代码,股票名称,交易日期,开盘价,最高价,最低价,收盘价,前收盘价,成交量,成交额,流通市值,总市值
sh600288,大恒科技,2000-11-29,35.1,37.75,33.51,36.65,9.0,37172233.0,1319386976.0,1832500000.0,5131000000.0
sh600288,大恒科技,2000-11-30,36.5,37.26,36.2,36.55,36.65,8624652.0,316509787.0,1827500000.0,5117000000.0
sh600288,大恒科技,2000-12-01,36.7,38.2,36.7,37.59,36.55,6502124.0,244802985.0,1879500000.0,5262600000.0
sh600288,大恒科技,2000-12-04,38.0,38.97,37.65,37.93,37.59,5743461.0,220117540.0,1896500000.0,5310200000.0
sh600288,大恒科技,2000-12-05,38.0,38.2,37.2,37.39,37.93,2893505.0,108712027.0,1869500000.0,5234600000.0
sh600288,大恒科技,2000-12-06,37.51,37.77,36.2,36.3,37.39,3525000.0,129656586.0,1815000000.0,5082000000.0
sh600288,大恒科技,2000-12-07,36.1,36.68,35.93,36.29,36.3,2077841.0,75289322.0,1814500000.0,5080600000.0
sh600288,大恒科技,2000-12-08,36.38,37.47,36.3,36.37,36.29,1954846.0,71929865.0,1818500000.0,5091800000.0
sh600288,大恒科技,2000-12-11,36.3,36.3,34.88,35.2,36.37,3251193.0,114776458.0,1760000000.0,4928000000.0
sh600288,大恒科技,2000-12-12,35.0,36.2,34.88,35.66,35.2,1584544.0,56661837.0,1783000000.0,4992400000.0
sh600288,大恒科技,2000-12-13,35.44,36.19,35.38,35.62,35.66,792159.0,28227849.0,1781000000.0,4986800000.0
sh600288,大恒科技,2000-12-14,35.7,36.19,35.45,35.51,35.62,587854.0,20963068.0,1775500000.0,4971400000.0
sh600288,大恒科技,2000-12-15,35.65,37.8,35.25,37.11,35.51,1899784.0,69511491.0,1855500000.0,5195400000.0
sh600288,大恒科技,2000-12-18,37.1,37.78,36.6,36.85,37.11,2412514.0,89724238.0,1842500000.0,5159000000.0
sh600288,大恒科技,2000-12-19,37.0,37.27,36.4,36.59,36.85,886175.0,32575611.0,1829500000.0,5122600000.0
sh600288,大恒科技,2000-12-20,36.59,37.5,36.11,37.24,36.59,1465843.0,54229729.0,1862000000.0,5213600000.0
sh600288,大恒科技,2000-12-21,37.5,37.6,36.75,36.8,37.24,1321091.0,49078609.0,1840000000.0,5152000000.0
sh600288,大恒科技,2000-12-22,36.68,36.88,36.01,36.18,36.8,1270784.0,46213897.0,1809000000.0,5065200000.0
sh600288,大恒科技,2000-12-25,36.18,36.51,36.0,36.2,36.18,661269.0,23986380.0,1810000000.0,5068000000.0
sh600288,大恒科技,2000-12-26,36.2,37.25,36.2,37.13,36.2,591322.0,21738175.0,1856500000.0,5198200000.0
sh600288,大恒科技,2000-12-27,37.19,37.38,36.31,36.4,37.13,596642.0,21998068.0,1820000000.0,5096000000.0
sh600288,大恒科技,2000-12-28,36.3,36.9,36.15,36.36,36.4,504537.0,18410468.0,1818000000.0,5090400000.0
sh600288,大恒科技,2000-12-29,36.38,37.3,36.38,36.85,36.36,641335.0,23643151.0,1842500000.0,5159000000.0
sh600288,大恒科技,2001-01-02,36.88,38.26,36.4,37.86,36.85,1760720.0,65733160.0,1893000000.0,5300400000.0
sh600288,大恒科技,2001-01-03,37.86,41.58,37.5,40.25,37.86,4684496.0,185730850.0,2012500000.0,5635000000.0
sh600288,大恒科技,2001-01-04,40.02,40.08,39.0,39.0,40.25,1822373.0,72015336.0,1950000000.0,5460000000.0
sh600288,大恒科技,2001-01-05,39.0,39.75,38.88,39.0,39.0,1217342.0,47769441.0,1950000000.0,5460000000.0
sh600288,大恒科技,2001-01-08,39.0,39.98,37.9,37.95,39.0,1509486.0,57838922.0,1897500000.0,5313000000.0
sh600288,大恒科技,2001-01-09,38.18,38.4,37.5,38.0,37.95,774016.0,29356360.0,1900000000.0,5320000000.0
sh600288,大恒科技,2001-01-10,38.01,38.39,37.61,38.18,38.0,697348.0,26532287.0,1909000000.0,5345200000.0
sh600288,大恒科技,2001-01-11,38.18,38.18,37.28,37.35,38.18,1328564.0,49948589.0,1867500000.0,5229000000.0
sh600288,大恒科技,2001-01-12,37.0,37.28,36.6,36.6,37.35,1258803.0,46428235.0,1830000000.0,5124000000.0
sh600288,大恒科技,2001-01-15,36.5,36.95,36.12,36.39,36.6,955193.0,34931767.0,1819500000.0,5094600000.0
sh600288,大恒科技,2001-01-16,36.4,36.99,36.21,36.7,36.39,656597.0,24032117.0,1835000000.0,5138000000.0
sh600288,大恒科技,2001-01-17,36.65,36.65,35.2,35.3,36.7,1288459.0,45925583.0,1765000000.0,4942000000.0
sh600288,大恒科技,2001-01-18,35.0,35.75,35.0,35.48,35.3,632466.0,22401313.0,1774000000.0,4967200000.0
sh600288,大恒科技,2001-01-19,35.55,36.3,35.55,35.78,35.48,688068.0,24697843.0,1789000000.0,5009200000.0
sh600288,大恒科技,2001-02-05,35.8,35.97,33.06,33.3,35.78,1199246.0,40858022.0,1665000000.0,4662000000.0
sh600288,大恒科技,2001-02-06,32.8,32.9,30.66,31.5,33.3,1057097.0,33608569.0,1575000000.0,4410000000.0
sh600288,大恒科技,2001-02-07,31.5,31.8,30.9,30.96,31.5,496975.0,15472489.0,1548000000.0,4334400000.0
sh600288,大恒科技,2001-02-08,31.01,31.45,28.85,29.0,30.96,975420.0,29108707.0,1450000000.0,4060000000.0
sh600288,大恒科技,2001-02-09,28.9,30.19,28.9,29.85,29.0,943482.0,28123691.0,1492500000.0,4179000000.0
sh600288,大恒科技,2001-02-12,29.8,30.3,29.01,30.0,29.85,516950.0,15261447.0,1500000000.0,4200000000.0
sh600288,大恒科技,2001-02-13,30.0,30.5,29.8,29.98,30.0,386471.0,11618927.0,1499000000.0,4197200000.0
sh600288,大恒科技,2001-02-14,29.75,30.1,29.4,29.78,29.98,256253.0,7594227.0,1489000000.0,4169200000.0
sh600288,大恒科技,2001-02-15,29.9,30.0,29.28,29.34,29.78,307760.0,9090395.0,1467000000.0,4107600000.0
sh600288,大恒科技,2001-02-16,29.0,30.33,28.7,30.09,29.34,533107.0,15658050.0,1504500000.0,4212600000.0
sh600288,大恒科技,2001-02-19,30.18,30.68,29.7,30.45,30.09,463061.0,14061096.0,1522500000.0,4263000000.0
sh600288,大恒科技,2001-02-20,30.45,31.6,30.1,30.23,30.45,1041408.0,32058802.0,1511500000.0,4232200000.0
sh600288,大恒科技,2001-02-21,30.0,30.0,29.29,29.61,30.23,375894.0,11145070.0,1480500000.0,4145400000.0
sh600288,大恒科技,2001-02-22,29.1,30.8,29.1,30.01,29.61,344490.0,10392754.0,1500500000.0,4201400000.0
sh600288,大恒科技,2001-02-23,30.0,31.0,30.0,30.89,30.01,345039.0,10559720.0,1544500000.0,4324600000.0
sh600288,大恒科技,2001-02-26,30.99,31.3,30.8,31.16,30.89,458008.0,14220630.0,1558000000.0,4362400000.0
sh600288,大恒科技,2001-02-27,31.16,31.28,30.53,30.9,31.16,327422.0,10106709.0,1545000000.0,4326000000.0
sh600288,大恒科技,2001-02-28,30.9,30.9,30.28,30.45,30.9,268582.0,8185698.0,1522500000.0,4263000000.0
sh600288,大恒科技,2001-03-01,30.45,30.77,30.28,30.45,30.45,189884.0,5784550.0,1522500000.0,4263000000.0
sh600288,大恒科技,2001-03-02,30.5,31.2,30.5,30.88,30.45,266820.0,8234865.0,1544000000.0,4323200000.0
sh600288,大恒科技,2001-03-05,31.0,31.09,30.06,30.15,30.88,360250.0,10929940.0,1507500000.0,4221000000.0
sh600288,大恒科技,2001-03-06,30.1,30.5,30.1,30.35,30.15,194550.0,5875150.0,1517500000.0,4249000000.0
sh600288,大恒科技,2001-03-07,30.4,30.5,30.1,30.21,30.35,223567.0,6773658.0,1510500000.0,4229400000.0
sh600288,大恒科技,2001-03-08,30.47,30.97,30.1,30.86,30.21,358433.0,10991891.0,1543000000.0,4320400000.0
sh600288,大恒科技,2001-03-09,30.91,31.65,30.75,31.2,30.86,649111.0,20335074.0,1560000000.0,4368000000.0
sh600288,大恒科技,2001-03-12,31.3,31.4,30.76,30.91,31.2,356185.0,11030312.0,1545500000.0,4327400000.0
sh600288,大恒科技,2001-03-13,30.72,31.36,30.6,30.68,30.91,250610.0,7739874.0,1534000000.0,4295200000.0
sh600288,大恒科技,2001-03-14,30.65,30.84,30.48,30.69,30.68,256298.0,7858967.0,1534500000.0,4296600000.0
sh600288,大恒科技,2001-03-15,30.71,30.8,30.58,30.58,30.69,360100.0,11028222.0,1529000000.0,4281200000.0
sh600288,大恒科技,2001-03-16,30.6,30.68,30.1,30.28,30.58,443227.0,13411990.0,1514000000.0,4239200000.0
sh600288,大恒科技,2001-03-19,30.25,30.26,29.8,30.04,30.28,412415.0,12325706.0,1502000000.0,4205600000.0
sh600288,大恒科技,2001-03-20,30.04,30.18,29.75,29.8,30.04,597102.0,17842249.0,1490000000.0,4172000000.0
sh600288,大恒科技,2001-03-21,29.8,30.4,29.75,30.15,29.8,439547.0,13215205.0,1507500000.0,4221000000.0
sh600288,大恒科技,2001-03-22,30.2,31.18,30.2,31.1,30.15,659542.0,20287943.0,1555000000.0,4354000000.0
sh600288,大恒科技,2001-03-23,30.38,30.99,30.18,30.26,31.1,502789.0,15312080.0,1513000000.0,4236400000.0
sh600288,大恒科技,2001-03-26,30.18,30.65,30.11,30.59,30.26,370466.0,11251161.0,1529500000.0,4282600000.0
sh600288,大恒科技,2001-03-27,30.8,32.19,30.8,32.04,30.59,1541921.0,48745617.0,1602000000.0,4485600000.0
sh600288,大恒科技,2001-03-28,32.2,32.35,31.65,31.88,32.04,894809.0,28546132.0,1594000000.0,4463200000.0
sh600288,大恒科技,2001-03-29,32.88,32.88,31.71,31.86,31.88,582912.0,18665822.0,1593000000.0,4460400000.0
sh600288,大恒科技,2001-03-30,31.9,32.18,31.36,31.96,31.86,521266.0,16549165.0,1598000000.0,4474400000.0
sh600288,大恒科技,2001-04-02,31.96,32.34,31.78,32.12,31.96,614602.0,19714821.0,1606000000.0,4496800000.0
sh600288,大恒科技,2001-04-03,32.12,32.27,31.45,31.72,32.12,367200.0,11677737.0,1586000000.0,4440800000.0
sh600288,大恒科技,2001-04-04,31.68,31.85,31.16,31.21,31.72,545463.0,17213248.0,1560500000.0,4369400000.0
sh600288,大恒科技,2001-04-05,30.95,31.5,30.9,31.5,31.21,281077.0,8755126.0,1575000000.0,4410000000.0
sh600288,大恒科技,2001-04-06,31.7,32.0,31.4,31.45,31.5,316940.0,10027936.0,1572500000.0,4403000000.0
sh600288,大恒科技,2001-04-09,31.4,31.88,31.35,31.74,31.45,403445.0,12791854.0,1587000000.0,4443600000.0
sh600288,大恒科技,2001-04-10,31.8,32.28,31.76,32.2,31.74,413953.0,13265517.0,1610000000.0,4508000000.0
sh600288,大恒科技,2001-04-11,32.2,32.39,32.0,32.11,32.2,353790.0,11371464.0,1605500000.0,4495400000.0
sh600288,大恒科技,2001-04-12,32.1,32.78,32.0,32.15,32.11,600998.0,19480608.0,1607500000.0,4501000000.0
sh600288,大恒科技,2001-04-13,32.15,32.5,32.0,32.4,32.15,371723.0,11994325.0,1620000000.0,4536000000.0
sh600288,大恒科技,2001-04-16,32.4,33.8,32.4,33.52,32.4,1171936.0,38866514.0,1676000000.0,4692800000.0
sh600288,大恒科技,2001-04-17,33.75,34.3,33.21,34.0,33.52,1183136.0,40032194.0,1700000000.0,4760000000.0
sh600288,大恒科技,2001-04-18,34.0,34.0,33.3,33.34,34.0,577074.0,19369471.0,1667000000.0,4667600000.0
sh600288,大恒科技,2001-04-19,33.2,33.68,32.61,33.25,33.34,555120.0,18369273.0,1662500000.0,4655000000.0
sh600288,大恒科技,2001-04-20,33.55,34.3,33.26,33.26,33.25,893415.0,30330084.0,1663000000.0,4656400000.0
sh600288,大恒科技,2001-04-23,33.1,33.38,32.38,32.6,33.26,608354.0,19911246.0,1630000000.0,4564000000.0
sh600288,大恒科技,2001-04-24,32.6,32.88,32.58,32.65,32.6,282859.0,9237686.0,1632500000.0,4571000000.0
sh600288,大恒科技,2001-04-25,32.66,32.75,31.36,31.55,32.65,624960.0,20024344.0,1577500000.0,4417000000.0
sh600288,大恒科技,2001-04-26,31.5,32.0,31.3,31.32,31.55,410628.0,12927807.0,1566000000.0,4384800000.0
sh600288,大恒科技,2001-04-27,31.3,31.8,31.3,31.52,31.32,270215.0,8522716.0,1576000000.0,4412800000.0
sh600288,大恒科技,2001-04-30,31.52,31.8,31.4,31.76,31.52,331124.0,10450321.0,1588000000.0,4446400000.0
sh600288,大恒科技,2001-05-08,31.6,32.28,31.58,32.2,31.76,193921.0,6194781.0,1610000000.0,4508000000.0
sh600288,大恒科技,2001-05-09,32.15,32.36,31.5,31.6,32.2,255635.0,8136774.0,1580000000.0,4424000000.0
sh600288,大恒科技,2001-05-10,31.65,31.88,31.65,31.79,31.6,144460.0,4590101.0,1589500000.0,4450600000.0
sh600288,大恒科技,2001-05-11,31.98,32.2,31.76,32.1,31.79,140384.0,4476643.0,1605000000.0,4494000000.0
sh600288,大恒科技,2001-05-15,32.88,32.96,32.26,32.68,32.1,514743.0,16792711.0,1634000000.0,4575200000.0
sh600288,大恒科技,2001-05-16,32.8,33.1,32.7,33.08,32.68,636010.0,20922342.0,1654000000.0,4631200000.0
sh600288,大恒科技,2001-05-17,33.14,33.19,32.6,32.8,33.08,371971.0,12209909.0,1640000000.0,4592000000.0
sh600288,大恒科技,2001-05-18,32.8,33.5,32.6,33.06,32.8,742776.0,24573483.0,1653000000.0,4628400000.0
sh600288,大恒科技,2001-05-21,33.13,33.24,32.71,32.86,33.06,474992.0,15631829.0,1643000000.0,4600400000.0
sh600288,大恒科技,2001-05-22,32.99,33.08,32.25,32.27,32.86,391527.0,12723545.0,1613500000.0,4517800000.0
sh600288,大恒科技,2001-05-23,32.3,32.5,31.8,31.91,32.27,330188.0,10570592.0,1595500000.0,4467400000.0
sh600288,大恒科技,2001-05-24,31.91,31.98,31.61,31.66,31.91,374592.0,11886525.0,1583000000.0,4432400000.0
sh600288,大恒科技,2001-05-25,31.65,32.25,31.58,31.82,31.66,197910.0,6291216.0,1591000000.0,4454800000.0
sh600288,大恒科技,2001-05-28,31.7,31.79,30.9,31.08,31.82,481260.0,15047779.0,1554000000.0,4351200000.0
sh600288,大恒科技,2001-05-29,31.0,31.48,30.98,31.28,31.08,142530.0,4455546.0,1564000000.0,4379200000.0
sh600288,大恒科技,2001-05-30,31.28,31.7,31.01,31.7,31.28,794255.0,24914851.0,1585000000.0,4438000000.0
sh600288,大恒科技,2001-05-31,31.99,32.0,31.5,31.62,31.7,210770.0,6671790.0,1581000000.0,4426800000.0
sh600288,大恒科技,2001-06-01,31.63,31.7,31.3,31.39,31.62,250440.0,7860095.0,1569500000.0,4394600000.0
sh600288,大恒科技,2001-06-04,31.35,31.7,31.1,31.32,31.39,313221.0,9799712.0,1566000000.0,4384800000.0
sh600288,大恒科技,2001-06-05,31.31,31.67,31.31,31.45,31.32,210610.0,6638620.0,1572500000.0,4403000000.0
sh600288,大恒科技,2001-06-06,31.52,31.97,31.4,31.97,31.45,239446.0,7577871.0,1598500000.0,4475800000.0
sh600288,大恒科技,2001-06-07,32.0,32.06,31.58,31.62,31.97,212610.0,6742592.0,1581000000.0,4426800000.0
sh600288,大恒科技,2001-06-08,31.6,31.85,31.3,31.4,31.62,257178.0,8088953.0,1570000000.0,4396000000.0
sh600288,大恒科技,2001-06-11,31.58,31.58,31.01,31.16,31.4,293410.0,9151376.0,1558000000.0,4362400000.0
sh600288,大恒科技,2001-06-12,31.1,31.44,31.1,31.29,31.16,203111.0,6347176.0,1564500000.0,4380600000.0
sh600288,大恒科技,2001-06-13,31.32,32.0,31.1,32.0,31.29,467185.0,14735286.0,1600000000.0,4480000000.0
sh600288,大恒科技,2001-06-14,32.1,32.87,31.88,31.88,32.0,849668.0,27496317.0,1594000000.0,4463200000.0
sh600288,大恒科技,2001-06-15,31.7,32.48,31.7,32.37,31.88,505578.0,16294994.0,1618500000.0,4531800000.0
sh600288,大恒科技,2001-06-18,32.5,32.85,32.02,32.28,32.37,506762.0,16430693.0,1614000000.0,4519200000.0
sh600288,大恒科技,2001-06-19,32.12,32.9,32.04,32.68,32.28,470528.0,15325509.0,1634000000.0,4575200000.0
sh600288,大恒科技,2001-06-20,32.65,32.79,32.01,32.05,32.68,286860.0,9282256.0,1602500000.0,4487000000.0
sh600288,大恒科技,2001-06-21,32.1,32.2,31.9,32.15,32.05,190115.0,6087545.0,1607500000.0,4501000000.0
sh600288,大恒科技,2001-06-22,32.29,32.29,32.03,32.09,32.15,202500.0,6510538.0,1604500000.0,4492600000.0
sh600288,大恒科技,2001-06-25,32.04,32.48,31.98,32.4,32.09,288315.0,9291271.0,1620000000.0,4536000000.0
sh600288,大恒科技,2001-06-26,32.4,32.45,32.15,32.18,32.4,195076.0,6296015.0,1609000000.0,4505200000.0
sh600288,大恒科技,2001-06-27,32.2,32.5,31.91,31.93,32.18,276344.0,8852824.0,1596500000.0,4470200000.0
sh600288,大恒科技,2001-06-28,32.0,32.2,31.6,31.68,31.93,243794.0,7769184.0,1584000000.0,4435200000.0
sh600288,大恒科技,2001-06-29,31.7,31.87,31.5,31.58,31.68,232874.0,7358574.0,1579000000.0,4421200000.0
sh600288,大恒科技,2001-07-02,31.44,31.44,31.11,31.15,31.58,174350.0,5443848.0,1557500000.0,4361000000.0
sh600288,大恒科技,2001-07-03,31.15,31.5,31.15,31.46,31.15,101025.0,3158520.0,1573000000.0,4404400000.0
sh600288,大恒科技,2001-07-04,31.48,31.51,31.2,31.2,31.46,102462.0,3207421.0,1560000000.0,4368000000.0
sh600288,大恒科技,2001-07-05,31.2,31.9,31.2,31.33,31.2,141500.0,4427507.0,1566500000.0,4386200000.0
sh600288,大恒科技,2001-07-06,31.4,31.8,31.21,31.37,31.33,81060.0,2553774.0,1568500000.0,4391800000.0
sh600288,大恒科技,2001-07-09,31.18,31.76,31.15,31.3,31.37,101200.0,3169576.0,1565000000.0,4382000000.0
sh600288,大恒科技,2001-07-10,31.31,31.7,31.31,31.45,31.3,61310.0,1926953.0,1572500000.0,4403000000.0
sh600288,大恒科技,2001-07-11,31.5,31.56,31.35,31.35,31.45,52800.0,1659079.0,1567500000.0,4389000000.0
sh600288,大恒科技,2001-07-12,31.2,31.49,31.19,31.25,31.35,107161.0,3348198.0,1562500000.0,4375000000.0
sh600288,大恒科技,2001-07-13,31.31,31.65,31.2,31.39,31.25,120583.0,3779626.0,1569500000.0,4394600000.0
sh600288,大恒科技,2001-07-16,31.41,31.95,30.68,30.8,31.39,181456.0,5643277.0,1540000000.0,4312000000.0
sh600288,大恒科技,2001-07-17,30.7,30.7,29.88,30.12,30.8,283340.0,8552120.0,1506000000.0,4216800000.0
sh600288,大恒科技,2001-07-18,30.58,30.58,30.01,30.04,30.12,124450.0,3750420.0,1502000000.0,4205600000.0
sh600288,大恒科技,2001-07-19,30.2,30.25,30.0,30.15,30.04,84374.0,2542170.0,1507500000.0,4221000000.0
sh600288,大恒科技,2001-07-20,30.3,30.48,30.18,30.42,30.15,226991.0,6881714.0,1521000000.0,4258800000.0
sh600288,大恒科技,2001-07-23,30.5,30.77,30.06,30.13,30.42,205550.0,6206541.0,1506500000.0,4218200000.0
sh600288,大恒科技,2001-07-24,30.1,30.1,29.2,29.4,30.13,406730.0,12009024.0,1470000000.0,4116000000.0
sh600288,大恒科技,2001-07-25,29.4,29.4,28.79,28.8,29.4,359500.0,10421732.0,1440000000.0,4032000000.0
sh600288,大恒科技,2001-07-26,28.8,29.08,27.0,27.8,28.8,493900.0,13952318.0,1390000000.0,3892000000.0
sh600288,大恒科技,2001-07-27,27.8,28.0,26.9,26.93,27.8,499762.0,13553947.0,1346500000.0,3770200000.0
sh600288,大恒科技,2001-07-30,26.8,26.8,24.8,24.98,26.93,615241.0,15610225.0,1249000000.0,3497200000.0
sh600288,大恒科技,2001-07-31,24.98,25.5,24.2,24.5,24.98,458589.0,11353664.0,1225000000.0,3430000000.0
sh600288,大恒科技,2001-08-01,24.55,25.75,24.55,25.62,24.5,443995.0,11225664.0,1281000000.0,3586800000.0
sh600288,大恒科技,2001-08-02,25.68,25.74,24.3,25.24,25.62,353949.0,8833110.0,1262000000.0,3533600000.0
sh600288,大恒科技,2001-08-03,25.45,25.45,24.9,25.1,25.24,108910.0,2729113.0,1255000000.0,3514000000.0
sh600288,大恒科技,2001-08-06,25.1,25.1,22.65,23.3,25.1,444730.0,10527694.0,1165000000.0,3262000000.0
sh600288,大恒科技,2001-08-07,23.2,24.74,22.8,24.01,23.3,374489.0,8798787.0,1200500000.0,3361400000.0
sh600288,大恒科技,2001-08-08,23.94,24.38,23.6,23.99,24.01,148455.0,3564712.0,1199500000.0,3358600000.0
sh600288,大恒科技,2001-08-09,24.01,24.6,24.0,24.49,23.99,152330.0,3719197.0,1224500000.0,3428600000.0
sh600288,大恒科技,2001-08-10,24.45,25.13,24.45,25.01,24.49,346746.0,8638711.0,1250500000.0,3501400000.0
sh600288,大恒科技,2001-08-13,25.0,26.01,24.8,25.7,25.01,438684.0,11200364.0,1285000000.0,3598000000.0
sh600288,大恒科技,2001-08-14,25.7,25.85,24.84,25.19,25.7,328277.0,8314986.0,1259500000.0,3526600000.0
sh600288,大恒科技,2001-08-15,25.38,25.55,25.19,25.41,25.19,119330.0,3034159.0,1270500000.0,3557400000.0
sh600288,大恒科技,2001-08-16,25.55,25.55,24.88,24.9,25.41,220419.0,5509358.0,1245000000.0,3486000000.0
sh600288,大恒科技,2001-08-17,25.0,25.0,24.5,24.85,24.9,97266.0,2412446.0,1242500000.0,3479000000.0
sh600288,大恒科技,2001-08-20,24.91,25.35,24.7,25.35,24.85,103685.0,2599714.0,1267500000.0,3549000000.0
sh600288,大恒科技,2001-08-21,25.38,25.7,25.0,25.18,25.35,213160.0,5417002.0,1259000000.0,3525200000.0
sh600288,大恒科技,2001-08-22,25.0,25.0,24.5,24.67,25.18,191435.0,4729174.0,1233500000.0,3453800000.0
sh600288,大恒科技,2001-08-23,24.4,24.8,23.83,24.61,24.67,200198.0,4829856.0,1230500000.0,3445400000.0
sh600288,大恒科技,2001-08-24,24.69,24.8,24.18,24.3,24.61,81649.0,2000680.0,1215000000.0,3402000000.0
sh600288,大恒科技,2001-08-27,24.1,24.1,23.3,23.34,24.3,296020.0,6975642.0,1167000000.0,3267600000.0
sh600288,大恒科技,2001-08-28,23.15,24.1,22.9,24.1,23.34,210966.0,4957236.0,1205000000.0,3374000000.0
sh600288,大恒科技,2001-08-29,24.1,24.79,23.98,24.32,24.1,212440.0,5199908.0,1216000000.0,3404800000.0
sh600288,大恒科技,2001-08-30,24.1,24.47,24.01,24.1,24.32,59350.0,1437436.0,1205000000.0,3374000000.0
sh600288,大恒科技,2001-08-31,24.1,24.3,24.1,24.15,24.1,48950.0,1183041.0,1207500000.0,3381000000.0
sh600288,大恒科技,2001-09-03,24.0,24.5,23.85,24.2,24.1,78600.0,1893924.0,1210000000.0,3388000000.0
sh600288,大恒科技,2001-09-04,24.3,25.39,24.3,25.2,24.2,329654.0,8221981.0,1260000000.0,3528000000.0
sh600288,大恒科技,2001-09-05,25.34,25.95,25.15,25.21,25.2,513754.0,13109941.0,1260500000.0,3529400000.0
sh600288,大恒科技,2001-09-06,25.22,25.5,24.99,25.04,25.21,189900.0,4780830.0,1252000000.0,3505600000.0
sh600288,大恒科技,2001-09-07,25.0,25.1,24.0,24.0,25.04,253000.0,6199267.0,1200000000.0,3360000000.0
sh600288,大恒科技,2001-09-10,23.8,25.36,23.51,25.06,24.0,242595.0,5979208.0,1253000000.0,3508400000.0
sh600288,大恒科技,2001-09-11,25.1,25.69,24.9,25.25,25.06,299545.0,7585837.0,1262500000.0,3535000000.0
sh600288,大恒科技,2001-09-12,24.61,25.16,24.1,25.16,25.25,386832.0,9566000.0,1258000000.0,3522400000.0
sh600288,大恒科技,2001-09-13,25.1,25.72,25.0,25.45,25.16,395232.0,10057997.0,1272500000.0,3563000000.0
sh600288,大恒科技,2001-09-14,25.45,25.7,24.81,25.03,25.45,178209.0,4495323.0,1251500000.0,3504200000.0
sh600288,大恒科技,2001-09-17,24.85,25.2,24.55,24.68,25.03,171008.0,4240952.0,1234000000.0,3455200000.0
sh600288,大恒科技,2001-09-18,24.66,25.3,24.61,25.1,24.68,173650.0,4340258.0,1255000000.0,3514000000.0
sh600288,大恒科技,2001-09-19,25.01,25.95,24.9,25.81,25.1,459800.0,11771684.0,1290500000.0,3613400000.0
sh600288,大恒科技,2001-09-21,25.8,25.8,25.3,25.45,25.81,261280.0,6662725.0,1272500000.0,3563000000.0
sh600288,大恒科技,2001-09-24,25.4,26.15,25.35,26.0,25.45,668669.0,17283399.0,1300000000.0,3640000000.0
sh600288,大恒科技,2001-09-25,26.16,26.3,25.91,26.0,26.0,393418.0,10254859.0,1300000000.0,3640000000.0
sh600288,大恒科技,2001-09-26,26.01,26.15,25.5,25.54,26.0,228148.0,5855587.0,1277000000.0,3575600000.0
sh600288,大恒科技,2001-09-27,25.54,26.1,25.43,25.83,25.54,275679.0,7101303.0,1291500000.0,3616200000.0
sh600288,大恒科技,2001-09-28,25.86,26.19,25.55,25.86,25.83,307034.0,7952818.0,1293000000.0,3620400000.0
sh600288,大恒科技,2001-10-08,25.88,26.14,24.4,25.0,25.86,277809.0,6990174.0,1250000000.0,3500000000.0
sh600288,大恒科技,2001-10-09,24.89,25.4,24.84,25.0,25.0,165800.0,4149905.0,1250000000.0,3500000000.0
sh600288,大恒科技,2001-10-10,25.0,25.0,23.5,23.51,25.0,628048.0,14995806.0,1175500000.0,3291400000.0
sh600288,大恒科技,2001-10-11,23.42,24.0,22.99,23.0,23.51,307450.0,7155966.0,1150000000.0,3220000000.0
sh600288,大恒科技,2001-10-12,23.1,24.09,22.65,23.8,23.0,361809.0,8483024.0,1190000000.0,3332000000.0
sh600288,大恒科技,2001-10-15,23.89,24.1,23.5,23.8,23.8,162700.0,3881031.0,1190000000.0,3332000000.0
sh600288,大恒科技,2001-10-16,24.0,24.3,23.2,23.3,23.8,117922.0,2769843.0,1165000000.0,3262000000.0
sh600288,大恒科技,2001-10-17,23.1,23.4,22.81,23.06,23.3,125671.0,2890923.0,1153000000.0,3228400000.0
sh600288,大恒科技,2001-10-18,23.5,23.5,21.68,21.81,23.06,344838.0,7700607.0,1090500000.0,3053400000.0
sh600288,大恒科技,2001-10-19,21.58,21.75,19.8,20.42,21.81,735470.0,15046240.0,1021000000.0,2858800000.0
sh600288,大恒科技,2001-10-22,20.12,20.7,19.89,19.9,20.42,291590.0,5875019.0,995000000.0,2786000000.0
sh600288,大恒科技,2001-10-23,21.89,21.89,21.25,21.89,19.9,710733.0,15535027.0,1094500000.0,3064600000.0
sh600288,大恒科技,2001-10-24,22.88,24.0,22.88,23.6,21.89,1334450.0,31340890.0,1180000000.0,3304000000.0
sh600288,大恒科技,2001-10-25,23.5,24.0,22.8,23.01,23.6,549966.0,12847351.0,1150500000.0,3221400000.0
sh600288,大恒科技,2001-10-26,23.0,23.28,22.5,23.01,23.01,295410.0,6747787.0,1150500000.0,3221400000.0
sh600288,大恒科技,2001-10-29,23.0,23.3,22.98,23.1,23.01,112651.0,2602645.0,1155000000.0,3234000000.0
sh600288,大恒科技,2001-10-30,23.1,23.13,22.6,22.6,23.1,112909.0,2567223.0,1130000000.0,3164000000.0
sh600288,大恒科技,2001-10-31,22.5,22.6,22.01,22.33,22.6,135560.0,3014267.0,1116500000.0,3126200000.0
sh600288,大恒科技,2001-11-01,22.38,22.94,22.38,22.74,22.33,72380.0,1640689.0,1137000000.0,3183600000.0
sh600288,大恒科技,2001-11-02,22.61,22.7,22.38,22.38,22.74,95817.0,2153721.0,1119000000.0,3133200000.0
sh600288,大恒科技,2001-11-05,22.1,22.38,21.9,21.96,22.38,169414.0,3729215.0,1098000000.0,3074400000.0
sh600288,大恒科技,2001-11-06,21.95,22.12,21.83,21.92,21.96,92400.0,2030232.0,1096000000.0,3068800000.0
sh600288,大恒科技,2001-11-07,21.98,21.98,20.0,20.2,21.92,265750.0,5540042.0,1010000000.0,2828000000.0
sh600288,大恒科技,2001-11-08,19.8,20.59,19.5,20.35,20.2,284031.0,5677709.0,1017500000.0,2849000000.0
sh600288,大恒科技,2001-11-09,20.5,20.85,19.81,20.7,20.35,140313.0,2868747.0,1035000000.0,2898000000.0
sh600288,大恒科技,2001-11-12,20.5,20.7,20.22,20.3,20.7,107285.0,2196670.0,1015000000.0,2842000000.0
sh600288,大恒科技,2001-11-13,20.0,20.21,19.91,20.03,20.3,82209.0,1650295.0,1001500000.0,2804200000.0
sh600288,大恒科技,2001-11-14,20.21,20.51,20.21,20.5,20.03,92100.0,1877864.0,1025000000.0,2870000000.0
sh600288,大恒科技,2001-11-15,20.48,20.6,20.3,20.53,20.5,90050.0,1850043.0,1026500000.0,2874200000.0
sh600288,大恒科技,2001-11-16,22.58,22.58,21.1,21.13,20.53,506082.0,11000803.0,1056500000.0,2958200000.0
sh600288,大恒科技,2001-11-19,21.0,21.58,21.0,21.57,21.13,113361.0,2423010.0,1078500000.0,3019800000.0
sh600288,大恒科技,2001-11-20,21.62,22.3,21.56,22.08,21.57,272324.0,5997814.0,1104000000.0,3091200000.0
sh600288,大恒科技,2001-11-21,22.0,22.18,21.8,21.94,22.08,167271.0,3670280.0,1097000000.0,3071600000.0
sh600288,大恒科技,2001-11-22,21.94,22.18,21.8,22.05,21.94,157219.0,3456780.0,1102500000.0,3087000000.0
sh600288,大恒科技,2001-11-23,22.3,22.35,21.78,21.95,22.05,144862.0,3179409.0,1097500000.0,3073000000.0
sh600288,大恒科技,2001-11-26,21.66,21.9,21.5,21.65,21.95,84920.0,1838383.0,1082500000.0,3031000000.0
sh600288,大恒科技,2001-11-27,21.7,21.99,21.6,21.92,21.65,65000.0,1420040.0,1096000000.0,3068800000.0
sh600288,大恒科技,2001-11-28,22.0,23.09,22.0,22.52,21.92,566394.0,12842082.0,1126000000.0,3152800000.0
sh600288,大恒科技,2001-11-29,22.52,22.73,22.35,22.55,22.52,154437.0,3483172.0,1127500000.0,3157000000.0
sh600288,大恒科技,2001-11-30,22.5,22.75,22.33,22.7,22.55,137472.0,3109513.0,1135000000.0,3178000000.0
sh600288,大恒科技,2001-12-03,22.8,23.2,22.8,22.9,22.7,317990.0,7317963.0,1145000000.0,3206000000.0
sh600288,大恒科技,2001-12-04,22.99,23.0,22.8,22.96,22.9,129090.0,2956282.0,1148000000.0,3214400000.0
sh600288,大恒科技,2001-12-05,22.98,23.18,22.52,22.53,22.96,266200.0,6061758.0,1126500000.0,3154200000.0
sh600288,大恒科技,2001-12-06,22.55,23.29,22.5,23.27,22.53,446779.0,10302103.0,1163500000.0,3257800000.0
sh600288,大恒科技,2001-12-07,23.28,23.4,23.06,23.27,23.27,198828.0,4616620.0,1163500000.0,3257800000.0
sh600288,大恒科技,2001-12-10,23.15,23.4,22.95,23.19,23.27,142200.0,3272999.0,1159500000.0,3246600000.0
sh600288,大恒科技,2001-12-11,23.19,23.2,22.61,22.66,23.19,76120.0,1742286.0,1133000000.0,3172400000.0
sh600288,大恒科技,2001-12-12,22.6,22.66,22.25,22.28,22.66,135900.0,3046747.0,1114000000.0,3119200000.0
sh600288,大恒科技,2001-12-13,22.58,22.65,21.95,21.97,22.28,176650.0,3904021.0,1098500000.0,3075800000.0
sh600288,大恒科技,2001-12-14,21.98,21.98,21.68,21.7,21.97,91853.0,2002546.0,1085000000.0,3038000000.0
sh600288,大恒科技,2001-12-17,21.5,21.68,21.17,21.18,21.7,95800.0,2051741.0,1059000000.0,2965200000.0
sh600288,大恒科技,2001-12-18,21.18,21.68,21.18,21.63,21.18,82054.0,1758172.0,1081500000.0,3028200000.0
sh600288,大恒科技,2001-12-19,21.62,21.85,21.46,21.46,21.63,72000.0,1555922.0,1073000000.0,3004400000.0
sh600288,大恒科技,2001-12-20,21.0,21.39,21.0,21.09,21.46,94290.0,1991865.0,1054500000.0,2952600000.0
sh600288,大恒科技,2001-12-21,21.36,21.36,21.01,21.22,21.09,66310.0,1404361.0,1061000000.0,2970800000.0
sh600288,大恒科技,2001-12-24,21.79,21.79,20.75,20.86,21.22,87064.0,1827089.0,1043000000.0,2920400000.0
sh600288,大恒科技,2001-12-25,20.75,20.9,20.4,20.81,20.86,28580.0,593367.0,1040500000.0,2913400000.0
sh600288,大恒科技,2001-12-26,21.0,21.0,20.7,21.0,20.81,68384.0,1429659.0,1050000000.0,2940000000.0
sh600288,大恒科技,2001-12-27,21.2,21.36,20.7,21.0,21.0,119330.0,2510859.0,1050000000.0,2940000000.0
sh600288,大恒科技,2001-12-28,21.01,21.4,20.9,21.36,21.0,190482.0,4013097.0,1068000000.0,2990400000.0
sh600288,大恒科技,2001-12-31,21.3,21.78,21.3,21.42,21.36,138120.0,2975231.0,1071000000.0,2998800000.0
sh600288,大恒科技,2002-01-04,21.42,21.8,20.9,20.98,21.42,74600.0,1576724.0,1049000000.0,2937200000.0
sh600288,大恒科技,2002-01-07,20.98,20.98,20.61,20.7,20.98,66450.0,1374064.0,1035000000.0,2898000000.0
sh600288,大恒科技,2002-01-08,20.7,20.8,20.51,20.52,20.7,58050.0,1198982.0,1026000000.0,2872800000.0
sh600288,大恒科技,2002-01-09,20.5,20.5,19.9,20.03,20.52,241101.0,4844785.0,1001500000.0,2804200000.0
sh600288,大恒科技,2002-01-10,19.95,20.68,19.71,20.4,20.03,183698.0,3665739.0,1020000000.0,2856000000.0
sh600288,大恒科技,2002-01-11,20.35,20.4,19.9,19.9,20.4,89330.0,1793139.0,995000000.0,2786000000.0
sh600288,大恒科技,2002-01-14,20.0,20.0,18.88,18.97,19.9,297613.0,5706260.0,948500000.0,2655800000.0
sh600288,大恒科技,2002-01-15,18.95,19.1,18.2,18.2,18.97,192800.0,3608535.0,910000000.0,2548000000.0
sh600288,大恒科技,2002-01-16,18.2,18.59,17.5,18.31,18.2,220601.0,3976345.0,915500000.0,2563400000.0
sh600288,大恒科技,2002-01-17,18.2,18.3,16.8,16.86,18.31,234697.0,4068844.0,843000000.0,2360400000.0
sh600288,大恒科技,2002-01-18,16.58,17.48,16.52,17.02,16.86,333196.0,5685327.0,851000000.0,2382800000.0
sh600288,大恒科技,2002-01-21,16.8,17.1,16.5,16.7,17.02,212945.0,3561449.0,835000000.0,2338000000.0
sh600288,大恒科技,2002-01-22,16.7,17.97,16.6,17.24,16.7,421310.0,7334077.0,862000000.0,2413600000.0
sh600288,大恒科技,2002-01-23,17.3,18.8,17.3,18.78,17.24,779596.0,14094584.0,939000000.0,2629200000.0
sh600288,大恒科技,2002-01-24,18.67,19.2,18.01,18.62,18.78,697699.0,13067540.0,931000000.0,2606800000.0
sh600288,大恒科技,2002-01-25,18.33,18.96,18.3,18.46,18.62,350027.0,6533012.0,923000000.0,2584400000.0
sh600288,大恒科技,2002-01-28,18.4,18.4,16.8,16.9,18.46,494200.0,8673122.0,845000000.0,2366000000.0
sh600288,大恒科技,2002-01-29,16.8,18.0,16.71,17.55,16.9,309701.0,5408313.0,877500000.0,2457000000.0
sh600288,大恒科技,2002-01-30,17.61,17.8,17.25,17.55,17.55,145115.0,2540189.0,877500000.0,2457000000.0
sh600288,大恒科技,2002-01-31,17.98,19.25,17.88,18.94,17.55,778558.0,14581633.0,947000000.0,2651600000.0
sh600288,大恒科技,2002-02-01,19.12,19.24,18.73,18.83,18.94,496355.0,9421948.0,941500000.0,2636200000.0
sh600288,大恒科技,2002-02-04,18.83,19.15,18.6,19.08,18.83,306877.0,5818824.0,954000000.0,2671200000.0
sh600288,大恒科技,2002-02-05,18.8,19.08,18.8,18.92,19.08,189691.0,3588613.0,946000000.0,2648800000.0
sh600288,大恒科技,2002-02-06,18.92,19.0,18.36,18.4,18.92,190325.0,3560493.0,920000000.0,2576000000.0
sh600288,大恒科技,2002-02-07,18.38,19.38,18.25,19.12,18.4,425884.0,8121545.0,956000000.0,2676800000.0
sh600288,大恒科技,2002-02-08,19.32,19.48,18.88,18.9,19.12,283730.0,5450010.0,945000000.0,2646000000.0
sh600288,大恒科技,2002-02-25,19.5,19.6,19.12,19.14,18.9,252410.0,4882727.0,957000000.0,2679600000.0
sh600288,大恒科技,2002-02-26,19.1,19.1,18.68,18.9,19.14,131113.0,2463952.0,945000000.0,2646000000.0
sh600288,大恒科技,2002-02-27,18.95,19.09,18.8,18.86,18.9,100212.0,1892371.0,943000000.0,2640400000.0
sh600288,大恒科技,2002-02-28,18.73,19.13,18.71,18.74,18.86,106345.0,2005578.0,937000000.0,2623600000.0
sh600288,大恒科技,2002-03-01,18.74,18.95,18.6,18.66,18.74,103400.0,1940168.0,933000000.0,2612400000.0
sh600288,大恒科技,2002-03-04,18.57,18.95,18.5,18.91,18.66,100566.0,1885268.0,945500000.0,2647400000.0
sh600288,大恒科技,2002-03-05,18.91,19.48,18.9,19.35,18.91,335846.0,6484630.0,967500000.0,2709000000.0
sh600288,大恒科技,2002-03-06,19.48,19.88,19.25,19.32,19.35,499639.0,9783083.0,966000000.0,2704800000.0
sh600288,大恒科技,2002-03-07,19.38,19.98,19.38,19.94,19.32,455492.0,8936130.0,997000000.0,2791600000.0
sh600288,大恒科技,2002-03-08,20.02,20.88,19.95,20.5,19.94,901189.0,18365059.0,1025000000.0,2870000000.0
sh600288,大恒科技,2002-03-11,20.62,20.68,20.28,20.52,20.5,487094.0,9957119.0,1026000000.0,2872800000.0
sh600288,大恒科技,2002-03-12,20.58,20.7,20.06,20.08,20.52,499895.0,10196359.0,1004000000.0,2811200000.0
sh600288,大恒科技,2002-03-13,19.8,20.22,19.7,19.77,20.08,301342.0,6008338.0,988500000.0,2767800000.0
sh600288,大恒科技,2002-03-14,19.9,20.4,19.85,20.27,19.77,240691.0,4822352.0,1013500000.0,2837800000.0
sh600288,大恒科技,2002-03-15,20.3,20.5,19.7,19.7,20.27,355200.0,7183752.0,985000000.0,2758000000.0
sh600288,大恒科技,2002-03-18,19.95,20.38,19.5,19.6,19.7,232288.0,4586757.0,980000000.0,2744000000.0
sh600288,大恒科技,2002-03-19,19.55,20.56,19.55,20.5,19.6,383704.0,7793504.0,1025000000.0,2870000000.0
sh600288,大恒科技,2002-03-20,20.5,21.47,20.42,21.18,20.5,1350694.0,28457331.0,1059000000.0,2965200000.0
sh600288,大恒科技,2002-03-21,21.66,21.9,21.15,21.37,21.18,795225.0,17063289.0,1068500000.0,2991800000.0
sh600288,大恒科技,2002-03-22,21.3,21.38,20.71,20.88,21.37,322200.0,6740341.0,1044000000.0,2923200000.0
sh600288,大恒科技,2002-03-25,21.51,22.3,21.01,22.01,20.88,1577459.0,34526055.0,1100500000.0,3081400000.0
sh600288,大恒科技,2002-03-26,21.98,23.18,21.83,23.08,22.01,2707371.0,61603798.0,1154000000.0,3231200000.0
sh600288,大恒科技,2002-03-27,23.08,23.1,22.62,23.0,23.08,1191943.0,27303376.0,1150000000.0,3220000000.0
sh600288,大恒科技,2002-03-28,23.08,23.2,22.75,23.01,23.0,643829.0,14785091.0,1150500000.0,3221400000.0
sh600288,大恒科技,2002-03-29,22.9,23.15,22.0,22.18,23.01,845380.0,18997160.0,1109000000.0,3105200000.0
sh600288,大恒科技,2002-04-01,22.0,22.71,21.98,22.62,22.18,581686.0,13018922.0,1131000000.0,3166800000.0
sh600288,大恒科技,2002-04-02,22.62,22.62,21.6,21.78,22.62,516845.0,11362597.0,1089000000.0,3049200000.0
sh600288,大恒科技,2002-04-03,21.76,22.0,21.48,21.61,21.78,396827.0,8623285.0,1080500000.0,3025400000.0
sh600288,大恒科技,2002-04-04,21.5,22.6,21.4,22.4,21.61,497901.0,10925935.0,1120000000.0,3136000000.0
sh600288,大恒科技,2002-04-05,22.45,22.56,22.0,22.11,22.4,300959.0,6694525.0,1105500000.0,3095400000.0
sh600288,大恒科技,2002-04-08,22.02,22.3,21.82,21.88,22.11,163710.0,3599715.0,1094000000.0,3063200000.0
sh600288,大恒科技,2002-04-09,21.7,22.4,21.66,22.29,21.88,255345.0,5656512.0,1114500000.0,3120600000.0
sh600288,大恒科技,2002-04-10,22.41,22.75,22.2,22.56,22.29,291114.0,6558215.0,1128000000.0,3158400000.0
sh600288,大恒科技,2002-04-11,22.5,22.7,22.1,22.11,22.56,234920.0,5255606.0,1105500000.0,3095400000.0
sh600288,大恒科技,2002-04-12,22.11,22.55,22.1,22.21,22.11,132400.0,2947281.0,1110500000.0,3109400000.0
sh600288,大恒科技,2002-04-15,22.35,22.52,22.1,22.28,22.21,187658.0,4193972.0,1114000000.0,3119200000.0
sh600288,大恒科技,2002-04-16,22.2,22.89,22.18,22.44,22.28,254923.0,5722091.0,1122000000.0,3141600000.0
sh600288,大恒科技,2002-04-17,22.67,22.75,22.3,22.6,22.44,318789.0,7187901.0,1130000000.0,3164000000.0
sh600288,大恒科技,2002-04-18,22.7,22.7,22.01,22.14,22.6,201800.0,4509816.0,1107000000.0,3099600000.0
sh600288,大恒科技,2002-04-19,22.0,22.25,21.56,22.15,22.14,416481.0,9082985.0,1107500000.0,3101000000.0
sh600288,大恒科技,2002-04-22,21.78,22.05,21.68,21.86,22.15,170269.0,3709970.0,1093000000.0,3060400000.0
sh600288,大恒科技,2002-04-23,21.88,21.95,21.58,21.68,21.86,132429.0,2874012.0,1084000000.0,3035200000.0
sh600288,大恒科技,2002-04-24,21.68,21.68,21.01,21.2,21.68,231376.0,4937333.0,1060000000.0,2968000000.0
sh600288,大恒科技,2002-04-25,21.23,21.5,21.1,21.39,21.2,86626.0,1848435.0,1069500000.0,2994600000.0
sh600288,大恒科技,2002-04-26,21.43,21.87,21.39,21.72,21.39,121631.0,2639142.0,1086000000.0,3040800000.0
sh600288,大恒科技,2002-04-29,21.75,22.1,21.55,22.01,21.72,239898.0,5248638.0,1100500000.0,3081400000.0
sh600288,大恒科技,2002-04-30,21.9,22.14,21.8,22.0,22.01,228300.0,5017345.0,1100000000.0,3080000000.0
sh600288,大恒科技,2002-05-08,22.5,22.5,21.8,21.89,22.0,96482.0,2120557.0,1094500000.0,3064600000.0
sh600288,大恒科技,2002-05-09,21.75,21.96,21.55,21.61,21.89,130000.0,2828268.0,1080500000.0,3025400000.0
sh600288,大恒科技,2002-05-10,21.62,22.1,21.61,21.61,21.61,72605.0,1578001.0,1080500000.0,3025400000.0
sh600288,大恒科技,2002-05-13,21.51,21.7,21.3,21.44,21.61,123305.0,2641484.0,1072000000.0,3001600000.0
sh600288,大恒科技,2002-05-14,21.4,22.19,21.4,21.5,21.44,176810.0,3850194.0,1075000000.0,3010000000.0
sh600288,大恒科技,2002-05-15,21.45,21.7,21.2,21.25,21.5,115554.0,2470974.0,1062500000.0,2975000000.0
sh600288,大恒科技,2002-05-16,21.08,21.24,20.08,20.24,21.25,293237.0,6078738.0,1012000000.0,2833600000.0
sh600288,大恒科技,2002-05-17,20.3,20.75,20.15,20.63,20.24,217992.0,4439720.0,1031500000.0,2888200000.0
sh600288,大恒科技,2002-05-20,20.4,20.4,19.81,20.14,20.63,158940.0,3186617.0,1007000000.0,2819600000.0
sh600288,大恒科技,2002-05-21,21.0,21.2,20.52,20.75,20.14,275446.0,5745517.0,1037500000.0,2905000000.0
sh600288,大恒科技,2002-05-22,20.8,20.88,20.2,20.26,20.75,145700.0,2988963.0,1013000000.0,2836400000.0
sh600288,大恒科技,2002-05-23,20.4,20.7,20.21,20.28,20.26,98870.0,2019316.0,1014000000.0,2839200000.0
sh600288,大恒科技,2002-05-24,20.3,20.3,19.92,19.97,20.28,129680.0,2595815.0,998500000.0,2795800000.0
sh600288,大恒科技,2002-05-27,20.48,20.65,19.98,20.19,19.97,112403.0,2254645.0,1009500000.0,2826600000.0
sh600288,大恒科技,2002-05-28,20.3,20.59,20.18,20.4,20.19,84004.0,1714012.0,1020000000.0,2856000000.0
sh600288,大恒科技,2002-05-29,20.22,20.23,19.85,19.97,20.4,187213.0,3738803.0,998500000.0,2795800000.0
sh600288,大恒科技,2002-05-30,19.92,19.97,19.51,19.6,19.97,155583.0,3066242.0,980000000.0,2744000000.0
sh600288,大恒科技,2002-05-31,19.61,19.8,19.4,19.42,19.6,76924.0,1503570.0,971000000.0,2718800000.0
sh600288,大恒科技,2002-06-03,19.39,19.39,18.49,18.58,19.42,299500.0,5602510.0,929000000.0,2601200000.0
sh600288,大恒科技,2002-06-04,18.58,18.89,18.5,18.88,18.58,172249.0,3217938.0,944000000.0,2643200000.0
sh600288,大恒科技,2002-06-05,18.68,18.72,18.4,18.48,18.88,80368.0,1492384.0,924000000.0,2587200000.0
sh600288,大恒科技,2002-06-06,18.41,19.6,18.41,19.29,18.48,190970.0,3648565.0,964500000.0,2700600000.0
sh600288,大恒科技,2002-06-07,19.5,19.55,19.02,19.34,19.29,157851.0,3054970.0,967000000.0,2707600000.0
sh600288,大恒科技,2002-06-10,19.3,19.3,19.01,19.16,19.34,88501.0,1694580.0,958000000.0,2682400000.0
sh600288,大恒科技,2002-06-11,19.2,19.49,19.05,19.25,19.16,42803.0,824884.0,962500000.0,2695000000.0
sh600288,大恒科技,2002-06-12,19.21,19.38,19.14,19.18,19.25,37950.0,728407.0,959000000.0,2685200000.0
sh600288,大恒科技,2002-06-13,19.2,19.29,18.91,18.92,19.18,56577.0,1081729.0,946000000.0,2648800000.0
sh600288,大恒科技,2002-06-14,18.78,19.0,18.65,18.7,18.92,60736.0,1143651.0,935000000.0,2618000000.0
sh600288,大恒科技,2002-06-17,18.6,18.72,18.5,18.67,18.7,45902.0,853647.0,933500000.0,2613800000.0
sh600288,大恒科技,2002-06-18,18.77,19.16,18.75,19.12,18.67,62205.0,1184417.0,956000000.0,2676800000.0
sh600288,大恒科技,2002-06-19,19.15,19.15,18.96,18.98,19.12,31820.0,605642.0,949000000.0,2657200000.0
sh600288,大恒科技,2002-06-20,19.0,19.24,19.0,19.1,18.98,58171.0,1114703.0,955000000.0,2674000000.0
sh600288,大恒科技,2002-06-21,19.25,19.9,19.05,19.7,19.1,176625.0,3470845.0,985000000.0,2758000000.0
sh600288,大恒科技,2002-06-24,21.67,21.67,20.88,21.67,19.7,1111750.0,23863015.0,1083500000.0,3033800000.0
sh600288,大恒科技,2002-06-25,22.0,22.0,20.58,21.42,21.67,817971.0,17674931.0,1071000000.0,2998800000.0
sh600288,大恒科技,2002-06-26,21.21,22.15,21.19,21.86,21.42,763221.0,16578051.0,1093000000.0,3060400000.0
sh600288,大恒科技,2002-06-27,21.86,21.89,21.6,21.83,21.86,345460.0,7500170.0,1091500000.0,3056200000.0
sh600288,大恒科技,2002-06-28,21.8,21.85,21.3,21.59,21.83,383224.0,8263445.0,1079500000.0,3022600000.0
sh600288,大恒科技,2002-07-02,21.5,21.55,21.18,21.46,21.59,251854.0,5366137.0,1073000000.0,3004400000.0
sh600288,大恒科技,2002-07-03,21.4,21.88,21.01,21.56,21.46,167460.0,3592852.0,1078000000.0,3018400000.0
sh600288,大恒科技,2002-07-04,21.5,21.5,21.2,21.39,21.56,151907.0,3238434.0,1069500000.0,2994600000.0
sh600288,大恒科技,2002-07-05,21.5,21.7,21.25,21.58,21.39,145880.0,3137714.0,1079000000.0,3021200000.0
sh600288,大恒科技,2002-07-08,21.57,21.75,21.4,21.63,21.58,140283.0,3030689.0,1081500000.0,3028200000.0
sh600288,大恒科技,2002-07-09,21.7,21.7,21.43,21.56,21.63,98100.0,2110775.0,1078000000.0,3018400000.0
sh600288,大恒科技,2002-07-10,21.45,21.5,21.02,21.1,21.56,162728.0,3444485.0,1055000000.0,2954000000.0
sh600288,大恒科技,2002-07-11,21.01,21.16,21.0,21.04,21.1,159358.0,3356166.0,1052000000.0,2945600000.0
sh600288,大恒科技,2002-07-12,21.06,21.1,20.92,20.94,21.04,170139.0,3572716.0,1047000000.0,2931600000.0
sh600288,大恒科技,2002-07-15,21.19,22.15,21.0,21.74,20.94,917875.0,19909009.0,1087000000.0,3043600000.0
sh600288,大恒科技,2002-07-16,21.72,21.88,21.5,21.6,21.74,234504.0,5069098.0,1080000000.0,3024000000.0
sh600288,大恒科技,2002-07-17,21.58,21.75,21.41,21.73,21.6,196437.0,4231921.0,1086500000.0,3042200000.0
sh600288,大恒科技,2002-07-18,21.78,21.88,21.61,21.66,21.73,392070.0,8512070.0,1083000000.0,3032400000.0
sh600288,DR大恒科,2002-07-19,14.37,14.4,14.05,14.3,14.37,192411.0,2752450.0,715000000.0,2002000000.0
sh600288,大恒科技,2002-07-22,14.3,14.88,13.87,14.09,14.3,392584.0,5573601.0,1056750000.0,2958900000.0
sh600288,大恒科技,2002-07-23,14.0,14.1,13.81,13.9,14.09,190086.0,2651027.0,1042500000.0,2919000000.0
sh600288,大恒科技,2002-07-24,13.83,13.93,13.8,13.85,13.9,181257.0,2506787.0,1038750000.0,2908500000.0
sh600288,大恒科技,2002-07-25,13.9,13.93,13.65,13.73,13.85,206823.0,2846208.0,1029750000.0,2883300000.0
sh600288,大恒科技,2002-07-26,13.8,14.45,13.8,13.82,13.73,253714.0,3566174.0,1036500000.0,2902200000.0
sh600288,大恒科技,2002-07-29,13.79,13.84,13.7,13.83,13.82,105445.0,1451873.0,1037250000.0,2904300000.0
sh600288,大恒科技,2002-07-30,13.85,13.9,13.75,13.85,13.83,118765.0,1638379.0,1038750000.0,2908500000.0
sh600288,大恒科技,2002-07-31,13.9,13.9,13.73,13.74,13.85,118400.0,1634039.0,1030500000.0,2885400000.0
sh600288,大恒科技,2002-08-01,13.7,13.77,13.53,13.7,13.74,104679.0,1429131.0,1027500000.0,2877000000.0
sh600288,大恒科技,2002-08-02,13.7,13.72,13.6,13.7,13.7,80793.0,1104714.0,1027500000.0,2877000000.0
sh600288,大恒科技,2002-08-05,13.7,13.7,13.5,13.57,13.7,76955.0,1045541.0,1017750000.0,2849700000.0
sh600288,大恒科技,2002-08-06,13.51,13.81,13.5,13.68,13.57,97270.0,1329794.0,1026000000.0,2872800000.0
sh600288,大恒科技,2002-08-07,13.68,13.78,13.68,13.78,13.68,63200.0,866122.0,1033500000.0,2893800000.0
sh600288,大恒科技,2002-08-08,13.78,13.78,13.5,13.55,13.78,98890.0,1346695.0,1016250000.0,2845500000.0
sh600288,大恒科技,2002-08-09,13.63,13.64,13.51,13.53,13.55,117800.0,1595599.0,1014750000.0,2841300000.0
sh600288,大恒科技,2002-08-12,13.5,13.7,13.5,13.59,13.53,169693.0,2306714.0,1019250000.0,2853900000.0
sh600288,大恒科技,2002-08-13,13.6,13.63,13.46,13.5,13.59,93227.0,1260929.0,1012500000.0,2835000000.0
sh600288,大恒科技,2002-08-14,13.51,13.66,13.51,13.6,13.5,34300.0,464859.0,1020000000.0,2856000000.0
sh600288,大恒科技,2002-08-15,13.5,13.55,13.33,13.35,13.6,97350.0,1308694.0,1001250000.0,2803500000.0
sh600288,大恒科技,2002-08-16,13.37,13.6,13.1,13.38,13.35,119190.0,1582665.0,1003500000.0,2809800000.0
sh600288,大恒科技,2002-08-19,13.2,13.4,13.15,13.16,13.38,119066.0,1575106.0,987000000.0,2763600000.0
sh600288,大恒科技,2002-08-20,13.16,13.4,13.14,13.38,13.16,203436.0,2705519.0,1003500000.0,2809800000.0
sh600288,大恒科技,2002-08-21,13.38,13.79,13.24,13.63,13.38,264672.0,3567477.0,1022250000.0,2862300000.0
sh600288,大恒科技,2002-08-22,13.7,14.14,13.6,14.08,13.63,1111768.0,15574523.0,1056000000.0,2956800000.0
sh600288,大恒科技,2002-08-23,14.0,14.08,13.85,13.88,14.08,273665.0,3812780.0,1041000000.0,2914800000.0
sh600288,大恒科技,2002-08-26,13.88,13.9,13.6,13.63,13.88,185578.0,2546953.0,1022250000.0,2862300000.0
sh600288,大恒科技,2002-08-27,13.65,14.1,13.65,13.93,13.63,208187.0,2896521.0,1044750000.0,2925300000.0
sh600288,大恒科技,2002-08-28,13.93,13.96,13.75,13.78,13.93,133191.0,1844111.0,1033500000.0,2893800000.0
sh600288,大恒科技,2002-08-29,13.88,13.88,13.58,13.59,13.78,135500.0,1851136.0,1019250000.0,2853900000.0
sh600288,大恒科技,2002-08-30,13.51,13.61,13.42,13.57,13.59,77655.0,1052181.0,1017750000.0,2849700000.0
sh600288,大恒科技,2002-09-02,13.58,13.6,13.48,13.54,13.57,80572.0,1089332.0,1015500000.0,2843400000.0
sh600288,大恒科技,2002-09-03,13.56,13.76,13.56,13.62,13.54,92250.0,1262005.0,1021500000.0,2860200000.0
sh600288,大恒科技,2002-09-04,13.64,13.7,13.51,13.54,13.62,62863.0,854325.0,1015500000.0,2843400000.0
sh600288,大恒科技,2002-09-05,13.44,13.5,13.33,13.35,13.54,146186.0,1961247.0,1001250000.0,2803500000.0
sh600288,大恒科技,2002-09-06,13.35,13.45,13.3,13.3,13.35,104880.0,1398788.0,997500000.0,2793000000.0
sh600288,大恒科技,2002-09-09,13.2,13.35,13.12,13.28,13.3,123793.0,1637864.0,996000000.0,2788800000.0
sh600288,大恒科技,2002-09-10,13.28,13.46,13.28,13.37,13.28,42700.0,569300.0,1002750000.0,2807700000.0
sh600288,大恒科技,2002-09-11,13.31,13.38,13.15,13.38,13.37,73732.0,975164.0,1003500000.0,2809800000.0
sh600288,大恒科技,2002-09-12,13.33,13.49,13.3,13.37,13.38,76120.0,1018866.0,1002750000.0,2807700000.0
sh600288,大恒科技,2002-09-13,13.5,13.5,13.25,13.27,13.37,42867.0,571330.0,995250000.0,2786700000.0
sh600288,大恒科技,2002-09-16,13.4,13.4,13.12,13.14,13.27,93162.0,1227107.0,985500000.0,2759400000.0
sh600288,大恒科技,2002-09-17,13.15,13.3,13.03,13.2,13.14,94545.0,1243652.0,990000000.0,2772000000.0
sh600288,大恒科技,2002-09-18,13.1,13.31,13.06,13.08,13.2,125758.0,1649380.0,981000000.0,2746800000.0
sh600288,大恒科技,2002-09-19,13.09,13.3,13.03,13.25,13.08,68111.0,896168.0,993750000.0,2782500000.0
sh600288,大恒科技,2002-09-20,13.22,13.23,13.08,13.11,13.25,43600.0,573588.0,983250000.0,2753100000.0
sh600288,大恒科技,2002-09-25,13.05,13.28,12.65,12.86,13.11,343030.0,4406408.0,964500000.0,2700600000.0
sh600288,大恒科技,2002-09-26,12.68,12.88,12.51,12.58,12.86,179300.0,2268150.0,943500000.0,2641800000.0
sh600288,大恒科技,2002-09-27,12.58,12.66,12.45,12.46,12.58,142500.0,1783607.0,934500000.0,2616600000.0
sh600288,大恒科技,2002-10-08,12.4,12.4,11.81,12.05,12.46,248950.0,2991108.0,903750000.0,2530500000.0
sh600288,大恒科技,2002-10-09,12.0,12.24,11.91,11.91,12.05,219398.0,2631544.0,893250000.0,2501100000.0
sh600288,大恒科技,2002-10-10,11.86,12.13,11.86,11.9,11.91,128512.0,1532320.0,892500000.0,2499000000.0
sh600288,大恒科技,2002-10-11,11.92,11.95,11.71,11.75,11.9,154991.0,1841449.0,881250000.0,2467500000.0
sh600288,大恒科技,2002-10-14,11.66,11.78,11.5,11.72,11.75,127935.0,1492857.0,879000000.0,2461200000.0
sh600288,大恒科技,2002-10-15,11.7,11.85,11.66,11.75,11.72,107902.0,1265545.0,881250000.0,2467500000.0
sh600288,大恒科技,2002-10-16,11.78,12.1,11.7,11.88,11.75,163545.0,1939249.0,891000000.0,2494800000.0
sh600288,大恒科技,2002-10-17,11.81,11.81,11.51,11.55,11.88,150100.0,1746154.0,866250000.0,2425500000.0
sh600288,大恒科技,2002-10-18,11.5,11.75,11.42,11.62,11.55,123813.0,1427264.0,871500000.0,2440200000.0
sh600288,大恒科技,2002-10-21,11.6,11.7,11.46,11.63,11.62,60350.0,697733.0,872250000.0,2442300000.0
sh600288,大恒科技,2002-10-22,11.85,11.99,11.6,11.91,11.63,186665.0,2214429.0,893250000.0,2501100000.0
sh600288,大恒科技,2002-10-23,11.91,11.91,11.78,11.86,11.91,121410.0,1437779.0,889500000.0,2490600000.0
sh600288,大恒科技,2002-10-24,11.96,11.96,11.75,11.83,11.86,64157.0,760305.0,887250000.0,2484300000.0
sh600288,大恒科技,2002-10-25,11.83,11.95,11.8,11.87,11.83,142850.0,1695178.0,890250000.0,2492700000.0
sh600288,大恒科技,2002-10-28,11.85,11.85,11.49,11.54,11.87,140915.0,1626701.0,865500000.0,2423400000.0
sh600288,大恒科技,2002-10-29,11.54,11.72,11.4,11.68,11.54,73240.0,846181.0,876000000.0,2452800000.0
sh600288,大恒科技,2002-10-30,11.56,11.62,11.01,11.45,11.68,108700.0,1232498.0,858750000.0,2404500000.0
sh600288,大恒科技,2002-10-31,11.45,11.58,11.4,11.4,11.45,47900.0,549503.0,855000000.0,2394000000.0
sh600288,大恒科技,2002-11-01,11.41,11.49,11.28,11.46,11.4,86250.0,980832.0,859500000.0,2406600000.0
sh600288,大恒科技,2002-11-04,11.59,11.87,11.58,11.84,11.46,129680.0,1518974.0,888000000.0,2486400000.0
sh600288,大恒科技,2002-11-05,11.85,12.19,11.8,12.06,11.84,511044.0,6164979.0,904500000.0,2532600000.0
sh600288,大恒科技,2002-11-06,12.06,12.07,11.88,11.93,12.06,202595.0,2419930.0,894750000.0,2505300000.0
sh600288,大恒科技,2002-11-07,11.92,12.0,11.8,11.88,11.93,159595.0,1893387.0,891000000.0,2494800000.0
sh600288,大恒科技,2002-11-08,12.15,12.25,11.31,11.44,11.88,211286.0,2452144.0,858000000.0,2402400000.0
sh600288,大恒科技,2002-11-11,11.57,11.57,11.26,11.28,11.44,125900.0,1429801.0,846000000.0,2368800000.0
sh600288,大恒科技,2002-11-12,11.03,11.44,11.03,11.03,11.28,189100.0,2102007.0,827250000.0,2316300000.0
sh600288,大恒科技,2002-11-13,11.03,11.18,10.84,11.11,11.03,204061.0,2244023.0,833250000.0,2333100000.0
sh600288,大恒科技,2002-11-14,11.19,11.19,10.8,10.81,11.11,113275.0,1239190.0,810750000.0,2270100000.0
sh600288,大恒科技,2002-11-15,10.8,11.12,10.8,10.84,10.81,175163.0,1919409.0,813000000.0,2276400000.0
sh600288,大恒科技,2002-11-18,10.84,10.84,10.61,10.66,10.84,132166.0,1412194.0,799500000.0,2238600000.0
sh600288,大恒科技,2002-11-19,10.68,10.88,10.58,10.85,10.66,148746.0,1585169.0,813750000.0,2278500000.0
sh600288,大恒科技,2002-11-20,10.83,10.88,10.55,10.66,10.85,229590.0,2442856.0,799500000.0,2238600000.0
sh600288,大恒科技,2002-11-21,10.5,10.58,10.08,10.1,10.66,219500.0,2272122.0,757500000.0,2121000000.0
sh600288,大恒科技,2002-11-22,10.1,10.45,10.03,10.21,10.1,250802.0,2556491.0,765750000.0,2144100000.0
sh600288,大恒科技,2002-11-25,10.21,10.3,10.0,10.1,10.21,93250.0,945086.0,757500000.0,2121000000.0
sh600288,大恒科技,2002-11-26,10.29,10.29,9.8,9.8,10.1,137300.0,1364520.0,735000000.0,2058000000.0
sh600288,大恒科技,2002-11-27,9.82,9.98,9.53,9.81,9.8,248649.0,2425387.0,735750000.0,2060100000.0
sh600288,大恒科技,2002-11-28,9.78,10.32,9.7,10.3,9.81,287719.0,2897626.0,772500000.0,2163000000.0
sh600288,大恒科技,2002-11-29,10.35,10.78,10.23,10.48,10.3,627222.0,6656689.0,786000000.0,2200800000.0
sh600288,大恒科技,2002-12-02,10.65,10.65,10.0,10.01,10.48,240610.0,2463956.0,750750000.0,2102100000.0
sh600288,大恒科技,2002-12-03,9.9,10.18,9.9,10.15,10.01,116300.0,1171495.0,761250000.0,2131500000.0
sh600288,大恒科技,2002-12-04,10.14,10.47,10.09,10.21,10.15,156221.0,1607138.0,765750000.0,2144100000.0
sh600288,大恒科技,2002-12-05,10.16,10.22,10.02,10.1,10.21,126456.0,1279100.0,757500000.0,2121000000.0
sh600288,大恒科技,2002-12-06,10.1,10.29,10.04,10.2,10.1,81533.0,827334.0,765000000.0,2142000000.0
sh600288,大恒科技,2002-12-09,10.15,10.27,10.08,10.13,10.2,43275.0,438588.0,759750000.0,2127300000.0
sh600288,大恒科技,2002-12-10,10.1,10.21,9.95,10.0,10.13,81200.0,816308.0,750000000.0,2100000000.0
sh600288,大恒科技,2002-12-11,10.0,10.0,9.78,9.85,10.0,185210.0,1823626.0,738750000.0,2068500000.0
sh600288,大恒科技,2002-12-12,9.77,10.16,9.76,9.93,9.85,108283.0,1085941.0,744750000.0,2085300000.0
sh600288,大恒科技,2002-12-13,9.93,10.16,9.78,10.1,9.93,180304.0,1798062.0,757500000.0,2121000000.0
sh600288,大恒科技,2002-12-16,10.18,10.3,10.0,10.23,10.1,149270.0,1520445.0,767250000.0,2148300000.0
sh600288,大恒科技,2002-12-17,10.25,10.35,10.15,10.26,10.23,134607.0,1381097.0,769500000.0,2154600000.0
sh600288,大恒科技,2002-12-18,10.35,10.35,10.1,10.12,10.26,164300.0,1686058.0,759000000.0,2125200000.0
sh600288,大恒科技,2002-12-19,10.1,10.2,10.05,10.15,10.12,76899.0,778265.0,761250000.0,2131500000.0
sh600288,大恒科技,2002-12-20,10.14,10.6,10.06,10.44,10.15,544421.0,5675394.0,783000000.0,2192400000.0
sh600288,大恒科技,2002-12-23,10.45,10.6,10.42,10.44,10.44,300693.0,3160494.0,783000000.0,2192400000.0
sh600288,大恒科技,2002-12-24,10.38,10.5,10.3,10.41,10.44,148450.0,1539175.0,780750000.0,2186100000.0
sh600288,大恒科技,2002-12-25,10.36,10.38,10.24,10.24,10.41,155715.0,1605125.0,768000000.0,2150400000.0
sh600288,大恒科技,2002-12-26,10.24,10.35,9.81,9.85,10.24,259469.0,2606331.0,738750000.0,2068500000.0
sh600288,大恒科技,2002-12-27,9.81,10.08,9.81,9.98,9.85,205582.0,2039561.0,748500000.0,2095800000.0
sh600288,大恒科技,2002-12-30,10.0,10.0,9.7,9.76,9.98,175250.0,1722113.0,732000000.0,2049600000.0
sh600288,大恒科技,2002-12-31,9.76,9.85,9.62,9.63,9.76,142000.0,1383737.0,722250000.0,2022300000.0
sh600288,大恒科技,2003-01-02,9.58,9.73,9.41,9.45,9.63,173425.0,1647779.0,708750000.0,1984500000.0
sh600288,大恒科技,2003-01-03,9.5,9.58,9.38,9.41,9.45,162898.0,1540405.0,705750000.0,1976100000.0
sh600288,大恒科技,2003-01-06,9.3,9.57,9.3,9.56,9.41,88729.0,838298.0,717000000.0,2007600000.0
sh600288,大恒科技,2003-01-07,9.58,9.8,9.42,9.55,9.56,156932.0,1511214.0,716250000.0,2005500000.0
sh600288,大恒科技,2003-01-08,9.5,9.8,9.5,9.79,9.55,154909.0,1499872.0,734250000.0,2055900000.0
sh600288,大恒科技,2003-01-09,9.89,10.21,9.75,10.09,9.79,349485.0,3482536.0,756750000.0,2118900000.0
sh600288,大恒科技,2003-01-10,10.12,10.2,9.9,9.9,10.09,275730.0,2782142.0,742500000.0,2079000000.0
sh600288,大恒科技,2003-01-13,9.85,10.05,9.82,10.0,9.9,122251.0,1216097.0,750000000.0,2100000000.0
sh600288,大恒科技,2003-01-14,9.92,10.59,9.91,10.48,10.0,584473.0,6073158.0,786000000.0,2200800000.0
sh600288,大恒科技,2003-01-15,10.6,11.45,10.53,10.88,10.48,2156143.0,23902159.0,816000000.0,2284800000.0
sh600288,大恒科技,2003-01-16,10.92,11.13,10.8,11.1,10.88,867095.0,9538795.0,832500000.0,2331000000.0
sh600288,大恒科技,2003-01-17,11.3,11.3,10.85,10.94,11.1,577086.0,6371988.0,820500000.0,2297400000.0
sh600288,大恒科技,2003-01-20,11.02,11.02,10.84,10.98,10.94,370099.0,4045839.0,823500000.0,2305800000.0
sh600288,大恒科技,2003-01-21,10.98,11.09,10.72,10.75,10.98,520850.0,5674917.0,806250000.0,2257500000.0
sh600288,大恒科技,2003-01-22,10.62,10.88,10.58,10.81,10.75,303215.0,3252372.0,810750000.0,2270100000.0
sh600288,大恒科技,2003-01-23,10.68,10.9,10.58,10.59,10.81,217150.0,2328423.0,794250000.0,2223900000.0
sh600288,大恒科技,2003-01-24,10.51,10.8,10.51,10.78,10.59,228697.0,2445732.0,808500000.0,2263800000.0
sh600288,大恒科技,2003-01-27,10.85,10.88,10.7,10.87,10.78,238039.0,2578007.0,815250000.0,2282700000.0
sh600288,大恒科技,2003-01-28,10.81,10.9,10.72,10.86,10.87,210564.0,2276617.0,814500000.0,2280600000.0
sh600288,大恒科技,2003-01-29,10.86,10.98,10.8,10.87,10.86,174251.0,1896324.0,815250000.0,2282700000.0
sh600288,大恒科技,2003-02-10,10.79,10.8,10.61,10.65,10.87,98350.0,1050902.0,798750000.0,2236500000.0
sh600288,大恒科技,2003-02-11,10.65,10.75,10.61,10.74,10.65,78410.0,838031.0,805500000.0,2255400000.0
sh600288,大恒科技,2003-02-12,10.72,10.96,10.68,10.95,10.74,173856.0,1880948.0,821250000.0,2299500000.0
sh600288,大恒科技,2003-02-13,10.98,11.36,10.85,11.08,10.95,617870.0,6875734.0,831000000.0,2326800000.0
sh600288,大恒科技,2003-02-14,11.03,11.15,10.95,11.09,11.08,214424.0,2365910.0,831750000.0,2328900000.0
sh600288,大恒科技,2003-02-17,11.13,11.21,10.85,10.91,11.09,285702.0,3150367.0,818250000.0,2291100000.0
sh600288,大恒科技,2003-02-18,10.9,10.94,10.8,10.86,10.91,142825.0,1550215.0,814500000.0,2280600000.0
sh600288,大恒科技,2003-02-19,10.9,10.98,10.8,10.98,10.86,149560.0,1624919.0,823500000.0,2305800000.0
sh600288,大恒科技,2003-02-20,10.98,11.08,10.88,10.88,10.98,152950.0,1675236.0,816000000.0,2284800000.0
sh600288,大恒科技,2003-02-21,10.98,10.98,10.5,10.59,10.88,250284.0,2671651.0,794250000.0,2223900000.0
sh600288,大恒科技,2003-02-24,10.5,10.7,10.5,10.53,10.59,134945.0,1427229.0,789750000.0,2211300000.0
sh600288,大恒科技,2003-02-25,10.5,10.9,10.5,10.86,10.53,236921.0,2553137.0,814500000.0,2280600000.0
sh600288,大恒科技,2003-02-26,10.9,11.0,10.68,10.82,10.86,153900.0,1664222.0,811500000.0,2272200000.0
sh600288,大恒科技,2003-02-27,10.84,10.91,10.71,10.8,10.82,147812.0,1597176.0,810000000.0,2268000000.0
sh600288,大恒科技,2003-02-28,10.7,10.82,10.67,10.8,10.8,116329.0,1249186.0,810000000.0,2268000000.0
sh600288,大恒科技,2003-03-03,10.82,10.99,10.75,10.96,10.8,190594.0,2076890.0,822000000.0,2301600000.0
sh600288,大恒科技,2003-03-04,10.99,11.0,10.89,10.93,10.96,128065.0,1399040.0,819750000.0,2295300000.0
sh600288,大恒科技,2003-03-05,10.9,10.9,10.7,10.78,10.93,118000.0,1272000.0,808500000.0,2263800000.0
sh600288,大恒科技,2003-03-06,10.71,10.8,10.55,10.56,10.78,322100.0,3419484.0,792000000.0,2217600000.0
sh600288,大恒科技,2003-03-07,10.5,10.65,10.5,10.54,10.56,134000.0,1417388.0,790500000.0,2213400000.0
sh600288,大恒科技,2003-03-10,10.53,10.59,10.2,10.23,10.54,213450.0,2208551.0,767250000.0,2148300000.0
sh600288,大恒科技,2003-03-11,10.23,10.38,10.2,10.23,10.23,147013.0,1505140.0,767250000.0,2148300000.0
sh600288,大恒科技,2003-03-12,10.29,10.29,10.1,10.23,10.23,100798.0,1027550.0,767250000.0,2148300000.0
sh600288,大恒科技,2003-03-13,10.25,10.28,10.08,10.14,10.23,129935.0,1320450.0,760500000.0,2129400000.0
sh600288,大恒科技,2003-03-14,10.1,10.19,10.1,10.12,10.14,77670.0,787450.0,759000000.0,2125200000.0
sh600288,大恒科技,2003-03-17,10.06,10.14,10.03,10.12,10.12,94368.0,950380.0,759000000.0,2125200000.0
sh600288,大恒科技,2003-03-18,10.13,10.28,10.04,10.06,10.12,116370.0,1183429.0,754500000.0,2112600000.0
sh600288,大恒科技,2003-03-19,10.06,10.1,9.92,10.06,10.06,136542.0,1368530.0,754500000.0,2112600000.0
sh600288,大恒科技,2003-03-20,10.05,10.06,9.95,9.98,10.06,108100.0,1082580.0,748500000.0,2095800000.0
sh600288,大恒科技,2003-03-21,10.13,10.17,10.04,10.1,9.98,71267.0,720151.0,757500000.0,2121000000.0
sh600288,大恒科技,2003-03-24,10.08,10.1,9.99,10.03,10.1,121907.0,1221159.0,752250000.0,2106300000.0
sh600288,大恒科技,2003-03-25,10.03,10.03,9.92,9.95,10.03,65187.0,649476.0,746250000.0,2089500000.0
sh600288,大恒科技,2003-03-26,9.95,10.0,9.9,9.93,9.95,93325.0,926340.0,744750000.0,2085300000.0
sh600288,大恒科技,2003-03-27,9.91,10.4,9.88,10.3,9.93,268554.0,2715102.0,772500000.0,2163000000.0
sh600288,大恒科技,2003-03-28,10.36,10.38,10.21,10.32,10.3,247489.0,2550588.0,774000000.0,2167200000.0
sh600288,大恒科技,2003-03-31,10.3,10.35,10.2,10.32,10.32,136235.0,1399379.0,774000000.0,2167200000.0
sh600288,大恒科技,2003-04-01,10.32,10.39,10.24,10.31,10.32,182534.0,1881308.0,773250000.0,2165100000.0
sh600288,大恒科技,2003-04-02,10.31,10.38,10.16,10.25,10.31,167853.0,1715211.0,768750000.0,2152500000.0
sh600288,大恒科技,2003-04-03,10.26,10.3,10.19,10.25,10.25,131970.0,1352049.0,768750000.0,2152500000.0
sh600288,大恒科技,2003-04-04,10.25,10.31,10.22,10.28,10.25,104731.0,1073784.0,771000000.0,2158800000.0
sh600288,大恒科技,2003-04-07,10.3,10.35,9.99,10.0,10.28,313113.0,3160351.0,750000000.0,2100000000.0
sh600288,大恒科技,2003-04-08,10.02,10.23,10.0,10.06,10.0,188702.0,1907201.0,754500000.0,2112600000.0
sh600288,大恒科技,2003-04-09,10.16,10.16,9.95,10.1,10.06,452384.0,4523498.0,757500000.0,2121000000.0
sh600288,大恒科技,2003-04-10,10.22,10.35,10.01,10.3,10.1,440426.0,4496376.0,772500000.0,2163000000.0
sh600288,大恒科技,2003-04-11,10.35,10.45,10.25,10.42,10.3,496766.0,5138860.0,781500000.0,2188200000.0
sh600288,大恒科技,2003-04-14,10.42,10.82,10.42,10.81,10.42,901973.0,9646306.0,810750000.0,2270100000.0
sh600288,大恒科技,2003-04-15,10.88,10.96,10.7,10.82,10.81,612947.0,6623746.0,811500000.0,2272200000.0
sh600288,大恒科技,2003-04-16,10.8,11.08,10.67,10.7,10.82,923133.0,10030693.0,802500000.0,2247000000.0
sh600288,大恒科技,2003-04-17,10.7,11.07,10.66,11.02,10.7,932648.0,10193922.0,826500000.0,2314200000.0
sh600288,大恒科技,2003-04-18,11.1,11.17,10.8,10.83,11.02,442460.0,4847333.0,812250000.0,2274300000.0
sh600288,大恒科技,2003-04-21,10.91,10.95,10.48,10.55,10.83,396421.0,4206613.0,791250000.0,2215500000.0
sh600288,大恒科技,2003-04-22,10.6,10.66,10.45,10.45,10.55,199106.0,2095083.0,783750000.0,2194500000.0
sh600288,大恒科技,2003-04-23,10.45,10.55,10.21,10.23,10.45,280307.0,2888846.0,767250000.0,2148300000.0
sh600288,大恒科技,2003-04-24,10.23,10.23,10.0,10.0,10.23,390950.0,3929137.0,750000000.0,2100000000.0
sh600288,大恒科技,2003-04-25,9.81,9.97,9.8,9.85,10.0,264715.0,2608128.0,738750000.0,2068500000.0
sh600288,大恒科技,2003-04-29,10.06,10.18,9.68,9.7,9.85,517450.0,5127804.0,727500000.0,2037000000.0
sh600288,大恒科技,2003-04-30,9.7,9.85,9.44,9.68,9.7,457989.0,4399312.0,726000000.0,2032800000.0
sh600288,大恒科技,2003-05-12,9.68,9.7,9.06,9.08,9.68,603500.0,5619663.0,681000000.0,1906800000.0
sh600288,大恒科技,2003-05-13,9.03,9.08,8.28,8.61,9.08,884865.0,7575167.0,645750000.0,1808100000.0
sh600288,大恒科技,2003-05-14,8.6,8.9,8.6,8.86,8.61,386073.0,3391976.0,664500000.0,1860600000.0
sh600288,大恒科技,2003-05-15,8.85,9.75,8.6,9.75,8.86,1859989.0,17757381.0,731250000.0,2047500000.0
sh600288,大恒科技,2003-05-16,9.97,9.98,9.65,9.68,9.75,1280541.0,12563860.0,726000000.0,2032800000.0
sh600288,大恒科技,2003-05-19,9.67,10.07,9.67,9.84,9.68,668925.0,6610256.0,738000000.0,2066400000.0
sh600288,大恒科技,2003-05-20,9.8,9.81,9.54,9.56,9.84,337807.0,3251599.0,717000000.0,2007600000.0
sh600288,大恒科技,2003-05-21,9.55,9.82,9.55,9.59,9.56,252856.0,2435229.0,719250000.0,2013900000.0
sh600288,大恒科技,2003-05-22,9.52,9.73,9.52,9.55,9.59,172035.0,1653234.0,716250000.0,2005500000.0
sh600288,大恒科技,2003-05-23,9.6,9.95,9.5,9.78,9.55,503638.0,4892526.0,733500000.0,2053800000.0
sh600288,大恒科技,2003-05-26,9.84,9.84,9.7,9.71,9.78,307228.0,3000825.0,728250000.0,2039100000.0
sh600288,大恒科技,2003-05-27,9.78,10.16,9.74,9.98,9.71,1078961.0,10823232.0,748500000.0,2095800000.0
sh600288,大恒科技,2003-05-28,9.9,10.1,9.83,9.83,9.98,423860.0,4217161.0,737250000.0,2064300000.0
sh600288,大恒科技,2003-05-29,9.8,10.29,9.77,10.29,9.83,1052032.0,10650263.0,771750000.0,2160900000.0
sh600288,大恒科技,2003-05-30,10.35,10.38,10.17,10.21,10.29,705590.0,7234618.0,765750000.0,2144100000.0
sh600288,大恒科技,2003-06-02,10.21,10.26,10.02,10.15,10.21,342343.0,3462318.0,761250000.0,2131500000.0
sh600288,大恒科技,2003-06-03,10.14,10.14,9.92,9.92,10.15,362686.0,3635900.0,744000000.0,2083200000.0
sh600288,大恒科技,2003-06-04,9.88,9.98,9.75,9.9,9.92,290143.0,2856269.0,742500000.0,2079000000.0
sh600288,大恒科技,2003-06-05,9.9,9.91,9.65,9.69,9.9,211350.0,2062579.0,726750000.0,2034900000.0
sh600288,大恒科技,2003-06-06,9.7,9.77,9.58,9.59,9.69,278369.0,2686251.0,719250000.0,2013900000.0
sh600288,大恒科技,2003-06-09,9.59,9.59,9.33,9.36,9.59,257540.0,2432386.0,702000000.0,1965600000.0
sh600288,大恒科技,2003-06-10,9.35,9.5,9.33,9.41,9.36,182370.0,1713992.0,705750000.0,1976100000.0
sh600288,大恒科技,2003-06-11,9.4,9.64,9.4,9.62,9.41,191211.0,1828338.0,721500000.0,2020200000.0
sh600288,大恒科技,2003-06-12,9.71,9.72,9.55,9.59,9.62,117137.0,1123377.0,719250000.0,2013900000.0
sh600288,大恒科技,2003-06-13,9.56,9.75,9.56,9.75,9.59,259023.0,2511760.0,731250000.0,2047500000.0
sh600288,大恒科技,2003-06-16,9.82,9.88,9.75,9.8,9.75,360195.0,3537530.0,735000000.0,2058000000.0
sh600288,大恒科技,2003-06-17,9.82,9.87,9.74,9.76,9.8,147400.0,1445872.0,732000000.0,2049600000.0
sh600288,大恒科技,2003-06-18,9.76,9.98,9.75,9.93,9.76,389805.0,3854921.0,744750000.0,2085300000.0
sh600288,大恒科技,2003-06-19,9.98,10.1,9.8,9.92,9.93,877912.0,8764895.0,744000000.0,2083200000.0
sh600288,XD大恒科,2003-06-20,9.9,9.9,9.6,9.63,9.82,219750.0,2126642.0,722250000.0,2022300000.0
sh600288,大恒科技,2003-06-23,9.62,9.62,9.33,9.4,9.63,275423.0,2590009.0,705000000.0,1974000000.0
sh600288,大恒科技,2003-06-24,9.38,9.61,9.38,9.5,9.4,99350.0,940276.0,712500000.0,1995000000.0
sh600288,大恒科技,2003-06-25,9.6,9.62,9.36,9.38,9.5,95051.0,898328.0,703500000.0,1969800000.0
sh600288,大恒科技,2003-06-26,9.38,9.7,9.3,9.59,9.38,174450.0,1659992.0,719250000.0,2013900000.0
sh600288,大恒科技,2003-06-27,9.51,9.57,9.32,9.36,9.59,107624.0,1012934.0,702000000.0,1965600000.0
sh600288,大恒科技,2003-06-30,9.35,9.41,9.29,9.31,9.36,82350.0,768248.0,698250000.0,1955100000.0
sh600288,大恒科技,2003-07-01,9.32,9.45,9.25,9.25,9.31,74800.0,699643.0,693750000.0,1942500000.0
sh600288,大恒科技,2003-07-02,9.25,9.31,9.19,9.29,9.25,97275.0,900405.0,696750000.0,1950900000.0
sh600288,大恒科技,2003-07-03,9.38,9.49,9.25,9.29,9.29,93850.0,874878.0,696750000.0,1950900000.0
sh600288,大恒科技,2003-07-04,9.25,9.3,9.08,9.1,9.29,182119.0,1668547.0,682500000.0,1911000000.0
sh600288,大恒科技,2003-07-07,9.11,9.11,8.8,8.83,9.1,608480.0,5382658.0,662250000.0,1854300000.0
sh600288,大恒科技,2003-07-08,8.85,9.08,8.83,8.99,8.83,153991.0,1382760.0,674250000.0,1887900000.0
sh600288,大恒科技,2003-07-09,9.0,9.07,8.94,8.95,8.99,88550.0,795698.0,671250000.0,1879500000.0
sh600288,大恒科技,2003-07-10,8.88,9.2,8.86,9.19,8.95,235340.0,2141269.0,689250000.0,1929900000.0
sh600288,大恒科技,2003-07-11,9.19,9.28,9.12,9.16,9.19,124605.0,1142335.0,687000000.0,1923600000.0
sh600288,大恒科技,2003-07-14,9.15,9.15,8.98,8.98,9.16,111001.0,1001874.0,673500000.0,1885800000.0
sh600288,大恒科技,2003-07-15,9.05,9.05,8.85,8.88,8.98,163050.0,1455491.0,666000000.0,1864800000.0
sh600288,大恒科技,2003-07-16,8.92,8.96,8.83,8.96,8.88,175753.0,1562042.0,672000000.0,1881600000.0
sh600288,大恒科技,2003-07-17,8.99,9.08,8.9,9.07,8.96,318583.0,2858875.0,680250000.0,1904700000.0
sh600288,大恒科技,2003-07-18,9.13,9.58,9.13,9.19,9.07,1126763.0,10547018.0,689250000.0,1929900000.0
sh600288,大恒科技,2003-07-21,9.1,9.13,8.88,9.05,9.19,345494.0,3103791.0,678750000.0,1900500000.0
sh600288,大恒科技,2003-07-22,9.15,9.3,9.0,9.18,9.05,187050.0,1706081.0,688500000.0,1927800000.0
sh600288,大恒科技,2003-07-23,9.33,9.37,9.15,9.35,9.18,270569.0,2515388.0,701250000.0,1963500000.0
sh600288,大恒科技,2003-07-24,9.35,9.35,9.14,9.15,9.35,118324.0,1091395.0,686250000.0,1921500000.0
sh600288,大恒科技,2003-07-25,9.17,9.4,9.11,9.14,9.15,184217.0,1699818.0,685500000.0,1919400000.0
sh600288,大恒科技,2003-07-28,9.1,9.12,8.98,8.99,9.14,129400.0,1167472.0,674250000.0,1887900000.0
sh600288,大恒科技,2003-07-29,8.94,9.04,8.9,8.99,8.99,145077.0,1299287.0,674250000.0,1887900000.0
sh600288,大恒科技,2003-07-30,9.04,9.04,8.9,8.97,8.99,80552.0,721326.0,672750000.0,1883700000.0
sh600288,大恒科技,2003-07-31,8.95,9.12,8.9,8.97,8.97,102052.0,918034.0,672750000.0,1883700000.0
sh600288,大恒科技,2003-08-01,8.97,9.23,8.88,9.21,8.97,206596.0,1865974.0,690750000.0,1934100000.0
sh600288,大恒科技,2003-08-04,9.22,9.4,9.13,9.35,9.21,424882.0,3964233.0,701250000.0,1963500000.0
sh600288,大恒科技,2003-08-05,9.37,9.37,9.23,9.28,9.35,165650.0,1537242.0,696000000.0,1948800000.0
sh600288,大恒科技,2003-08-06,9.25,9.35,9.18,9.31,9.28,153478.0,1417816.0,698250000.0,1955100000.0
sh600288,大恒科技,2003-08-07,9.31,9.4,9.2,9.29,9.31,167250.0,1563742.0,696750000.0,1950900000.0
sh600288,大恒科技,2003-08-08,9.21,9.25,9.0,9.21,9.29,159340.0,1462720.0,690750000.0,1934100000.0
sh600288,大恒科技,2003-08-11,9.28,9.28,9.1,9.21,9.21,109250.0,1007830.0,690750000.0,1934100000.0
sh600288,大恒科技,2003-08-12,9.18,9.47,9.12,9.46,9.21,487398.0,4554922.0,709500000.0,1986600000.0
sh600288,大恒科技,2003-08-13,9.48,9.67,9.35,9.4,9.46,1258436.0,11987572.0,705000000.0,1974000000.0
sh600288,大恒科技,2003-08-14,9.41,9.68,9.18,9.51,9.4,1091215.0,10411346.0,713250000.0,1997100000.0
sh600288,大恒科技,2003-08-15,9.49,9.67,9.4,9.61,9.51,550978.0,5287204.0,720750000.0,2018100000.0
sh600288,大恒科技,2003-08-18,9.61,9.76,9.61,9.66,9.61,390319.0,3779881.0,724500000.0,2028600000.0
sh600288,大恒科技,2003-08-19,9.63,9.65,9.51,9.56,9.66,267144.0,2558596.0,717000000.0,2007600000.0
sh600288,大恒科技,2003-08-20,9.52,9.52,9.29,9.46,9.56,240827.0,2262073.0,709500000.0,1986600000.0
sh600288,大恒科技,2003-08-21,9.46,9.52,9.35,9.39,9.46,138224.0,1301682.0,704250000.0,1971900000.0
sh600288,大恒科技,2003-08-22,9.35,9.45,9.3,9.35,9.39,104934.0,984260.0,701250000.0,1963500000.0
sh600288,大恒科技,2003-08-25,9.3,9.35,9.08,9.09,9.35,280010.0,2559435.0,681750000.0,1908900000.0
sh600288,大恒科技,2003-08-26,9.06,9.18,9.04,9.14,9.09,112399.0,1022858.0,685500000.0,1919400000.0
sh600288,大恒科技,2003-08-27,9.15,9.2,9.02,9.03,9.14,94350.0,857572.0,677250000.0,1896300000.0
sh600288,大恒科技,2003-08-28,9.05,9.13,9.01,9.06,9.03,80575.0,729326.0,679500000.0,1902600000.0
sh600288,大恒科技,2003-08-29,9.01,9.1,8.9,9.02,9.06,110145.0,991355.0,676500000.0,1894200000.0
sh600288,大恒科技,2003-09-01,9.1,9.28,9.09,9.26,9.02,133920.0,1232263.0,694500000.0,1944600000.0
sh600288,大恒科技,2003-09-02,9.3,9.55,9.2,9.42,9.26,431901.0,4079753.0,706500000.0,1978200000.0
sh600288,大恒科技,2003-09-03,9.45,9.45,9.28,9.36,9.42,189621.0,1775258.0,702000000.0,1965600000.0
sh600288,大恒科技,2003-09-04,9.36,9.52,9.32,9.52,9.36,239407.0,2260908.0,714000000.0,1999200000.0
sh600288,大恒科技,2003-09-05,9.52,9.52,9.2,9.4,9.52,218864.0,2051901.0,705000000.0,1974000000.0
sh600288,大恒科技,2003-09-09,9.75,10.17,9.7,9.78,9.4,2393019.0,23748376.0,733500000.0,2053800000.0
sh600288,大恒科技,2003-09-10,9.7,9.9,9.56,9.86,9.78,872445.0,8508848.0,739500000.0,2070600000.0
sh600288,大恒科技,2003-09-11,9.84,9.88,9.76,9.79,9.86,368691.0,3616576.0,734250000.0,2055900000.0
sh600288,大恒科技,2003-09-12,9.8,9.8,9.47,9.54,9.79,397253.0,3801358.0,715500000.0,2003400000.0
sh600288,大恒科技,2003-09-15,9.46,9.65,9.3,9.33,9.54,285100.0,2692915.0,699750000.0,1959300000.0
sh600288,大恒科技,2003-09-16,9.33,9.64,9.27,9.6,9.33,306254.0,2904674.0,720000000.0,2016000000.0
sh600288,大恒科技,2003-09-17,9.61,9.62,9.33,9.38,9.6,208923.0,1966985.0,703500000.0,1969800000.0
sh600288,大恒科技,2003-09-18,9.3,9.52,9.3,9.4,9.38,139888.0,1315867.0,705000000.0,1974000000.0
sh600288,大恒科技,2003-09-19,9.4,9.6,9.36,9.57,9.4,183163.0,1738587.0,717750000.0,2009700000.0
sh600288,大恒科技,2003-09-22,9.61,9.68,9.52,9.66,9.57,262076.0,2521141.0,724500000.0,2028600000.0
sh600288,大恒科技,2003-09-23,9.66,9.74,9.58,9.74,9.66,223211.0,2157375.0,730500000.0,2045400000.0
sh600288,大恒科技,2003-09-24,9.75,9.78,9.6,9.67,9.74,163350.0,1580348.0,725250000.0,2030700000.0
sh600288,大恒科技,2003-09-25,9.67,9.67,9.31,9.37,9.67,251350.0,2388867.0,702750000.0,1967700000.0
sh600288,大恒科技,2003-09-26,9.37,9.49,9.3,9.39,9.37,163110.0,1527807.0,704250000.0,1971900000.0
sh600288,大恒科技,2003-09-29,9.4,9.4,9.05,9.08,9.39,295793.0,2711337.0,681000000.0,1906800000.0
sh600288,大恒科技,2003-09-30,9.1,9.23,9.01,9.15,9.08,176959.0,1612896.0,686250000.0,1921500000.0
sh600288,大恒科技,2003-10-08,9.2,9.25,9.08,9.16,9.15,97300.0,888814.0,687000000.0,1923600000.0
sh600288,大恒科技,2003-10-09,9.14,9.29,9.14,9.17,9.16,88450.0,814916.0,687750000.0,1925700000.0
sh600288,大恒科技,2003-10-10,9.28,9.49,9.15,9.47,9.17,264258.0,2471600.0,710250000.0,1988700000.0
sh600288,大恒科技,2003-10-13,9.46,9.56,9.31,9.38,9.47,179765.0,1696893.0,703500000.0,1969800000.0
sh600288,大恒科技,2003-10-14,9.31,9.35,9.1,9.17,9.38,192652.0,1772189.0,687750000.0,1925700000.0
sh600288,大恒科技,2003-10-15,9.17,9.35,9.1,9.11,9.17,120900.0,1110642.0,683250000.0,1913100000.0
sh600288,大恒科技,2003-10-16,9.12,9.16,9.02,9.05,9.11,162750.0,1474798.0,678750000.0,1900500000.0
sh600288,大恒科技,2003-10-17,9.05,9.07,8.86,8.88,9.05,294700.0,2645704.0,666000000.0,1864800000.0
sh600288,大恒科技,2003-10-20,8.88,8.88,8.53,8.62,8.88,278538.0,2416130.0,646500000.0,1810200000.0
sh600288,大恒科技,2003-10-21,8.63,8.75,8.45,8.73,8.62,193655.0,1661976.0,654750000.0,1833300000.0
sh600288,大恒科技,2003-10-22,8.61,8.9,8.61,8.86,8.73,343654.0,3030598.0,664500000.0,1860600000.0
sh600288,大恒科技,2003-10-23,8.89,8.98,8.72,8.75,8.86,161050.0,1425559.0,656250000.0,1837500000.0
sh600288,大恒科技,2003-10-24,8.7,8.83,8.56,8.56,8.75,196562.0,1696242.0,642000000.0,1797600000.0
sh600288,大恒科技,2003-10-27,8.6,8.6,8.31,8.32,8.56,255717.0,2139271.0,624000000.0,1747200000.0
sh600288,大恒科技,2003-10-28,8.32,8.41,8.06,8.1,8.32,245840.0,2014321.0,607500000.0,1701000000.0
sh600288,大恒科技,2003-10-29,8.1,8.1,7.65,7.9,8.1,442302.0,3464908.0,592500000.0,1659000000.0
sh600288,大恒科技,2003-10-30,7.88,8.05,7.68,7.77,7.9,174287.0,1369056.0,582750000.0,1631700000.0
sh600288,大恒科技,2003-10-31,7.88,8.06,7.71,7.94,7.77,195010.0,1541976.0,595500000.0,1667400000.0
sh600288,大恒科技,2003-11-03,7.94,8.02,7.71,7.92,7.94,125100.0,988104.0,594000000.0,1663200000.0
sh600288,大恒科技,2003-11-04,7.92,8.18,7.92,8.06,7.92,271080.0,2184976.0,604500000.0,1692600000.0
sh600288,大恒科技,2003-11-05,8.08,8.09,7.75,7.77,8.06,217690.0,1720135.0,582750000.0,1631700000.0
sh600288,大恒科技,2003-11-06,7.77,7.78,7.13,7.34,7.77,434380.0,3221132.0,550500000.0,1541400000.0
sh600288,大恒科技,2003-11-07,7.3,7.7,7.26,7.51,7.34,285096.0,2129402.0,563250000.0,1577100000.0
sh600288,大恒科技,2003-11-10,7.33,7.57,7.13,7.3,7.51,159537.0,1165920.0,547500000.0,1533000000.0
sh600288,大恒科技,2003-11-11,7.3,7.46,7.28,7.33,7.3,106432.0,783343.0,549750000.0,1539300000.0
sh600288,大恒科技,2003-11-12,7.33,7.33,7.17,7.19,7.33,127350.0,920020.0,539250000.0,1509900000.0
sh600288,大恒科技,2003-11-13,7.18,7.51,7.15,7.3,7.19,151977.0,1109363.0,547500000.0,1533000000.0
sh600288,大恒科技,2003-11-14,7.2,7.39,7.2,7.39,7.3,82990.0,606601.0,554250000.0,1551900000.0
sh600288,大恒科技,2003-11-17,7.38,7.4,7.31,7.34,7.39,64649.0,475291.0,550500000.0,1541400000.0
sh600288,大恒科技,2003-11-18,7.38,7.39,7.28,7.3,7.34,51980.0,380078.0,547500000.0,1533000000.0
sh600288,大恒科技,2003-11-19,7.39,7.68,7.38,7.55,7.3,299946.0,2270169.0,566250000.0,1585500000.0
sh600288,大恒科技,2003-11-20,7.55,8.18,7.55,8.1,7.55,854639.0,6832361.0,607500000.0,1701000000.0
sh600288,大恒科技,2003-11-21,8.18,8.28,7.75,7.81,8.1,796608.0,6390486.0,585750000.0,1640100000.0
sh600288,大恒科技,2003-11-24,7.8,8.1,7.71,8.09,7.81,507274.0,4053854.0,606750000.0,1698900000.0
sh600288,大恒科技,2003-11-25,8.1,8.38,8.0,8.16,8.09,923677.0,7591295.0,612000000.0,1713600000.0
sh600288,大恒科技,2003-11-26,8.2,8.35,8.06,8.23,8.16,414495.0,3385484.0,617250000.0,1728300000.0
sh600288,大恒科技,2003-11-27,8.3,8.33,8.06,8.19,8.23,465047.0,3782564.0,614250000.0,1719900000.0
sh600288,大恒科技,2003-11-28,8.26,8.5,8.1,8.4,8.19,813094.0,6774358.0,630000000.0,1764000000.0
sh600288,大恒科技,2003-12-01,8.97,8.97,8.54,8.67,8.4,2029776.0,17596009.0,650250000.0,1820700000.0
sh600288,大恒科技,2003-12-02,8.66,8.75,8.56,8.62,8.67,1025374.0,8876288.0,646500000.0,1810200000.0
sh600288,大恒科技,2003-12-03,8.6,8.6,8.4,8.53,8.62,573345.0,4875778.0,639750000.0,1791300000.0
sh600288,大恒科技,2003-12-04,8.53,8.58,8.39,8.5,8.53,465634.0,3935623.0,637500000.0,1785000000.0
sh600288,大恒科技,2003-12-05,8.5,8.55,8.41,8.5,8.5,219460.0,1856600.0,637500000.0,1785000000.0
sh600288,大恒科技,2003-12-08,8.46,8.55,8.28,8.32,8.5,299760.0,2514376.0,624000000.0,1747200000.0
sh600288,大恒科技,2003-12-09,8.32,8.32,8.17,8.3,8.32,248811.0,2047812.0,622500000.0,1743000000.0
sh600288,大恒科技,2003-12-10,8.31,8.46,8.26,8.4,8.3,325038.0,2715789.0,630000000.0,1764000000.0
sh600288,大恒科技,2003-12-11,8.42,8.5,8.28,8.3,8.4,321460.0,2691211.0,622500000.0,1743000000.0
sh600288,大恒科技,2003-12-12,8.31,8.4,8.29,8.4,8.3,171956.0,1433804.0,630000000.0,1764000000.0
sh600288,大恒科技,2003-12-15,8.35,8.48,8.3,8.32,8.4,125000.0,1043734.0,624000000.0,1747200000.0
sh600288,大恒科技,2003-12-16,8.32,8.39,8.06,8.12,8.32,268951.0,2184602.0,609000000.0,1705200000.0
sh600288,大恒科技,2003-12-17,8.06,8.16,8.02,8.02,8.12,283575.0,2295715.0,601500000.0,1684200000.0
sh600288,大恒科技,2003-12-18,8.0,8.02,7.72,7.74,8.02,512833.0,4018693.0,580500000.0,1625400000.0
sh600288,大恒科技,2003-12-19,7.72,8.0,7.32,7.43,7.74,495437.0,3722820.0,557250000.0,1560300000.0
sh600288,大恒科技,2003-12-22,7.4,7.88,7.25,7.76,7.43,675817.0,5039543.0,582000000.0,1629600000.0
sh600288,大恒科技,2003-12-23,7.8,7.88,7.7,7.73,7.76,311231.0,2418219.0,579750000.0,1623300000.0
sh600288,大恒科技,2003-12-24,7.7,7.7,7.51,7.62,7.73,375758.0,2849068.0,571500000.0,1600200000.0
sh600288,大恒科技,2003-12-25,7.65,7.7,7.55,7.66,7.62,359332.0,2746669.0,574500000.0,1608600000.0
sh600288,大恒科技,2003-12-26,7.72,7.82,7.69,7.78,7.66,310926.0,2408934.0,583500000.0,1633800000.0
sh600288,大恒科技,2003-12-29,7.78,7.78,7.58,7.61,7.78,233819.0,1785809.0,570750000.0,1598100000.0
sh600288,大恒科技,2003-12-30,7.51,7.67,7.49,7.52,7.61,188264.0,1421897.0,564000000.0,1579200000.0
sh600288,大恒科技,2003-12-31,7.55,7.69,7.53,7.57,7.52,191150.0,1450286.0,567750000.0,1589700000.0
sh600288,大恒科技,2004-01-02,7.55,7.8,7.55,7.69,7.57,277478.0,2149407.0,576750000.0,1614900000.0
sh600288,大恒科技,2004-01-05,7.7,7.95,7.7,7.88,7.69,515971.0,4018635.0,591000000.0,1654800000.0
sh600288,大恒科技,2004-01-06,7.89,7.9,7.7,7.9,7.88,509161.0,3964710.0,592500000.0,1659000000.0
sh600288,大恒科技,2004-01-07,7.88,8.08,7.83,8.02,7.9,585296.0,4665609.0,601500000.0,1684200000.0
sh600288,大恒科技,2004-01-08,8.05,8.32,8.0,8.27,8.02,715410.0,5856020.0,620250000.0,1736700000.0
sh600288,大恒科技,2004-01-09,8.28,8.39,8.0,8.0,8.27,618710.0,5061932.0,600000000.0,1680000000.0
sh600288,大恒科技,2004-01-12,8.01,8.15,7.84,7.98,8.0,438103.0,3467153.0,598500000.0,1675800000.0
sh600288,大恒科技,2004-01-13,8.0,8.19,7.91,8.1,7.98,459829.0,3711571.0,607500000.0,1701000000.0
sh600288,大恒科技,2004-01-14,8.17,8.2,8.01,8.2,8.1,447960.0,3641252.0,615000000.0,1722000000.0
sh600288,大恒科技,2004-01-15,8.29,8.36,8.11,8.16,8.2,425063.0,3493250.0,612000000.0,1713600000.0
sh600288,大恒科技,2004-01-16,8.2,8.58,8.17,8.5,8.16,1317452.0,11130507.0,637500000.0,1785000000.0
sh600288,大恒科技,2004-01-29,8.6,9.3,8.58,9.29,8.5,2337931.0,21279983.0,696750000.0,1950900000.0
sh600288,大恒科技,2004-01-30,9.3,9.36,8.82,8.83,9.29,1213200.0,10996996.0,662250000.0,1854300000.0
sh600288,大恒科技,2004-02-02,8.91,9.38,8.8,9.17,8.83,1776416.0,16236170.0,687750000.0,1925700000.0
sh600288,大恒科技,2004-02-03,9.16,9.65,9.15,9.36,9.17,1638721.0,15501980.0,702000000.0,1965600000.0
sh600288,大恒科技,2004-02-04,9.35,9.43,9.25,9.41,9.36,905084.0,8473468.0,705750000.0,1976100000.0
sh600288,大恒科技,2004-02-05,9.42,9.51,9.3,9.5,9.41,1025717.0,9680511.0,712500000.0,1995000000.0
sh600288,大恒科技,2004-02-06,9.5,9.5,9.24,9.24,9.5,961568.0,8979427.0,693000000.0,1940400000.0
sh600288,大恒科技,2004-02-09,9.2,9.35,9.1,9.3,9.24,593824.0,5491041.0,697500000.0,1953000000.0
sh600288,大恒科技,2004-02-10,9.28,9.36,9.21,9.32,9.3,575490.0,5354011.0,699000000.0,1957200000.0
sh600288,大恒科技,2004-02-11,9.3,9.32,9.13,9.2,9.32,653862.0,6022328.0,690000000.0,1932000000.0
sh600288,大恒科技,2004-02-12,9.23,9.58,9.18,9.38,9.2,880608.0,8293814.0,703500000.0,1969800000.0
sh600288,大恒科技,2004-02-13,9.38,9.62,9.2,9.49,9.38,1004079.0,9525637.0,711750000.0,1992900000.0
sh600288,大恒科技,2004-02-16,9.59,9.92,9.52,9.88,9.49,1412418.0,13824268.0,741000000.0,2074800000.0
sh600288,大恒科技,2004-02-17,9.89,10.21,9.77,10.02,9.88,1680645.0,16861561.0,751500000.0,2104200000.0
sh600288,大恒科技,2004-02-18,10.0,10.11,9.91,10.0,10.02,1038453.0,10395485.0,750000000.0,2100000000.0
sh600288,大恒科技,2004-02-19,10.0,10.15,9.81,10.11,10.0,1049437.0,10518439.0,758250000.0,2123100000.0
sh600288,大恒科技,2004-02-20,10.12,10.15,9.88,10.01,10.11,639046.0,6374140.0,750750000.0,2102100000.0
sh600288,大恒科技,2004-02-23,9.97,10.08,9.71,9.72,10.01,793601.0,7880828.0,729000000.0,2041200000.0
sh600288,大恒科技,2004-02-24,9.6,9.61,9.3,9.4,9.72,931644.0,8815236.0,705000000.0,1974000000.0
sh600288,大恒科技,2004-02-25,9.45,9.58,9.13,9.16,9.4,505050.0,4740487.0,687000000.0,1923600000.0
sh600288,大恒科技,2004-02-26,9.13,9.25,9.08,9.2,9.16,635159.0,5836441.0,690000000.0,1932000000.0
sh600288,大恒科技,2004-02-27,9.2,9.35,9.18,9.31,9.2,323094.0,2988406.0,698250000.0,1955100000.0
sh600288,大恒科技,2004-03-01,9.4,9.45,9.2,9.4,9.31,309327.0,2892372.0,705000000.0,1974000000.0
sh600288,大恒科技,2004-03-02,9.48,9.48,9.3,9.36,9.4,366650.0,3440693.0,702000000.0,1965600000.0
sh600288,大恒科技,2004-03-03,9.36,9.38,8.97,8.99,9.36,515906.0,4712766.0,674250000.0,1887900000.0
sh600288,大恒科技,2004-03-04,8.99,9.21,8.81,9.2,8.99,519797.0,4659004.0,690000000.0,1932000000.0
sh600288,大恒科技,2004-03-05,9.05,9.2,9.0,9.02,9.2,289150.0,2638934.0,676500000.0,1894200000.0
sh600288,大恒科技,2004-03-08,9.01,9.05,8.8,8.86,9.02,338316.0,3005774.0,664500000.0,1860600000.0
sh600288,大恒科技,2004-03-09,8.9,9.0,8.83,8.83,8.86,160200.0,1422639.0,662250000.0,1854300000.0
sh600288,大恒科技,2004-03-10,8.81,9.05,8.8,9.0,8.83,231935.0,2067118.0,675000000.0,1890000000.0
sh600288,大恒科技,2004-03-11,9.01,9.18,9.01,9.14,9.0,322840.0,2943431.0,685500000.0,1919400000.0
sh600288,大恒科技,2004-03-12,9.13,9.14,8.98,9.0,9.14,280534.0,2530801.0,675000000.0,1890000000.0
sh600288,大恒科技,2004-03-15,8.95,9.33,8.95,9.25,9.0,458154.0,4206756.0,693750000.0,1942500000.0
sh600288,大恒科技,2004-03-16,9.27,9.38,9.2,9.27,9.25,356934.0,3305736.0,695250000.0,1946700000.0
sh600288,大恒科技,2004-03-17,9.32,9.35,9.2,9.29,9.27,322842.0,2991121.0,696750000.0,1950900000.0
sh600288,大恒科技,2004-03-18,9.34,9.44,9.08,9.08,9.29,366323.0,3375807.0,681000000.0,1906800000.0
sh600288,大恒科技,2004-03-19,9.03,9.2,9.03,9.18,9.08,282109.0,2575563.0,688500000.0,1927800000.0
sh600288,大恒科技,2004-03-22,9.2,9.34,9.18,9.25,9.18,240990.0,2228910.0,693750000.0,1942500000.0
sh600288,大恒科技,2004-03-23,9.25,9.36,9.08,9.29,9.25,476203.0,4400380.0,696750000.0,1950900000.0
sh600288,大恒科技,2004-03-24,9.3,9.43,9.2,9.39,9.29,588810.0,5501718.0,704250000.0,1971900000.0
sh600288,大恒科技,2004-03-25,9.36,9.58,9.36,9.53,9.39,884826.0,8401337.0,714750000.0,2001300000.0
sh600288,大恒科技,2004-03-26,9.58,9.77,9.3,9.67,9.53,985480.0,9474991.0,725250000.0,2030700000.0
sh600288,大恒科技,2004-03-29,9.65,10.12,9.65,9.79,9.67,1948227.0,19291364.0,734250000.0,2055900000.0
sh600288,大恒科技,2004-03-30,9.8,9.96,9.73,9.83,9.79,828427.0,8136654.0,737250000.0,2064300000.0
sh600288,大恒科技,2004-03-31,9.9,10.2,9.85,10.17,9.83,2330993.0,23553384.0,762750000.0,2135700000.0
sh600288,大恒科技,2004-04-01,10.3,10.49,10.03,10.13,10.17,1757465.0,17975606.0,759750000.0,2127300000.0
sh600288,大恒科技,2004-04-02,10.2,10.88,10.08,10.7,10.13,4057777.0,43138195.0,802500000.0,2247000000.0
sh600288,大恒科技,2004-04-05,10.75,11.27,10.75,11.19,10.7,4063851.0,44981269.0,839250000.0,2349900000.0
sh600288,大恒科技,2004-04-06,11.19,11.23,10.89,11.19,11.19,1800506.0,19912500.0,839250000.0,2349900000.0
sh600288,大恒科技,2004-04-07,11.25,11.3,10.82,10.82,11.19,2287542.0,25157399.0,811500000.0,2272200000.0
sh600288,大恒科技,2004-04-08,10.79,11.0,10.53,10.81,10.82,1915160.0,20561560.0,810750000.0,2270100000.0
sh600288,大恒科技,2004-04-09,10.68,10.99,10.34,10.37,10.81,1563795.0,16722988.0,777750000.0,2177700000.0
sh600288,大恒科技,2004-04-12,10.2,11.41,10.17,11.41,10.37,3381253.0,37653901.0,855750000.0,2396100000.0
sh600288,大恒科技,2004-04-13,11.73,11.98,11.42,11.61,11.41,7050915.0,82585715.0,870750000.0,2438100000.0
sh600288,大恒科技,2004-04-14,11.6,11.6,10.85,10.99,11.61,3473705.0,38743998.0,824250000.0,2307900000.0
sh600288,大恒科技,2004-04-15,10.95,10.95,10.52,10.57,10.99,2048327.0,21914142.0,792750000.0,2219700000.0
sh600288,大恒科技,2004-04-16,10.7,11.4,10.58,11.31,10.57,3185511.0,35101404.0,848250000.0,2375100000.0
sh600288,大恒科技,2004-04-19,11.35,11.53,10.86,10.9,11.31,2454653.0,27553882.0,817500000.0,2289000000.0
sh600288,大恒科技,2004-04-20,10.93,11.18,10.61,10.99,10.9,1694023.0,18338056.0,824250000.0,2307900000.0
sh600288,大恒科技,2004-04-21,10.79,11.38,10.78,11.01,10.99,1383882.0,15408454.0,825750000.0,2312100000.0
sh600288,大恒科技,2004-04-22,11.0,11.26,10.42,10.76,11.01,1670675.0,17768242.0,807000000.0,2259600000.0
sh600288,大恒科技,2004-04-23,10.72,10.78,10.43,10.65,10.76,883787.0,9365436.0,798750000.0,2236500000.0
sh600288,大恒科技,2004-04-26,10.6,10.9,10.6,10.87,10.65,617771.0,6639985.0,815250000.0,2282700000.0
sh600288,大恒科技,2004-04-27,10.9,11.33,10.9,11.21,10.87,2080885.0,23254733.0,840750000.0,2354100000.0
sh600288,大恒科技,2004-04-28,11.18,11.33,11.05,11.21,11.21,1029400.0,11517863.0,840750000.0,2354100000.0
sh600288,大恒科技,2004-04-29,11.27,11.48,10.7,10.73,11.21,1536618.0,17258993.0,804750000.0,2253300000.0
sh600288,大恒科技,2004-05-10,10.7,10.73,9.88,10.06,10.73,1551730.0,15914109.0,754500000.0,2112600000.0
sh600288,大恒科技,2004-05-11,10.01,10.27,9.6,10.06,10.06,553725.0,5490005.0,754500000.0,2112600000.0
sh600288,大恒科技,2004-05-12,10.06,10.3,9.9,10.27,10.06,416380.0,4220481.0,770250000.0,2156700000.0
sh600288,大恒科技,2004-05-13,10.27,10.27,9.9,10.13,10.27,542560.0,5453837.0,759750000.0,2127300000.0
sh600288,大恒科技,2004-05-14,10.1,10.1,9.63,9.73,10.13,659170.0,6452213.0,729750000.0,2043300000.0
sh600288,大恒科技,2004-05-17,9.69,9.98,9.68,9.93,9.73,265350.0,2624171.0,744750000.0,2085300000.0
sh600288,大恒科技,2004-05-18,10.0,10.45,10.0,10.44,9.93,819756.0,8435136.0,783000000.0,2192400000.0
sh600288,大恒科技,2004-05-19,10.49,10.58,10.27,10.38,10.44,510040.0,5324177.0,778500000.0,2179800000.0
sh600288,大恒科技,2004-05-20,10.33,10.43,10.16,10.28,10.38,391904.0,4034744.0,771000000.0,2158800000.0
sh600288,大恒科技,2004-05-21,10.29,10.42,10.18,10.4,10.28,151573.0,1562771.0,780000000.0,2184000000.0
sh600288,大恒科技,2004-05-24,10.4,10.48,10.15,10.25,10.4,209763.0,2162734.0,768750000.0,2152500000.0
sh600288,大恒科技,2004-05-25,10.23,10.23,9.88,9.92,10.25,356160.0,3560679.0,744000000.0,2083200000.0
sh600288,大恒科技,2004-05-26,9.75,10.23,9.72,10.0,9.92,220599.0,2210730.0,750000000.0,2100000000.0
sh600288,大恒科技,2004-05-27,10.17,10.5,10.0,10.39,10.0,331758.0,3422352.0,779250000.0,2181900000.0
sh600288,大恒科技,2004-05-28,10.28,10.45,10.16,10.21,10.39,337359.0,3472834.0,765750000.0,2144100000.0
sh600288,大恒科技,2004-05-31,10.5,10.78,10.4,10.65,10.21,642076.0,6838393.0,798750000.0,2236500000.0
sh600288,大恒科技,2004-06-01,10.65,11.17,10.58,11.05,10.65,1096074.0,11992446.0,828750000.0,2320500000.0
sh600288,大恒科技,2004-06-02,11.06,11.07,10.8,10.87,11.05,633500.0,6915715.0,815250000.0,2282700000.0
sh600288,大恒科技,2004-06-03,10.85,10.86,10.47,10.58,10.87,537648.0,5698387.0,793500000.0,2221800000.0
sh600288,大恒科技,2004-06-04,10.65,11.18,10.5,10.96,10.58,1006031.0,11045854.0,822000000.0,2301600000.0
sh600288,大恒科技,2004-06-07,11.0,11.0,10.63,10.78,10.96,482269.0,5182335.0,808500000.0,2263800000.0
sh600288,大恒科技,2004-06-08,10.75,11.49,10.65,10.97,10.78,1299224.0,14477508.0,822750000.0,2303700000.0
sh600288,大恒科技,2004-06-09,10.92,11.4,10.73,10.89,10.97,2319406.0,25853167.0,816750000.0,2286900000.0
sh600288,大恒科技,2004-06-10,10.89,11.08,10.4,10.69,10.89,1277679.0,13689660.0,801750000.0,2244900000.0
sh600288,大恒科技,2004-06-11,10.71,11.25,10.61,10.72,10.69,1116731.0,12214495.0,804000000.0,2251200000.0
sh600288,大恒科技,2004-06-14,10.66,11.0,10.3,10.6,10.72,1211143.0,12950008.0,795000000.0,2226000000.0
sh600288,大恒科技,2004-06-15,10.6,10.7,9.92,10.33,10.6,1402427.0,14349685.0,774750000.0,2169300000.0
sh600288,大恒科技,2004-06-16,10.28,10.33,10.12,10.16,10.33,536073.0,5475908.0,762000000.0,2133600000.0
sh600288,大恒科技,2004-06-17,9.93,10.38,9.93,10.14,10.16,446779.0,4558647.0,760500000.0,2129400000.0
sh600288,大恒科技,2004-06-18,10.1,10.2,9.77,9.8,10.14,704466.0,7010215.0,735000000.0,2058000000.0
sh600288,大恒科技,2004-06-21,9.79,10.17,9.7,10.16,9.8,496351.0,4903160.0,762000000.0,2133600000.0
sh600288,大恒科技,2004-06-22,10.16,11.0,10.14,10.64,10.16,1291834.0,13700983.0,798000000.0,2234400000.0
sh600288,XD大恒科,2004-06-23,10.53,10.78,10.41,10.71,10.54,1111636.0,11811715.0,803250000.0,2249100000.0
sh600288,大恒科技,2004-06-24,10.62,11.18,10.62,11.0,10.71,3420520.0,37621478.0,825000000.0,2310000000.0
sh600288,大恒科技,2004-06-25,11.5,11.5,9.91,10.02,11.0,2442391.0,26021790.0,751500000.0,2104200000.0
sh600288,大恒科技,2004-06-28,9.81,9.88,9.2,9.66,10.02,2034677.0,19486799.0,724500000.0,2028600000.0
sh600288,大恒科技,2004-06-29,9.61,9.88,9.22,9.71,9.66,759110.0,7297120.0,728250000.0,2039100000.0
sh600288,大恒科技,2004-06-30,9.75,9.88,9.35,9.39,9.71,421614.0,4018539.0,704250000.0,1971900000.0
sh600288,大恒科技,2004-07-01,9.38,9.67,9.31,9.61,9.39,1507970.0,14400531.0,720750000.0,2018100000.0
sh600288,大恒科技,2004-07-02,9.6,9.61,9.3,9.38,9.61,773379.0,7282485.0,703500000.0,1969800000.0
sh600288,大恒科技,2004-07-05,9.33,9.67,9.3,9.45,9.38,301266.0,2840891.0,708750000.0,1984500000.0
sh600288,大恒科技,2004-07-06,9.5,9.65,9.45,9.48,9.45,516738.0,4928059.0,711000000.0,1990800000.0
sh600288,大恒科技,2004-07-07,9.46,9.46,8.53,8.53,9.48,2113656.0,18543651.0,639750000.0,1791300000.0
sh600288,大恒科技,2004-07-08,8.4,8.49,8.25,8.4,8.53,1024598.0,8588952.0,630000000.0,1764000000.0
sh600288,大恒科技,2004-07-09,8.41,8.76,8.41,8.56,8.4,983789.0,8480218.0,642000000.0,1797600000.0
sh600288,大恒科技,2004-07-12,8.5,8.5,8.05,8.06,8.56,618641.0,5049795.0,604500000.0,1692600000.0
sh600288,大恒科技,2004-07-13,8.01,8.2,8.01,8.14,8.06,323954.0,2628507.0,610500000.0,1709400000.0
sh600288,大恒科技,2004-07-14,8.14,8.18,7.33,7.51,8.14,1558752.0,11857580.0,563250000.0,1577100000.0
sh600288,大恒科技,2004-07-15,7.51,7.84,7.51,7.72,7.51,981463.0,7552518.0,579000000.0,1621200000.0
sh600288,大恒科技,2004-07-16,7.74,8.1,7.7,8.0,7.72,1709924.0,13543124.0,600000000.0,1680000000.0
sh600288,大恒科技,2004-07-19,8.0,8.15,7.9,8.03,8.0,1195626.0,9590979.0,602250000.0,1686300000.0
sh600288,大恒科技,2004-07-20,8.06,8.09,7.86,7.88,8.03,434714.0,3445069.0,591000000.0,1654800000.0
sh600288,大恒科技,2004-07-21,7.85,7.93,7.68,7.74,7.88,422000.0,3295446.0,580500000.0,1625400000.0
sh600288,大恒科技,2004-07-22,7.7,7.98,7.68,7.77,7.74,643919.0,5029274.0,582750000.0,1631700000.0
sh600288,大恒科技,2004-07-23,7.74,8.02,7.7,8.0,7.77,812824.0,6419467.0,600000000.0,1680000000.0
sh600288,大恒科技,2004-07-26,8.04,8.07,7.73,7.77,8.0,311386.0,2442332.0,582750000.0,1631700000.0
sh600288,大恒科技,2004-07-27,7.8,8.03,7.68,7.86,7.77,335385.0,2630758.0,589500000.0,1650600000.0
sh600288,大恒科技,2004-07-28,7.98,7.99,7.74,7.93,7.86,318549.0,2507598.0,594750000.0,1665300000.0
sh600288,大恒科技,2004-07-29,7.96,8.29,7.9,8.27,7.93,1011647.0,8223144.0,620250000.0,1736700000.0
sh600288,大恒科技,2004-07-30,8.27,8.27,8.04,8.06,8.27,604250.0,4917041.0,604500000.0,1692600000.0
sh600288,大恒科技,2004-08-02,8.06,8.24,7.92,8.24,8.06,707490.0,5743782.0,618000000.0,1730400000.0
sh600288,大恒科技,2004-08-03,8.2,8.33,8.16,8.22,8.24,577086.0,4758199.0,616500000.0,1726200000.0
sh600288,大恒科技,2004-08-04,8.22,8.46,8.16,8.37,8.22,861422.0,7186587.0,627750000.0,1757700000.0
sh600288,大恒科技,2004-08-05,8.25,8.38,8.19,8.21,8.37,466600.0,3850813.0,615750000.0,1724100000.0
sh600288,大恒科技,2004-08-06,8.19,8.24,7.95,8.18,8.21,594759.0,4816429.0,613500000.0,1717800000.0
sh600288,大恒科技,2004-08-09,8.68,8.68,8.24,8.43,8.18,2167348.0,18312249.0,632250000.0,1770300000.0
sh600288,大恒科技,2004-08-10,8.4,8.5,8.33,8.42,8.43,662665.0,5569775.0,631500000.0,1768200000.0
sh600288,大恒科技,2004-08-11,8.38,8.43,8.16,8.18,8.42,385550.0,3179689.0,613500000.0,1717800000.0
sh600288,大恒科技,2004-08-12,8.12,8.18,7.98,8.15,8.18,467746.0,3763909.0,611250000.0,1711500000.0
sh600288,大恒科技,2004-08-13,8.18,8.6,8.08,8.4,8.15,1157365.0,9754646.0,630000000.0,1764000000.0
sh600288,大恒科技,2004-08-16,8.47,8.55,8.32,8.35,8.4,764201.0,6454618.0,626250000.0,1753500000.0
sh600288,大恒科技,2004-08-17,8.35,8.42,8.14,8.3,8.35,443739.0,3670505.0,622500000.0,1743000000.0
sh600288,大恒科技,2004-08-18,8.25,8.31,7.9,7.92,8.3,752089.0,6117260.0,594000000.0,1663200000.0
sh600288,大恒科技,2004-08-19,7.88,7.88,7.4,7.47,7.92,863118.0,6585009.0,560250000.0,1568700000.0
sh600288,大恒科技,2004-08-20,7.4,7.59,7.23,7.27,7.47,877319.0,6464175.0,545250000.0,1526700000.0
sh600288,大恒科技,2004-08-23,7.27,7.41,7.05,7.4,7.27,450044.0,3282207.0,555000000.0,1554000000.0
sh600288,大恒科技,2004-08-24,7.32,7.48,7.06,7.37,7.4,363951.0,2669664.0,552750000.0,1547700000.0
sh600288,大恒科技,2004-08-25,7.41,7.45,7.22,7.41,7.37,256300.0,1890834.0,555750000.0,1556100000.0
sh600288,大恒科技,2004-08-26,7.42,7.49,7.3,7.32,7.41,155000.0,1140426.0,549000000.0,1537200000.0
sh600288,大恒科技,2004-08-27,7.2,7.34,7.08,7.09,7.32,320200.0,2289174.0,531750000.0,1488900000.0
sh600288,大恒科技,2004-08-30,7.08,7.16,6.91,7.1,7.09,222730.0,1565534.0,532500000.0,1491000000.0
sh600288,大恒科技,2004-08-31,7.56,7.6,7.28,7.34,7.1,479289.0,3534841.0,550500000.0,1541400000.0
sh600288,大恒科技,2004-09-01,7.25,7.36,7.25,7.29,7.34,151700.0,1104497.0,546750000.0,1530900000.0
sh600288,大恒科技,2004-09-02,7.3,7.36,7.16,7.36,7.29,155171.0,1126735.0,552000000.0,1545600000.0
sh600288,大恒科技,2004-09-03,7.36,7.38,7.22,7.23,7.36,210821.0,1533289.0,542250000.0,1518300000.0
sh600288,大恒科技,2004-09-06,7.13,7.3,7.13,7.28,7.23,114746.0,831291.0,546000000.0,1528800000.0
sh600288,大恒科技,2004-09-07,7.22,7.34,7.18,7.33,7.28,69800.0,508707.0,549750000.0,1539300000.0
sh600288,大恒科技,2004-09-08,7.33,7.37,7.23,7.3,7.33,76300.0,556332.0,547500000.0,1533000000.0
sh600288,大恒科技,2004-09-09,7.21,7.27,7.13,7.13,7.3,179600.0,1287089.0,534750000.0,1497300000.0
sh600288,大恒科技,2004-09-10,7.08,7.18,7.01,7.15,7.13,147093.0,1043228.0,536250000.0,1501500000.0
sh600288,大恒科技,2004-09-13,7.15,7.2,6.82,6.86,7.15,232900.0,1615195.0,514500000.0,1440600000.0
sh600288,大恒科技,2004-09-14,6.6,7.2,6.6,7.08,6.86,592529.0,4186331.0,531000000.0,1486800000.0
sh600288,大恒科技,2004-09-15,7.1,7.58,7.08,7.46,7.08,1121029.0,8311841.0,559500000.0,1566600000.0
sh600288,大恒科技,2004-09-16,7.48,7.57,7.4,7.52,7.46,960047.0,7158972.0,564000000.0,1579200000.0
sh600288,大恒科技,2004-09-17,7.55,7.89,7.45,7.84,7.52,1512061.0,11731927.0,588000000.0,1646400000.0
sh600288,大恒科技,2004-09-20,7.8,8.3,7.8,8.22,7.84,1724403.0,13967185.0,616500000.0,1726200000.0
sh600288,大恒科技,2004-09-21,8.22,8.55,8.0,8.41,8.22,1837467.0,15273114.0,630750000.0,1766100000.0
sh600288,大恒科技,2004-09-22,8.43,8.55,8.1,8.25,8.41,1663667.0,13847537.0,618750000.0,1732500000.0
sh600288,大恒科技,2004-09-23,8.15,8.7,8.09,8.69,8.25,2462282.0,20772584.0,651750000.0,1824900000.0
sh600288,大恒科技,2004-09-24,9.01,9.16,8.3,8.32,8.69,4198997.0,37187828.0,624000000.0,1747200000.0
sh600288,大恒科技,2004-09-27,8.48,8.6,8.1,8.16,8.32,935159.0,7770102.0,612000000.0,1713600000.0
sh600288,大恒科技,2004-09-28,8.21,8.38,8.1,8.24,8.16,588179.0,4814653.0,618000000.0,1730400000.0
sh600288,大恒科技,2004-09-29,8.28,8.3,8.08,8.08,8.24,432100.0,3536787.0,606000000.0,1696800000.0
sh600288,大恒科技,2004-09-30,8.15,8.15,7.76,7.81,8.08,573400.0,4550457.0,585750000.0,1640100000.0
sh600288,大恒科技,2004-10-08,7.71,8.17,7.7,8.16,7.81,351984.0,2775580.0,612000000.0,1713600000.0
sh600288,大恒科技,2004-10-11,8.0,8.53,8.0,8.22,8.16,778576.0,6475812.0,616500000.0,1726200000.0
sh600288,大恒科技,2004-10-12,8.24,8.28,8.11,8.12,8.22,393198.0,3212091.0,609000000.0,1705200000.0
sh600288,大恒科技,2004-10-13,8.08,8.38,8.06,8.35,8.12,470015.0,3866058.0,626250000.0,1753500000.0
sh600288,大恒科技,2004-10-14,8.36,8.49,7.7,7.77,8.35,816585.0,6649508.0,582750000.0,1631700000.0
sh600288,大恒科技,2004-10-15,7.69,8.05,7.69,7.83,7.77,645503.0,5069651.0,587250000.0,1644300000.0
sh600288,大恒科技,2004-10-18,7.95,8.23,7.85,8.17,7.83,695908.0,5606683.0,612750000.0,1715700000.0
sh600288,大恒科技,2004-10-19,8.47,8.57,8.16,8.27,8.17,1571163.0,13199919.0,620250000.0,1736700000.0
sh600288,大恒科技,2004-10-20,8.23,8.34,7.98,8.3,8.27,690706.0,5658379.0,622500000.0,1743000000.0
sh600288,大恒科技,2004-10-21,8.38,8.45,8.2,8.2,8.3,724835.0,6026022.0,615000000.0,1722000000.0
sh600288,大恒科技,2004-10-22,8.2,8.55,7.8,8.53,8.2,1719709.0,14197806.0,639750000.0,1791300000.0
sh600288,大恒科技,2004-10-25,8.68,8.83,8.2,8.23,8.53,3834434.0,33018586.0,617250000.0,1728300000.0
sh600288,大恒科技,2004-10-26,7.9,8.25,7.9,8.19,8.23,1058808.0,8544033.0,614250000.0,1719900000.0
sh600288,大恒科技,2004-10-27,8.12,8.2,7.78,8.06,8.19,1606060.0,12802025.0,604500000.0,1692600000.0
sh600288,大恒科技,2004-10-28,8.07,8.15,7.88,7.92,8.06,817980.0,6565218.0,594000000.0,1663200000.0
sh600288,大恒科技,2004-10-29,7.7,8.09,7.45,7.77,7.92,744356.0,5791082.0,582750000.0,1631700000.0
sh600288,大恒科技,2004-11-01,7.77,7.77,7.4,7.43,7.77,693720.0,5274039.0,557250000.0,1560300000.0
sh600288,大恒科技,2004-11-02,7.4,7.55,7.3,7.48,7.43,381805.0,2839375.0,561000000.0,1570800000.0
sh600288,大恒科技,2004-11-03,7.6,7.68,7.43,7.66,7.48,337644.0,2555458.0,574500000.0,1608600000.0
sh600288,大恒科技,2004-11-04,7.66,7.77,7.45,7.47,7.66,300349.0,2291557.0,560250000.0,1568700000.0
sh600288,大恒科技,2004-11-05,7.5,7.62,7.44,7.49,7.47,221136.0,1663804.0,561750000.0,1572900000.0
sh600288,大恒科技,2004-11-08,7.49,7.49,7.32,7.43,7.49,268373.0,1978977.0,557250000.0,1560300000.0
sh600288,大恒科技,2004-11-09,7.43,7.48,7.38,7.4,7.43,251099.0,1860104.0,555000000.0,1554000000.0
sh600288,大恒科技,2004-11-10,7.42,7.92,7.42,7.85,7.4,1076144.0,8357600.0,588750000.0,1648500000.0
sh600288,大恒科技,2004-11-11,7.85,8.3,7.85,7.93,7.85,1605920.0,13044811.0,594750000.0,1665300000.0
sh600288,大恒科技,2004-11-12,7.93,8.17,7.91,7.98,7.93,655950.0,5261234.0,598500000.0,1675800000.0
sh600288,大恒科技,2004-11-15,8.0,8.1,7.9,8.03,7.98,430119.0,3440786.0,602250000.0,1686300000.0
sh600288,大恒科技,2004-11-16,8.06,8.15,7.91,7.95,8.03,323519.0,2578962.0,596250000.0,1669500000.0
sh600288,大恒科技,2004-11-17,7.95,8.0,7.81,7.83,7.95,317170.0,2503709.0,587250000.0,1644300000.0
sh600288,大恒科技,2004-11-18,7.83,7.96,7.82,7.95,7.83,309461.0,2446828.0,596250000.0,1669500000.0
sh600288,大恒科技,2004-11-19,8.0,8.05,7.95,8.03,7.95,312661.0,2501476.0,602250000.0,1686300000.0
sh600288,大恒科技,2004-11-22,8.08,8.25,8.04,8.16,8.03,763008.0,6233242.0,612000000.0,1713600000.0
sh600288,大恒科技,2004-11-23,8.26,8.27,8.1,8.1,8.16,598545.0,4888382.0,607500000.0,1701000000.0
sh600288,大恒科技,2004-11-24,8.1,8.18,7.88,7.89,8.1,440800.0,3528412.0,591750000.0,1656900000.0
sh600288,大恒科技,2004-11-25,7.89,7.96,7.8,7.86,7.89,360050.0,2828236.0,589500000.0,1650600000.0
sh600288,大恒科技,2004-11-26,7.86,7.92,7.8,7.83,7.86,207669.0,1633069.0,587250000.0,1644300000.0
sh600288,大恒科技,2004-11-29,7.88,7.88,7.7,7.72,7.83,241100.0,1884853.0,579000000.0,1621200000.0
sh600288,大恒科技,2004-11-30,7.75,7.84,7.72,7.84,7.72,186016.0,1444670.0,588000000.0,1646400000.0
sh600288,大恒科技,2004-12-01,7.84,8.02,7.78,7.94,7.84,380710.0,3025648.0,595500000.0,1667400000.0
sh600288,大恒科技,2004-12-02,7.9,8.2,7.85,8.19,7.94,886604.0,7145873.0,614250000.0,1719900000.0
sh600288,大恒科技,2004-12-03,8.23,8.23,7.97,8.04,8.19,649052.0,5257928.0,603000000.0,1688400000.0
sh600288,大恒科技,2004-12-06,8.05,8.08,7.9,8.05,8.04,346315.0,2763023.0,603750000.0,1690500000.0
sh600288,大恒科技,2004-12-07,8.03,8.03,7.84,7.86,8.05,227971.0,1805077.0,589500000.0,1650600000.0
sh600288,大恒科技,2004-12-08,7.9,8.0,7.69,7.78,7.86,292400.0,2280453.0,583500000.0,1633800000.0
sh600288,大恒科技,2004-12-09,7.8,7.88,7.71,7.77,7.78,344640.0,2689262.0,582750000.0,1631700000.0
sh600288,大恒科技,2004-12-10,7.75,7.78,7.48,7.52,7.77,502180.0,3816023.0,564000000.0,1579200000.0
sh600288,大恒科技,2004-12-13,7.5,7.55,7.36,7.45,7.52,144500.0,1076295.0,558750000.0,1564500000.0
sh600288,大恒科技,2004-12-14,7.45,7.54,7.39,7.43,7.45,189449.0,1410240.0,557250000.0,1560300000.0
sh600288,大恒科技,2004-12-15,7.54,7.54,7.28,7.42,7.43,220751.0,1623242.0,556500000.0,1558200000.0
sh600288,大恒科技,2004-12-16,7.4,7.45,7.3,7.3,7.42,155086.0,1141210.0,547500000.0,1533000000.0
sh600288,大恒科技,2004-12-17,7.3,7.35,7.11,7.12,7.3,381857.0,2738027.0,534000000.0,1495200000.0
sh600288,大恒科技,2004-12-20,7.11,7.15,7.01,7.15,7.12,168850.0,1197682.0,536250000.0,1501500000.0
sh600288,大恒科技,2004-12-21,7.15,7.22,6.93,6.96,7.15,336500.0,2373722.0,522000000.0,1461600000.0
sh600288,大恒科技,2004-12-22,7.07,7.32,6.98,7.31,6.96,424402.0,3055137.0,548250000.0,1535100000.0
sh600288,大恒科技,2004-12-23,7.35,7.35,7.01,7.12,7.31,241550.0,1731738.0,534000000.0,1495200000.0
sh600288,大恒科技,2004-12-24,7.38,7.38,7.1,7.17,7.12,156340.0,1123930.0,537750000.0,1505700000.0
sh600288,大恒科技,2004-12-27,7.32,7.32,7.09,7.11,7.17,136875.0,979978.0,533250000.0,1493100000.0
sh600288,大恒科技,2004-12-28,7.15,7.23,7.02,7.17,7.11,200409.0,1430914.0,537750000.0,1505700000.0
sh600288,大恒科技,2004-12-29,7.2,7.3,7.11,7.11,7.17,155800.0,1123577.0,533250000.0,1493100000.0
sh600288,大恒科技,2004-12-30,7.09,7.15,7.05,7.07,7.11,124609.0,881670.0,530250000.0,1484700000.0
sh600288,大恒科技,2004-12-31,7.1,7.11,6.95,6.97,7.07,239035.0,1680481.0,522750000.0,1463700000.0
sh600288,大恒科技,2005-01-04,6.97,6.99,6.8,6.88,6.97,150500.0,1038304.0,516000000.0,1444800000.0
sh600288,大恒科技,2005-01-05,6.97,7.39,6.9,7.34,6.88,917980.0,6645842.0,550500000.0,1541400000.0
sh600288,大恒科技,2005-01-06,7.3,7.3,7.11,7.18,7.34,568043.0,4081626.0,538500000.0,1507800000.0
sh600288,大恒科技,2005-01-07,7.19,7.36,7.19,7.24,7.18,400599.0,2908976.0,543000000.0,1520400000.0
sh600288,大恒科技,2005-01-10,7.25,7.36,7.12,7.33,7.24,262547.0,1914804.0,549750000.0,1539300000.0
sh600288,大恒科技,2005-01-11,7.3,7.34,7.12,7.16,7.33,362149.0,2601517.0,537000000.0,1503600000.0
sh600288,大恒科技,2005-01-12,7.17,7.17,7.06,7.17,7.16,242627.0,1722216.0,537750000.0,1505700000.0
sh600288,大恒科技,2005-01-13,7.14,7.38,7.12,7.26,7.17,474995.0,3462052.0,544500000.0,1524600000.0
sh600288,大恒科技,2005-01-14,7.24,7.34,7.07,7.13,7.26,294290.0,2112427.0,534750000.0,1497300000.0
sh600288,大恒科技,2005-01-17,7.02,7.12,6.9,6.9,7.13,455400.0,3181306.0,517500000.0,1449000000.0
sh600288,大恒科技,2005-01-18,6.85,7.1,6.85,7.1,6.9,220072.0,1545178.0,532500000.0,1491000000.0
sh600288,大恒科技,2005-01-19,7.08,7.08,6.98,7.04,7.1,159114.0,1115421.0,528000000.0,1478400000.0
sh600288,大恒科技,2005-01-20,6.9,7.13,6.88,6.98,7.04,346964.0,2413249.0,523500000.0,1465800000.0
sh600288,大恒科技,2005-01-21,7.03,7.15,6.8,7.12,6.98,532370.0,3707366.0,534000000.0,1495200000.0
sh600288,大恒科技,2005-01-24,7.45,7.58,7.3,7.34,7.12,1138453.0,8412608.0,550500000.0,1541400000.0
sh600288,大恒科技,2005-01-25,7.3,7.3,7.1,7.2,7.34,455264.0,3277865.0,540000000.0,1512000000.0
sh600288,大恒科技,2005-01-26,7.19,7.2,7.1,7.13,7.2,180875.0,1292192.0,534750000.0,1497300000.0
sh600288,大恒科技,2005-01-27,7.05,7.13,6.98,7.0,7.13,169420.0,1194418.0,525000000.0,1470000000.0
sh600288,大恒科技,2005-01-28,6.99,6.99,6.81,6.84,7.0,273780.0,1885631.0,513000000.0,1436400000.0
sh600288,大恒科技,2005-01-31,6.8,6.8,6.28,6.39,6.84,501530.0,3269115.0,479250000.0,1341900000.0
sh600288,大恒科技,2005-02-01,6.28,6.45,6.23,6.28,6.39,265450.0,1686250.0,471000000.0,1318800000.0
sh600288,大恒科技,2005-02-02,6.32,6.8,6.3,6.78,6.28,521124.0,3407590.0,508500000.0,1423800000.0
sh600288,大恒科技,2005-02-03,6.75,6.75,6.43,6.46,6.78,598805.0,3932920.0,484500000.0,1356600000.0
sh600288,大恒科技,2005-02-04,6.4,6.63,6.4,6.57,6.46,297538.0,1941289.0,492750000.0,1379700000.0
sh600288,大恒科技,2005-02-16,6.68,6.73,6.55,6.59,6.57,236175.0,1570110.0,494250000.0,1383900000.0
sh600288,大恒科技,2005-02-17,6.68,6.72,6.52,6.7,6.59,183000.0,1215273.0,502500000.0,1407000000.0
sh600288,大恒科技,2005-02-18,6.72,6.72,6.52,6.53,6.7,155600.0,1029134.0,489750000.0,1371300000.0
sh600288,大恒科技,2005-02-21,6.53,6.68,6.51,6.67,6.53,205751.0,1361007.0,500250000.0,1400700000.0
sh600288,大恒科技,2005-02-22,6.67,6.94,6.63,6.86,6.67,534875.0,3644867.0,514500000.0,1440600000.0
sh600288,大恒科技,2005-02-23,6.86,7.04,6.82,6.95,6.86,504269.0,3510921.0,521250000.0,1459500000.0
sh600288,大恒科技,2005-02-24,6.95,7.09,6.84,6.94,6.95,448494.0,3118346.0,520500000.0,1457400000.0
sh600288,大恒科技,2005-02-25,6.95,7.07,6.9,7.04,6.94,595452.0,4161161.0,528000000.0,1478400000.0
sh600288,大恒科技,2005-02-28,7.05,7.08,6.95,6.98,7.04,355950.0,2485377.0,523500000.0,1465800000.0
sh600288,大恒科技,2005-03-01,6.95,7.03,6.9,6.94,6.98,324550.0,2246618.0,520500000.0,1457400000.0
sh600288,大恒科技,2005-03-02,6.94,6.97,6.67,6.67,6.94,467300.0,3184719.0,500250000.0,1400700000.0
sh600288,大恒科技,2005-03-03,6.66,6.8,6.66,6.78,6.67,297020.0,1997571.0,508500000.0,1423800000.0
sh600288,大恒科技,2005-03-04,6.76,6.79,6.65,6.67,6.78,213100.0,1426447.0,500250000.0,1400700000.0
sh600288,大恒科技,2005-03-07,6.77,6.78,6.67,6.75,6.67,195450.0,1314253.0,506250000.0,1417500000.0
sh600288,大恒科技,2005-03-08,6.8,6.97,6.8,6.95,6.75,491744.0,3385509.0,521250000.0,1459500000.0
sh600288,大恒科技,2005-03-09,6.97,7.07,6.92,6.96,6.95,495193.0,3464384.0,522000000.0,1461600000.0
sh600288,大恒科技,2005-03-10,6.92,6.96,6.68,6.69,6.96,471400.0,3211836.0,501750000.0,1404900000.0
sh600288,大恒科技,2005-03-11,6.66,7.06,6.66,6.92,6.69,591782.0,4074599.0,519000000.0,1453200000.0
sh600288,大恒科技,2005-03-14,6.98,7.02,6.73,6.83,6.92,350142.0,2395283.0,512250000.0,1434300000.0
sh600288,大恒科技,2005-03-15,6.83,6.83,6.6,6.63,6.83,365649.0,2450615.0,497250000.0,1392300000.0
sh600288,大恒科技,2005-03-16,6.6,6.7,6.52,6.62,6.63,234361.0,1547297.0,496500000.0,1390200000.0
sh600288,大恒科技,2005-03-17,6.63,6.68,6.02,6.3,6.62,468192.0,3024258.0,472500000.0,1323000000.0
sh600288,大恒科技,2005-03-18,6.29,6.4,6.2,6.27,6.3,424939.0,2661165.0,470250000.0,1316700000.0
sh600288,大恒科技,2005-03-21,6.33,6.35,6.08,6.24,6.27,414452.0,2578380.0,468000000.0,1310400000.0
sh600288,大恒科技,2005-03-22,6.18,6.19,5.82,5.85,6.24,539809.0,3235339.0,438750000.0,1228500000.0
sh600288,大恒科技,2005-03-23,5.8,5.98,5.75,5.8,5.85,399850.0,2344608.0,435000000.0,1218000000.0
sh600288,大恒科技,2005-03-24,5.86,5.98,5.76,5.98,5.8,273999.0,1605455.0,448500000.0,1255800000.0
sh600288,大恒科技,2005-03-25,5.91,5.95,5.83,5.85,5.98,163250.0,961662.0,438750000.0,1228500000.0
sh600288,大恒科技,2005-03-28,5.81,5.81,5.51,5.65,5.85,377330.0,2134008.0,423750000.0,1186500000.0
sh600288,大恒科技,2005-03-29,5.62,5.72,5.59,5.6,5.65,376239.0,2123482.0,420000000.0,1176000000.0
sh600288,大恒科技,2005-03-30,5.57,5.64,5.55,5.56,5.6,290189.0,1622308.0,417000000.0,1167600000.0
sh600288,大恒科技,2005-03-31,5.5,5.6,5.46,5.6,5.56,212260.0,1178051.0,420000000.0,1176000000.0
sh600288,大恒科技,2005-04-01,5.56,5.99,5.55,5.87,5.6,348480.0,1995175.0,440250000.0,1232700000.0
sh600288,大恒科技,2005-04-04,5.8,5.8,5.6,5.63,5.87,395044.0,2247453.0,422250000.0,1182300000.0
sh600288,大恒科技,2005-04-05,5.62,5.71,5.55,5.57,5.63,193300.0,1087042.0,417750000.0,1169700000.0
sh600288,大恒科技,2005-04-06,5.51,5.55,5.37,5.43,5.57,1017391.0,5545836.0,407250000.0,1140300000.0
sh600288,大恒科技,2005-04-07,5.45,5.8,5.45,5.65,5.43,1367668.0,7675058.0,423750000.0,1186500000.0
sh600288,大恒科技,2005-04-08,5.65,5.88,5.58,5.87,5.65,727580.0,4149441.0,440250000.0,1232700000.0
sh600288,大恒科技,2005-04-11,5.89,6.0,5.82,5.92,5.87,1040900.0,6152191.0,444000000.0,1243200000.0
sh600288,大恒科技,2005-04-12,5.92,5.92,5.67,5.68,5.92,600900.0,3459862.0,426000000.0,1192800000.0
sh600288,大恒科技,2005-04-13,5.73,5.96,5.73,5.95,5.68,824724.0,4842867.0,446250000.0,1249500000.0
sh600288,大恒科技,2005-04-14,5.9,5.93,5.73,5.76,5.95,480757.0,2795739.0,432000000.0,1209600000.0
sh600288,大恒科技,2005-04-15,5.75,5.75,5.54,5.58,5.76,446927.0,2501863.0,418500000.0,1171800000.0
sh600288,大恒科技,2005-04-18,5.54,5.54,5.31,5.4,5.58,391906.0,2116518.0,405000000.0,1134000000.0
sh600288,大恒科技,2005-04-19,5.37,5.5,5.36,5.42,5.4,253014.0,1377606.0,406500000.0,1138200000.0
sh600288,大恒科技,2005-04-20,5.4,5.42,5.14,5.19,5.42,584771.0,3052951.0,389250000.0,1089900000.0
sh600288,大恒科技,2005-04-21,5.19,5.3,4.88,5.01,5.19,560676.0,2812603.0,375750000.0,1052100000.0
sh600288,大恒科技,2005-04-22,5.01,5.13,5.0,5.04,5.01,420191.0,2130550.0,378000000.0,1058400000.0
sh600288,大恒科技,2005-04-25,4.99,5.07,4.6,4.89,5.04,411343.0,1993158.0,366750000.0,1026900000.0
sh600288,大恒科技,2005-04-26,4.86,5.28,4.8,5.19,4.89,656462.0,3353319.0,389250000.0,1089900000.0
sh600288,大恒科技,2005-04-27,5.19,5.23,4.99,5.03,5.19,619456.0,3131402.0,377250000.0,1056300000.0
sh600288,大恒科技,2005-04-28,4.98,5.26,4.9,5.18,5.03,1071258.0,5495001.0,388500000.0,1087800000.0
sh600288,大恒科技,2005-04-29,5.18,5.21,5.01,5.04,5.18,521681.0,2663120.0,378000000.0,1058400000.0
sh600288,大恒科技,2005-05-09,5.0,5.17,4.75,4.76,5.04,298250.0,1451093.0,357000000.0,999600000.0
sh600288,大恒科技,2005-05-10,4.66,4.85,4.65,4.85,4.76,307507.0,1458609.0,363750000.0,1018500000.0
sh600288,大恒科技,2005-05-11,4.79,4.97,4.75,4.91,4.85,374966.0,1834962.0,368250000.0,1031100000.0
sh600288,大恒科技,2005-05-12,4.95,5.05,4.85,4.98,4.91,627154.0,3107147.0,373500000.0,1045800000.0
sh600288,大恒科技,2005-05-13,5.17,5.32,5.11,5.18,4.98,2465250.0,12849518.0,388500000.0,1087800000.0
sh600288,大恒科技,2005-05-16,5.18,5.18,5.05,5.07,5.18,492650.0,2506258.0,380250000.0,1064700000.0
sh600288,大恒科技,2005-05-17,5.03,5.2,5.01,5.11,5.07,396801.0,2028583.0,383250000.0,1073100000.0
sh600288,大恒科技,2005-05-18,5.12,5.2,5.05,5.18,5.11,418249.0,2140293.0,388500000.0,1087800000.0
sh600288,大恒科技,2005-05-19,5.18,5.2,5.06,5.1,5.18,295173.0,1509176.0,382500000.0,1071000000.0
sh600288,大恒科技,2005-05-20,5.06,5.11,4.92,4.94,5.1,444706.0,2244216.0,370500000.0,1037400000.0
sh600288,大恒科技,2005-05-23,4.9,4.9,4.7,4.71,4.94,495941.0,2351961.0,353250000.0,989100000.0
sh600288,大恒科技,2005-05-24,4.73,4.93,4.7,4.89,4.71,424500.0,2067199.0,366750000.0,1026900000.0
sh600288,大恒科技,2005-05-25,4.86,4.96,4.82,4.89,4.89,486737.0,2385543.0,366750000.0,1026900000.0
sh600288,大恒科技,2005-05-26,4.89,4.97,4.88,4.9,4.89,427493.0,2101610.0,367500000.0,1029000000.0
sh600288,大恒科技,2005-05-27,4.9,5.07,4.87,4.93,4.9,444337.0,2210594.0,369750000.0,1035300000.0
sh600288,大恒科技,2005-05-30,4.92,5.04,4.91,5.01,4.93,283766.0,1412736.0,375750000.0,1052100000.0
sh600288,大恒科技,2005-05-31,5.08,5.08,4.91,4.95,5.01,269070.0,1344063.0,371250000.0,1039500000.0
sh600288,大恒科技,2005-06-01,4.91,4.95,4.83,4.85,4.95,252800.0,1232426.0,363750000.0,1018500000.0
sh600288,大恒科技,2005-06-02,4.83,4.94,4.82,4.85,4.85,255516.0,1243341.0,363750000.0,1018500000.0
sh600288,大恒科技,2005-06-03,4.85,4.95,4.77,4.86,4.85,252786.0,1221740.0,364500000.0,1020600000.0
sh600288,大恒科技,2005-06-06,4.86,4.93,4.75,4.91,4.86,285342.0,1387353.0,368250000.0,1031100000.0
sh600288,大恒科技,2005-06-07,4.93,5.13,4.91,4.98,4.91,643382.0,3234224.0,373500000.0,1045800000.0
sh600288,大恒科技,2005-06-08,4.98,5.39,4.98,5.34,4.98,1432101.0,7482089.0,400500000.0,1121400000.0
sh600288,大恒科技,2005-06-09,5.4,5.43,5.2,5.36,5.34,1462757.0,7791162.0,402000000.0,1125600000.0
sh600288,大恒科技,2005-06-10,5.35,5.38,5.16,5.21,5.36,776143.0,4066286.0,390750000.0,1094100000.0
sh600288,大恒科技,2005-06-13,5.19,5.24,5.08,5.19,5.21,564951.0,2908691.0,389250000.0,1089900000.0
sh600288,大恒科技,2005-06-14,5.2,5.46,5.14,5.37,5.19,2281942.0,12170915.0,402750000.0,1127700000.0
sh600288,大恒科技,2005-06-15,5.36,5.36,5.14,5.18,5.37,1072195.0,5609921.0,388500000.0,1087800000.0
sh600288,大恒科技,2005-06-16,5.11,5.2,4.93,5.15,5.18,870587.0,4385526.0,386250000.0,1081500000.0
sh600288,大恒科技,2005-06-17,5.15,5.18,5.0,5.06,5.15,527005.0,2657028.0,379500000.0,1062600000.0
sh600288,大恒科技,2005-06-20,5.06,5.22,4.93,5.2,5.06,561786.0,2876977.0,390000000.0,1092000000.0
sh600288,大恒科技,2005-06-21,5.19,5.23,5.08,5.11,5.2,420885.0,2163792.0,383250000.0,1073100000.0
sh600288,大恒科技,2005-06-22,5.06,5.14,5.0,5.1,5.11,360074.0,1822042.0,382500000.0,1071000000.0
sh600288,大恒科技,2005-06-24,4.95,5.04,4.9,5.03,5.1,248907.0,1242207.0,377250000.0,1056300000.0
sh600288,大恒科技,2005-06-27,5.03,5.25,5.03,5.2,5.03,672181.0,3483860.0,390000000.0,1092000000.0
sh600288,大恒科技,2005-06-28,5.2,5.2,5.02,5.03,5.2,501345.0,2546101.0,377250000.0,1056300000.0
sh600288,大恒科技,2005-06-29,5.02,5.12,5.02,5.03,5.03,388398.0,1970379.0,377250000.0,1056300000.0
sh600288,大恒科技,2005-06-30,5.03,5.03,4.81,4.81,5.03,548639.0,2692301.0,360750000.0,1010100000.0
sh600288,大恒科技,2005-07-01,4.79,4.82,4.46,4.46,4.81,616000.0,2854440.0,334500000.0,936600000.0
sh600288,大恒科技,2005-07-04,4.44,4.44,4.08,4.33,4.46,734404.0,3103118.0,324750000.0,909300000.0
sh600288,大恒科技,2005-07-05,4.22,4.3,4.13,4.19,4.33,232485.0,978532.0,314250000.0,879900000.0
sh600288,大恒科技,2005-07-06,4.25,4.27,4.15,4.18,4.19,189720.0,796922.0,313500000.0,877800000.0
sh600288,大恒科技,2005-07-07,4.18,4.23,4.12,4.2,4.18,202324.0,843798.0,315000000.0,882000000.0
sh600288,大恒科技,2005-07-08,4.1,4.14,3.92,3.96,4.2,491600.0,1973404.0,297000000.0,831600000.0
sh600288,大恒科技,2005-07-11,4.01,4.2,3.95,3.97,3.96,349500.0,1422036.0,297750000.0,833700000.0
sh600288,大恒科技,2005-07-12,3.97,4.22,3.97,4.17,3.97,352803.0,1447804.0,312750000.0,875700000.0
sh600288,大恒科技,2005-07-13,4.15,4.19,4.07,4.16,4.17,327869.0,1358705.0,312000000.0,873600000.0
sh600288,大恒科技,2005-07-14,4.11,4.36,4.11,4.33,4.16,1169796.0,4995565.0,324750000.0,909300000.0
sh600288,大恒科技,2005-07-15,4.41,4.46,4.16,4.2,4.33,1405342.0,6085612.0,315000000.0,882000000.0
sh600288,大恒科技,2005-07-18,4.18,4.18,3.95,4.0,4.2,648189.0,2588164.0,300000000.0,840000000.0
sh600288,大恒科技,2005-07-19,4.0,4.06,3.86,3.94,4.0,581235.0,2303481.0,295500000.0,827400000.0
sh600288,大恒科技,2005-07-20,3.97,4.01,3.9,3.98,3.94,263370.0,1040254.0,298500000.0,835800000.0
sh600288,大恒科技,2005-07-21,3.99,4.0,3.62,3.87,3.98,431200.0,1665602.0,290250000.0,812700000.0
sh600288,大恒科技,2005-07-22,3.93,4.08,3.87,4.04,3.87,730068.0,2928604.0,303000000.0,848400000.0
sh600288,大恒科技,2005-07-25,4.0,4.02,3.93,3.95,4.04,374763.0,1483282.0,296250000.0,829500000.0
sh600288,大恒科技,2005-07-26,3.95,4.15,3.93,4.07,3.95,609075.0,2473833.0,305250000.0,854700000.0
sh600288,大恒科技,2005-07-27,4.09,4.25,4.08,4.22,4.07,959777.0,4000204.0,316500000.0,886200000.0
sh600288,大恒科技,2005-07-28,4.25,4.35,4.16,4.3,4.22,1381040.0,5889494.0,322500000.0,903000000.0
sh600288,大恒科技,2005-07-29,4.7,4.72,4.4,4.41,4.3,4560483.0,20665339.0,330750000.0,926100000.0
sh600288,大恒科技,2005-08-01,4.4,4.43,4.3,4.38,4.41,1090941.0,4754932.0,328500000.0,919800000.0
sh600288,大恒科技,2005-08-02,4.4,4.45,4.24,4.44,4.38,1355882.0,5908324.0,333000000.0,932400000.0
sh600288,大恒科技,2005-08-03,4.44,4.51,4.36,4.42,4.44,1424793.0,6346120.0,331500000.0,928200000.0
sh600288,大恒科技,2005-08-04,4.4,4.4,4.29,4.35,4.42,848965.0,3678969.0,326250000.0,913500000.0
sh600288,大恒科技,2005-08-05,4.31,4.48,4.31,4.46,4.35,1206367.0,5348511.0,334500000.0,936600000.0
sh600288,大恒科技,2005-08-08,4.47,4.64,4.47,4.55,4.46,1587432.0,7223621.0,341250000.0,955500000.0
sh600288,大恒科技,2005-08-09,4.58,4.75,4.5,4.69,4.55,1698730.0,7897581.0,351750000.0,984900000.0
sh600288,大恒科技,2005-08-10,4.69,4.82,4.6,4.81,4.69,1983870.0,9325953.0,360750000.0,1010100000.0
sh600288,大恒科技,2005-08-11,4.79,4.86,4.69,4.83,4.81,1883563.0,8957951.0,362250000.0,1014300000.0
sh600288,大恒科技,2005-08-12,4.86,4.95,4.69,4.72,4.83,3224649.0,15624356.0,354000000.0,991200000.0
sh600288,大恒科技,2005-08-15,4.71,4.95,4.65,4.9,4.72,1644973.0,7869748.0,367500000.0,1029000000.0
sh600288,大恒科技,2005-08-16,4.92,4.92,4.73,4.79,4.9,1198081.0,5760899.0,359250000.0,1005900000.0
sh600288,XD大恒科,2005-08-17,4.73,4.79,4.55,4.75,4.74,1294642.0,6023649.0,356250000.0,997500000.0
sh600288,大恒科技,2005-08-18,4.79,4.93,4.59,4.61,4.75,2199224.0,10631651.0,345750000.0,968100000.0
sh600288,大恒科技,2005-08-19,4.61,4.72,4.48,4.64,4.61,1132353.0,5197494.0,348000000.0,974400000.0
sh600288,大恒科技,2005-08-22,4.62,4.75,4.58,4.74,4.64,676076.0,3151693.0,355500000.0,995400000.0
sh600288,大恒科技,2005-08-23,4.72,4.74,4.56,4.6,4.74,581710.0,2705833.0,345000000.0,966000000.0
sh600288,大恒科技,2005-08-24,4.59,4.7,4.57,4.63,4.6,516343.0,2393522.0,347250000.0,972300000.0
sh600288,大恒科技,2005-08-25,4.63,4.66,4.53,4.65,4.63,682220.0,3133735.0,348750000.0,976500000.0
sh600288,大恒科技,2005-08-26,4.66,4.85,4.63,4.78,4.65,1583083.0,7521869.0,358500000.0,1003800000.0
sh600288,大恒科技,2005-08-29,4.78,4.84,4.67,4.77,4.78,1044803.0,4972661.0,357750000.0,1001700000.0
sh600288,大恒科技,2005-08-30,4.77,5.01,4.71,4.9,4.77,2808647.0,13821525.0,367500000.0,1029000000.0
sh600288,大恒科技,2005-08-31,4.95,5.0,4.82,5.0,4.9,1965887.0,9677427.0,375000000.0,1050000000.0
sh600288,大恒科技,2005-09-01,5.01,5.17,4.93,5.13,5.0,2607239.0,13253568.0,384750000.0,1077300000.0
sh600288,大恒科技,2005-09-02,5.4,5.64,5.33,5.64,5.13,6562673.0,36323504.0,423000000.0,1184400000.0
sh600288,大恒科技,2005-09-05,5.75,6.08,5.55,6.05,5.64,8814232.0,51508181.0,453750000.0,1270500000.0
sh600288,大恒科技,2005-09-06,6.0,6.04,5.7,5.7,6.05,6374800.0,37569634.0,427500000.0,1197000000.0
sh600288,大恒科技,2005-09-07,5.63,5.83,5.47,5.76,5.7,2844631.0,16021288.0,432000000.0,1209600000.0
sh600288,大恒科技,2005-09-08,5.71,5.75,5.53,5.61,5.76,2388467.0,13453007.0,420750000.0,1178100000.0
sh600288,大恒科技,2005-09-09,5.62,5.85,5.55,5.67,5.61,2461766.0,14043046.0,425250000.0,1190700000.0
sh600288,大恒科技,2005-09-12,5.62,5.68,5.57,5.61,5.67,936803.0,5255326.0,420750000.0,1178100000.0
sh600288,大恒科技,2005-09-13,5.65,5.72,5.53,5.72,5.61,1726045.0,9688455.0,429000000.0,1201200000.0
sh600288,大恒科技,2005-09-14,5.75,6.26,5.68,6.09,5.72,5330671.0,31751655.0,456750000.0,1278900000.0
sh600288,大恒科技,2005-09-15,6.0,6.03,5.88,5.93,6.09,2651556.0,15761941.0,444750000.0,1245300000.0
sh600288,大恒科技,2005-09-16,5.94,5.96,5.79,5.8,5.93,1629212.0,9553844.0,435000000.0,1218000000.0
sh600288,大恒科技,2005-09-19,5.8,5.93,5.75,5.88,5.8,1353359.0,7906900.0,441000000.0,1234800000.0
sh600288,大恒科技,2005-09-20,5.89,5.9,5.69,5.74,5.88,1804943.0,10393753.0,430500000.0,1205400000.0
sh600288,大恒科技,2005-09-21,5.73,5.81,5.69,5.76,5.74,1301250.0,7476647.0,432000000.0,1209600000.0
sh600288,大恒科技,2005-09-22,5.74,5.78,5.28,5.46,5.76,1692380.0,9338655.0,409500000.0,1146600000.0
sh600288,大恒科技,2005-09-23,5.46,5.53,5.23,5.25,5.46,914967.0,4910536.0,393750000.0,1102500000.0
sh600288,大恒科技,2005-09-26,5.25,5.28,5.16,5.27,5.25,796842.0,4157290.0,395250000.0,1106700000.0
sh600288,大恒科技,2005-09-27,5.27,5.34,5.12,5.14,5.27,1019360.0,5307940.0,385500000.0,1079400000.0
sh600288,大恒科技,2005-09-28,5.11,5.22,5.07,5.08,5.14,622280.0,3207035.0,381000000.0,1066800000.0
sh600288,大恒科技,2005-09-29,5.11,5.34,5.11,5.29,5.08,1207405.0,6320461.0,396750000.0,1110900000.0
sh600288,大恒科技,2005-09-30,5.28,5.3,5.18,5.22,5.29,601496.0,3151807.0,391500000.0,1096200000.0
sh600288,大恒科技,2005-10-10,5.1,5.2,4.98,4.99,5.22,467690.0,2370693.0,374250000.0,1047900000.0
sh600288,大恒科技,2005-10-11,5.0,5.25,5.0,5.2,4.99,635011.0,3275285.0,390000000.0,1092000000.0
sh600288,大恒科技,2005-10-12,5.2,5.33,5.12,5.27,5.2,586593.0,3081767.0,395250000.0,1106700000.0
sh600288,大恒科技,2005-10-13,5.27,5.3,5.19,5.24,5.27,625949.0,3283683.0,393000000.0,1100400000.0
sh600288,大恒科技,2005-10-14,5.27,5.27,5.09,5.11,5.24,504540.0,2604423.0,383250000.0,1073100000.0
sh600288,大恒科技,2005-10-17,5.15,5.24,5.08,5.2,5.11,623015.0,3221792.0,390000000.0,1092000000.0
sh600288,大恒科技,2005-10-18,5.2,5.38,5.16,5.37,5.2,1278149.0,6808271.0,402750000.0,1127700000.0
sh600288,大恒科技,2005-10-19,5.35,5.41,5.24,5.26,5.37,903650.0,4823791.0,394500000.0,1104600000.0
sh600288,大恒科技,2005-10-20,5.25,5.38,5.08,5.37,5.26,981254.0,5105681.0,402750000.0,1127700000.0
sh600288,大恒科技,2005-10-21,5.4,5.59,5.38,5.45,5.37,2634136.0,14440594.0,408750000.0,1144500000.0
sh600288,大恒科技,2005-10-24,5.4,5.55,5.37,5.49,5.45,1004531.0,5473548.0,411750000.0,1152900000.0
sh600288,大恒科技,2005-10-25,5.51,5.51,5.22,5.23,5.49,939257.0,5012942.0,392250000.0,1098300000.0
sh600288,大恒科技,2005-10-26,5.19,5.2,4.98,5.01,5.23,1258150.0,6379575.0,375750000.0,1052100000.0
sh600288,大恒科技,2005-10-27,4.99,5.03,4.93,4.94,5.01,688978.0,3419518.0,370500000.0,1037400000.0
sh600288,大恒科技,2005-10-28,5.03,5.08,4.6,4.73,4.94,872436.0,4257410.0,354750000.0,993300000.0
sh600288,大恒科技,2005-10-31,4.7,4.8,4.68,4.77,4.73,454563.0,2153838.0,357750000.0,1001700000.0
sh600288,大恒科技,2005-11-02,4.82,5.02,4.82,4.94,4.77,994048.0,4928446.0,370500000.0,1037400000.0
sh600288,大恒科技,2005-11-03,4.92,5.02,4.81,4.91,4.94,588358.0,2884275.0,368250000.0,1031100000.0
sh600288,大恒科技,2005-11-04,4.83,4.99,4.8,4.96,4.91,606751.0,2976224.0,372000000.0,1041600000.0
sh600288,大恒科技,2005-11-07,5.08,5.1,4.96,5.05,4.96,824496.0,4148713.0,378750000.0,1060500000.0
sh600288,大恒科技,2005-11-08,5.04,5.08,4.91,5.05,5.05,621940.0,3107447.0,378750000.0,1060500000.0
sh600288,大恒科技,2005-11-09,5.0,5.04,4.95,4.97,5.05,549262.0,2741764.0,372750000.0,1043700000.0
sh600288,大恒科技,2005-11-10,4.98,4.98,4.62,4.68,4.97,1257889.0,5972985.0,351000000.0,982800000.0
sh600288,大恒科技,2005-11-11,4.64,4.73,4.52,4.65,4.68,491331.0,2270339.0,348750000.0,976500000.0
sh600288,大恒科技,2005-11-14,4.65,4.71,4.52,4.71,4.65,308280.0,1423165.0,353250000.0,989100000.0
sh600288,大恒科技,2005-11-15,4.74,4.75,4.63,4.65,4.71,293618.0,1380065.0,348750000.0,976500000.0
sh600288,大恒科技,2005-11-16,4.61,4.8,4.58,4.77,4.65,512016.0,2392417.0,357750000.0,1001700000.0
sh600288,大恒科技,2005-11-17,4.81,4.89,4.78,4.8,4.77,875939.0,4240660.0,360000000.0,1008000000.0
sh600288,大恒科技,2005-11-18,4.75,4.94,4.75,4.92,4.8,1033469.0,5047743.0,369000000.0,1033200000.0
sh600288,大恒科技,2005-11-21,4.96,4.99,4.89,4.97,4.92,461490.0,2279937.0,372750000.0,1043700000.0
sh600288,大恒科技,2005-11-22,5.0,5.04,4.88,4.88,4.97,990050.0,4924219.0,366000000.0,1024800000.0
sh600288,大恒科技,2005-11-23,4.85,4.94,4.85,4.92,4.88,384052.0,1882369.0,369000000.0,1033200000.0
sh600288,大恒科技,2005-11-24,4.87,4.98,4.87,4.94,4.92,404290.0,1994188.0,370500000.0,1037400000.0
sh600288,大恒科技,2005-11-25,4.94,4.94,4.86,4.9,4.94,300197.0,1468484.0,367500000.0,1029000000.0
sh600288,大恒科技,2005-11-28,4.9,4.94,4.83,4.87,4.9,223208.0,1088561.0,365250000.0,1022700000.0
sh600288,大恒科技,2005-11-29,4.9,4.94,4.76,4.78,4.87,415529.0,1992395.0,358500000.0,1003800000.0
sh600288,大恒科技,2005-11-30,4.83,4.87,4.75,4.86,4.78,380347.0,1827017.0,364500000.0,1020600000.0
sh600288,大恒科技,2005-12-01,4.92,5.08,4.91,5.0,4.86,2285835.0,11446616.0,375000000.0,1050000000.0
sh600288,大恒科技,2005-12-02,4.98,4.98,4.8,4.81,5.0,672357.0,3289327.0,360750000.0,1010100000.0
sh600288,大恒科技,2005-12-05,4.72,4.77,4.55,4.56,4.81,840300.0,3900585.0,342000000.0,957600000.0
sh600288,大恒科技,2005-12-06,4.51,4.68,4.51,4.56,4.56,295250.0,1357904.0,342000000.0,957600000.0
sh600288,大恒科技,2005-12-07,4.56,4.67,4.56,4.67,4.56,257437.0,1186676.0,350250000.0,980700000.0
sh600288,大恒科技,2005-12-08,4.65,4.69,4.58,4.6,4.67,180930.0,835893.0,345000000.0,966000000.0
sh600288,大恒科技,2005-12-09,4.6,4.72,4.6,4.7,4.6,303310.0,1416196.0,352500000.0,987000000.0
sh600288,大恒科技,2005-12-12,4.73,4.78,4.7,4.74,4.7,429289.0,2036023.0,355500000.0,995400000.0
sh600288,大恒科技,2005-12-13,4.74,4.77,4.67,4.74,4.74,337414.0,1590163.0,355500000.0,995400000.0
sh600288,大恒科技,2005-12-14,4.74,4.83,4.69,4.8,4.74,395358.0,1885117.0,360000000.0,1008000000.0
sh600288,大恒科技,2005-12-15,4.81,4.87,4.75,4.76,4.8,470000.0,2265978.0,357000000.0,999600000.0
sh600288,大恒科技,2005-12-16,4.74,4.85,4.73,4.83,4.76,306200.0,1469444.0,362250000.0,1014300000.0
sh600288,大恒科技,2005-12-19,4.83,4.85,4.76,4.76,4.83,308150.0,1474677.0,357000000.0,999600000.0
sh600288,大恒科技,2005-12-20,4.77,4.84,4.74,4.82,4.76,322399.0,1547774.0,361500000.0,1012200000.0
sh600288,大恒科技,2005-12-21,4.82,4.85,4.73,4.74,4.82,266390.0,1270016.0,355500000.0,995400000.0
sh600288,大恒科技,2005-12-22,4.69,4.76,4.67,4.74,4.74,242399.0,1139866.0,355500000.0,995400000.0
sh600288,大恒科技,2005-12-23,4.77,4.86,4.75,4.85,4.74,733370.0,3538720.0,363750000.0,1018500000.0
sh600288,大恒科技,2005-12-26,4.83,4.99,4.83,4.95,4.85,1076276.0,5310177.0,371250000.0,1039500000.0
sh600288,大恒科技,2005-12-27,4.96,4.98,4.92,4.97,4.95,518808.0,2569851.0,372750000.0,1043700000.0
sh600288,大恒科技,2005-12-28,4.94,5.04,4.94,5.03,4.97,791852.0,3956046.0,377250000.0,1056300000.0
sh600288,大恒科技,2005-12-29,5.02,5.1,5.0,5.1,5.03,1176484.0,5959744.0,382500000.0,1071000000.0
sh600288,大恒科技,2005-12-30,5.08,5.11,5.03,5.06,5.1,921730.0,4659688.0,379500000.0,1062600000.0
sh600288,大恒科技,2006-01-04,5.57,5.57,5.57,5.57,5.06,1519280.0,8462390.0,417750000.0,1169700000.0
sh600288,大恒科技,2006-01-05,5.88,5.89,5.62,5.73,5.57,9393439.0,53961296.0,429750000.0,1203300000.0
sh600288,大恒科技,2006-01-06,5.75,5.84,5.67,5.7,5.73,5612066.0,32365706.0,427500000.0,1197000000.0
sh600288,大恒科技,2006-01-09,5.75,6.1,5.75,5.96,5.7,4985772.0,29722396.0,447000000.0,1251600000.0
sh600288,大恒科技,2006-01-10,5.96,5.98,5.75,5.87,5.96,2680305.0,15618916.0,440250000.0,1232700000.0
sh600288,大恒科技,2006-01-11,5.86,5.86,5.66,5.7,5.87,2040624.0,11697043.0,427500000.0,1197000000.0
sh600288,大恒科技,2006-01-12,5.7,5.87,5.67,5.85,5.7,2312910.0,13443992.0,438750000.0,1228500000.0
sh600288,大恒科技,2006-01-13,5.85,6.09,5.74,5.96,5.85,3510500.0,20772435.0,447000000.0,1251600000.0
sh600288,大恒科技,2006-02-06,6.5,6.5,6.09,6.23,5.96,3533546.0,22040403.0,467250000.0,1308300000.0
sh600288,大恒科技,2006-02-07,6.24,6.46,6.13,6.42,6.23,2767836.0,17266368.0,481500000.0,1348200000.0
sh600288,大恒科技,2006-02-08,6.38,6.52,6.26,6.42,6.42,2376484.0,15183783.0,481500000.0,1348200000.0
sh600288,大恒科技,2006-02-09,6.5,6.68,6.42,6.56,6.42,5211678.0,34224276.0,492000000.0,1377600000.0
sh600288,G大恒,2006-03-01,4.68,4.85,4.56,4.77,6.56,4628583.0,21852330.0,482962500.0,1001700000.0
sh600288,G大恒,2006-03-02,4.75,4.77,4.44,4.49,4.77,3611195.0,16691664.0,454612500.0,942900000.0
sh600288,G大恒,2006-03-03,4.45,4.54,4.32,4.5,4.49,2354437.0,10413003.0,455625000.0,945000000.0
sh600288,G大恒,2006-03-06,4.45,4.59,4.44,4.48,4.5,1639829.0,7423907.0,453600000.0,940800000.0
sh600288,G大恒,2006-03-07,4.5,4.5,4.23,4.24,4.48,1585607.0,6893715.0,429300000.0,890400000.0
sh600288,G大恒,2006-03-08,4.24,4.34,4.2,4.3,4.24,1126750.0,4807307.0,435375000.0,903000000.0
sh600288,G大恒,2006-03-09,4.29,4.32,4.2,4.22,4.3,816188.0,3471896.0,427275000.0,886200000.0
sh600288,G大恒,2006-03-10,4.21,4.28,4.21,4.27,4.22,685570.0,2914633.0,432337500.0,896700000.0
sh600288,G大恒,2006-03-13,4.25,4.29,4.21,4.29,4.27,777771.0,3307162.0,434362500.0,900900000.0
sh600288,G大恒,2006-03-14,4.28,4.29,4.2,4.27,4.29,675789.0,2864414.0,432337500.0,896700000.0
sh600288,G大恒,2006-03-15,4.27,4.41,4.23,4.41,4.27,1699625.0,7395837.0,446512500.0,926100000.0
sh600288,G大恒,2006-03-16,4.43,4.43,4.33,4.37,4.41,889036.0,3883719.0,442462500.0,917700000.0
sh600288,G大恒,2006-03-17,4.37,4.46,4.33,4.43,4.37,1256755.0,5546971.0,448537500.0,930300000.0
sh600288,G大恒,2006-03-20,4.43,4.51,4.41,4.49,4.43,1282480.0,5716848.0,454612500.0,942900000.0
sh600288,G大恒,2006-03-21,4.49,4.59,4.33,4.5,4.49,2061321.0,9320688.0,455625000.0,945000000.0
sh600288,G大恒,2006-03-22,4.5,4.57,4.43,4.55,4.5,1208847.0,5449372.0,460687500.0,955500000.0
sh600288,G大恒,2006-03-23,4.55,4.68,4.52,4.65,4.55,2108169.0,9751386.0,470812500.0,976500000.0
sh600288,G大恒,2006-03-24,4.65,4.7,4.58,4.69,4.65,2614566.0,12112707.0,474862500.0,984900000.0
sh600288,G大恒,2006-03-27,4.66,4.8,4.52,4.8,4.69,3779800.0,17742563.0,486000000.0,1008000000.0
sh600288,G大恒,2006-03-28,4.9,4.9,4.7,4.71,4.8,3289481.0,15658182.0,476887500.0,989100000.0
sh600288,G大恒,2006-03-29,4.71,4.81,4.7,4.71,4.71,2613242.0,12419034.0,476887500.0,989100000.0
sh600288,G大恒,2006-03-30,4.74,4.77,4.61,4.62,4.71,1923803.0,9020187.0,467775000.0,970200000.0
sh600288,G大恒,2006-03-31,4.62,4.75,4.54,4.7,4.62,1723507.0,8015258.0,475875000.0,987000000.0
sh600288,G大恒,2006-04-04,4.78,4.95,4.75,4.95,4.7,5841429.0,28329376.0,501187500.0,1039500000.0
sh600288,G大恒,2006-04-05,4.97,4.98,4.85,4.92,4.95,3219112.0,15775138.0,498150000.0,1033200000.0
sh600288,G大恒,2006-04-06,4.9,5.04,4.87,4.95,4.92,3955994.0,19611845.0,501187500.0,1039500000.0
sh600288,G大恒,2006-04-07,4.95,5.25,4.89,5.24,4.95,4173157.0,21061208.0,530550000.0,1100400000.0
sh600288,G大恒,2006-04-10,5.25,5.4,5.17,5.38,5.24,4675071.0,24802685.0,544725000.0,1129800000.0
sh600288,G大恒,2006-04-11,5.41,5.41,5.2,5.28,5.38,4191791.0,22219586.0,534600000.0,1108800000.0
sh600288,G大恒,2006-04-12,5.25,5.32,5.21,5.24,5.28,2160399.0,11357722.0,530550000.0,1100400000.0
sh600288,G大恒,2006-04-13,5.21,5.31,5.01,5.02,5.24,3738366.0,19270735.0,508275000.0,1054200000.0
sh600288,G大恒,2006-04-14,5.01,5.21,4.96,5.2,5.02,2510943.0,12793875.0,526500000.0,1092000000.0
sh600288,G大恒,2006-04-17,5.15,5.27,5.11,5.19,5.2,2203831.0,11472687.0,525487500.0,1089900000.0
sh600288,G大恒,2006-04-18,5.16,5.31,5.1,5.17,5.19,2405248.0,12503247.0,523462500.0,1085700000.0
sh600288,G大恒,2006-04-19,5.17,5.18,5.04,5.1,5.17,1996989.0,10189583.0,516375000.0,1071000000.0
sh600288,G大恒,2006-04-20,5.1,5.16,5.01,5.08,5.1,2107292.0,10716293.0,514350000.0,1066800000.0
sh600288,G大恒,2006-04-21,5.02,5.25,5.0,5.24,5.08,3434894.0,17737235.0,530550000.0,1100400000.0
sh600288,G大恒,2006-04-24,5.28,5.28,5.06,5.07,5.24,2710587.0,13878364.0,513337500.0,1064700000.0
sh600288,G大恒,2006-04-25,5.05,5.05,4.8,4.87,5.07,2916615.0,14307588.0,493087500.0,1022700000.0
sh600288,G大恒,2006-04-26,4.85,5.25,4.85,5.2,4.87,3172401.0,16203400.0,526500000.0,1092000000.0
sh600288,G大恒,2006-04-28,5.1,5.23,4.96,5.19,5.2,2396692.0,12340172.0,525487500.0,1089900000.0
sh600288,G大恒,2006-05-08,5.18,5.39,5.15,5.34,5.19,3974019.0,21014551.0,540675000.0,1121400000.0
sh600288,G大恒,2006-05-09,5.35,5.67,5.35,5.55,5.34,5222635.0,28791334.0,561937500.0,1165500000.0
sh600288,G大恒,2006-05-10,5.52,5.67,5.45,5.55,5.55,4203051.0,23338807.0,561937500.0,1165500000.0
sh600288,G大恒,2006-05-11,5.55,5.68,5.33,5.34,5.55,4522574.0,25102410.0,540675000.0,1121400000.0
sh600288,G大恒,2006-05-12,5.31,5.86,5.25,5.79,5.34,6221546.0,34816159.0,586237500.0,1215900000.0
sh600288,G大恒,2006-05-15,5.81,6.29,5.74,6.23,5.79,8128041.0,48547124.0,630787500.0,1308300000.0
sh600288,G大恒,2006-05-16,6.2,6.24,5.61,5.64,6.23,6008585.0,35563432.0,571050000.0,1184400000.0
sh600288,G大恒,2006-05-17,5.63,5.9,5.58,5.78,5.64,3578158.0,20498380.0,585225000.0,1213800000.0
sh600288,G大恒,2006-05-18,5.75,6.1,5.64,6.05,5.78,4263067.0,25108531.0,612562500.0,1270500000.0
sh600288,G大恒,2006-05-19,6.02,6.15,5.91,6.05,6.05,3964116.0,24025693.0,612562500.0,1270500000.0
sh600288,G大恒,2006-05-22,6.05,6.28,6.0,6.11,6.05,3452458.0,21220864.0,618637500.0,1283100000.0
sh600288,G大恒,2006-05-23,6.05,6.05,5.63,5.64,6.11,4045700.0,23535680.0,571050000.0,1184400000.0
sh600288,G大恒,2006-05-24,5.7,5.8,5.38,5.49,5.64,2791446.0,15571476.0,555862500.0,1152900000.0
sh600288,G大恒,2006-05-25,5.49,5.64,5.43,5.59,5.49,1916561.0,10584189.0,565987500.0,1173900000.0
sh600288,G大恒,2006-05-26,5.6,5.92,5.59,5.86,5.59,2828586.0,16183633.0,593325000.0,1230600000.0
sh600288,G大恒,2006-05-29,5.86,5.97,5.75,5.94,5.86,2212593.0,12992631.0,601425000.0,1247400000.0
sh600288,G大恒,2006-05-30,5.88,5.99,5.83,5.95,5.94,2582665.0,15297370.0,602437500.0,1249500000.0
sh600288,G大恒,2006-05-31,5.91,6.11,5.86,5.99,5.95,3490728.0,20890793.0,606487500.0,1257900000.0
sh600288,G大恒,2006-06-01,5.98,6.2,5.94,6.17,5.99,4179711.0,25613792.0,624712500.0,1295700000.0
sh600288,G大恒,2006-06-02,6.21,6.68,6.08,6.52,6.17,8842323.0,56888685.0,660150000.0,1369200000.0
sh600288,G大恒,2006-06-05,6.48,6.97,6.41,6.8,6.52,6223778.0,41601737.0,688500000.0,1428000000.0
sh600288,G大恒,2006-06-06,6.8,6.94,6.65,6.76,6.8,3741729.0,25321950.0,684450000.0,1419600000.0
sh600288,G大恒,2006-06-07,6.78,7.09,6.3,6.3,6.76,5722193.0,38267091.0,637875000.0,1323000000.0
sh600288,G大恒,2006-06-08,6.35,6.48,6.09,6.41,6.3,4395912.0,27744203.0,649012500.0,1346100000.0
sh600288,G大恒,2006-06-09,6.4,6.48,6.01,6.07,6.41,3542139.0,22238579.0,614587500.0,1274700000.0
sh600288,G大恒,2006-06-13,6.08,6.33,6.08,6.31,6.07,3453344.0,21402925.0,638887500.0,1325100000.0
sh600288,G大恒,2006-06-14,6.48,6.62,6.37,6.57,6.31,4666268.0,30274194.0,665212500.0,1379700000.0
sh600288,G大恒,2006-06-15,6.54,6.66,6.47,6.49,6.57,2339350.0,15308074.0,657112500.0,1362900000.0
sh600288,G大恒,2006-06-16,6.55,6.7,6.49,6.66,6.49,3503958.0,23094659.0,674325000.0,1398600000.0
sh600288,G大恒,2006-06-19,6.6,6.74,6.5,6.63,6.66,4896089.0,32537803.0,671287500.0,1392300000.0
sh600288,DRG大恒,2006-06-20,4.12,4.28,4.06,4.2,4.11,3825674.0,16047800.0,680400000.0,1411200000.0
sh600288,G大恒,2006-06-21,4.22,4.23,4.12,4.13,4.2,4238195.0,17659128.0,669060000.0,1387680000.0
sh600288,G大恒,2006-06-22,4.12,4.25,4.04,4.23,4.13,5372763.0,22395022.0,685260000.0,1421280000.0
sh600288,G大恒,2006-06-23,4.28,4.42,4.17,4.4,4.23,9003932.0,38821533.0,712800000.0,1478400000.0
sh600288,G大恒,2006-06-26,4.4,4.49,4.37,4.46,4.4,6540561.0,28947460.0,722520000.0,1498560000.0
sh600288,G大恒,2006-06-27,4.47,4.47,4.31,4.4,4.46,4575841.0,20071098.0,712800000.0,1478400000.0
sh600288,G大恒,2006-06-28,4.4,4.4,4.29,4.36,4.4,2839696.0,12306274.0,706320000.0,1464960000.0
sh600288,G大恒,2006-06-29,4.36,4.46,4.36,4.42,4.36,6041996.0,26642168.0,716040000.0,1485120000.0
sh600288,G大恒,2006-06-30,4.42,4.64,4.34,4.54,4.42,9537039.0,42922762.0,735480000.0,1525440000.0
sh600288,G大恒,2006-07-03,4.54,4.75,4.47,4.69,4.54,8156030.0,37832365.0,759780000.0,1575840000.0
sh600288,G大恒,2006-07-04,4.69,4.84,4.55,4.63,4.69,8743103.0,41079391.0,750060000.0,1555680000.0
sh600288,G大恒,2006-07-05,4.65,4.69,4.4,4.62,4.63,5154037.0,23452059.0,748440000.0,1552320000.0
sh600288,G大恒,2006-07-06,4.62,4.83,4.6,4.8,4.62,8465749.0,40394497.0,777600000.0,1612800000.0
sh600288,G大恒,2006-07-07,4.88,5.1,4.84,4.85,4.8,15573660.0,77152811.0,785700000.0,1629600000.0
sh600288,G大恒,2006-07-10,4.81,4.93,4.66,4.93,4.85,5507581.0,26292139.0,798660000.0,1656480000.0
sh600288,G大恒,2006-07-11,4.88,4.9,4.81,4.85,4.93,3230088.0,15631526.0,785700000.0,1629600000.0
sh600288,G大恒,2006-07-12,4.85,4.85,4.74,4.75,4.85,3574260.0,17061696.0,769500000.0,1596000000.0
sh600288,G大恒,2006-07-13,4.71,4.72,4.28,4.28,4.75,8688197.0,38757945.0,693360000.0,1438080000.0
sh600288,G大恒,2006-07-14,4.18,4.37,4.1,4.27,4.28,4066776.0,17273626.0,691740000.0,1434720000.0
sh600288,G大恒,2006-07-17,4.27,4.4,4.18,4.37,4.27,3552519.0,15425758.0,707940000.0,1468320000.0
sh600288,G大恒,2006-07-18,4.38,4.51,4.32,4.5,4.37,4129919.0,18225908.0,729000000.0,1512000000.0
sh600288,G大恒,2006-07-19,4.48,4.58,4.31,4.34,4.5,6504570.0,29111361.0,703080000.0,1458240000.0
sh600288,G大恒,2006-07-20,4.34,4.4,4.27,4.36,4.34,2730474.0,11835761.0,706320000.0,1464960000.0
sh600288,G大恒,2006-07-21,4.36,4.48,4.33,4.43,4.36,3950493.0,17477663.0,717660000.0,1488480000.0
sh600288,G大恒,2006-07-24,4.33,4.41,4.2,4.35,4.43,2281457.0,9921907.0,704700000.0,1461600000.0
sh600288,G大恒,2006-07-25,4.42,4.73,4.4,4.61,4.35,7667288.0,35380652.0,746820000.0,1548960000.0
sh600288,G大恒,2006-07-26,4.57,4.68,4.52,4.53,4.61,3261213.0,14901258.0,733860000.0,1522080000.0
sh600288,G大恒,2006-07-27,4.5,4.58,4.33,4.42,4.53,3498691.0,15520161.0,716040000.0,1485120000.0
sh600288,G大恒,2006-07-28,4.42,4.42,4.25,4.32,4.42,2919591.0,12601405.0,699840000.0,1451520000.0
sh600288,G大恒,2006-07-31,4.25,4.32,4.09,4.1,4.32,2952676.0,12323075.0,664200000.0,1377600000.0
sh600288,G大恒,2006-08-01,4.1,4.18,4.05,4.08,4.1,1637033.0,6743678.0,660960000.0,1370880000.0
sh600288,G大恒,2006-08-02,4.09,4.14,3.94,4.05,4.08,1999266.0,8095301.0,656100000.0,1360800000.0
sh600288,G大恒,2006-08-03,4.05,4.11,4.0,4.07,4.05,1076305.0,4355928.0,659340000.0,1367520000.0
sh600288,G大恒,2006-08-04,4.07,4.15,4.05,4.09,4.07,3456705.0,14171800.0,662580000.0,1374240000.0
sh600288,G大恒,2006-08-07,4.1,4.25,4.08,4.24,4.09,5781221.0,24183743.0,686880000.0,1424640000.0
sh600288,G大恒,2006-08-08,4.24,4.32,4.15,4.29,4.24,3597301.0,15277787.0,694980000.0,1441440000.0
sh600288,G大恒,2006-08-09,4.3,4.3,4.18,4.3,4.29,2540097.0,10756959.0,696600000.0,1444800000.0
sh600288,G大恒,2006-08-10,4.34,4.38,4.3,4.31,4.3,3688785.0,15994926.0,698220000.0,1448160000.0
sh600288,G大恒,2006-08-11,4.34,4.34,4.2,4.2,4.31,2579080.0,10922323.0,680400000.0,1411200000.0
sh600288,G大恒,2006-08-14,4.18,4.2,3.98,4.0,4.2,2842052.0,11558273.0,648000000.0,1344000000.0
sh600288,G大恒,2006-08-15,3.98,4.09,3.97,4.07,4.0,1339012.0,5417419.0,659340000.0,1367520000.0
sh600288,G大恒,2006-08-16,4.06,4.12,4.05,4.11,4.07,1397515.0,5715784.0,665820000.0,1380960000.0
sh600288,G大恒,2006-08-17,4.11,4.12,3.99,4.03,4.11,1480397.0,5963522.0,652860000.0,1354080000.0
sh600288,G大恒,2006-08-18,4.04,4.1,4.03,4.07,4.03,1033133.0,4196110.0,659340000.0,1367520000.0
sh600288,G大恒,2006-08-21,3.95,4.24,3.91,4.23,4.07,3510916.0,14415381.0,685260000.0,1421280000.0
sh600288,G大恒,2006-08-22,4.37,4.63,4.32,4.36,4.23,12261731.0,54742391.0,706320000.0,1464960000.0
sh600288,G大恒,2006-08-23,4.28,4.38,4.26,4.3,4.36,4374545.0,18866831.0,696600000.0,1444800000.0
sh600288,G大恒,2006-08-24,4.29,4.44,4.25,4.38,4.3,3383961.0,14774348.0,709560000.0,1471680000.0
sh600288,G大恒,2006-08-25,4.4,4.42,4.29,4.29,4.38,2801968.0,12158524.0,694980000.0,1441440000.0
sh600288,G大恒,2006-08-28,4.26,4.44,4.26,4.42,4.29,3880474.0,17063873.0,716040000.0,1485120000.0
sh600288,G大恒,2006-08-29,4.41,4.64,4.4,4.49,4.42,8638588.0,39200563.0,727380000.0,1508640000.0
sh600288,G大恒,2006-08-30,4.53,4.64,4.48,4.57,4.49,6651592.0,30420757.0,740340000.0,1535520000.0
sh600288,G大恒,2006-08-31,4.64,4.67,4.51,4.53,4.57,3482047.0,15898558.0,733860000.0,1522080000.0
sh600288,G大恒,2006-09-01,4.56,4.59,4.35,4.38,4.53,3671062.0,16302743.0,709560000.0,1471680000.0
sh600288,G大恒,2006-09-04,4.44,4.77,4.39,4.7,4.38,11446693.0,53388617.0,761400000.0,1579200000.0
sh600288,G大恒,2006-09-05,4.7,4.99,4.6,4.89,4.7,15220272.0,72977621.0,792180000.0,1643040000.0
sh600288,G大恒,2006-09-06,4.83,4.87,4.69,4.84,4.89,6802567.0,32548269.0,784080000.0,1626240000.0
sh600288,G大恒,2006-09-07,4.84,4.84,4.61,4.63,4.84,3829069.0,17983071.0,750060000.0,1555680000.0
sh600288,G大恒,2006-09-08,4.65,4.73,4.59,4.62,4.63,3046357.0,14189383.0,748440000.0,1552320000.0
sh600288,G大恒,2006-09-11,4.64,4.73,4.52,4.69,4.62,2608702.0,12060842.0,759780000.0,1575840000.0
sh600288,G大恒,2006-09-12,4.69,4.75,4.6,4.67,4.69,3515073.0,16467382.0,756540000.0,1569120000.0
sh600288,G大恒,2006-09-13,4.65,4.7,4.5,4.51,4.67,3538561.0,16197797.0,730620000.0,1515360000.0
sh600288,G大恒,2006-09-14,4.51,4.61,4.5,4.59,4.51,2932562.0,13354809.0,743580000.0,1542240000.0
sh600288,G大恒,2006-09-15,4.58,4.7,4.55,4.65,4.59,2886600.0,13368573.0,753300000.0,1562400000.0
sh600288,G大恒,2006-09-18,4.65,4.79,4.63,4.72,4.65,3827103.0,18066162.0,764640000.0,1585920000.0
sh600288,G大恒,2006-09-19,4.72,4.75,4.6,4.61,4.72,2766017.0,12883314.0,746820000.0,1548960000.0
sh600288,G大恒,2006-09-20,4.6,4.66,4.55,4.62,4.61,2397834.0,11048704.0,748440000.0,1552320000.0
sh600288,G大恒,2006-09-21,4.65,4.71,4.61,4.67,4.62,2504112.0,11657402.0,756540000.0,1569120000.0
sh600288,G大恒,2006-09-22,4.66,4.71,4.55,4.56,4.67,2932142.0,13586994.0,738720000.0,1532160000.0
sh600288,G大恒,2006-09-25,4.55,4.71,4.51,4.64,4.56,3479875.0,16042325.0,751680000.0,1559040000.0
sh600288,G大恒,2006-09-26,4.61,4.7,4.55,4.64,4.64,2744938.0,12721076.0,751680000.0,1559040000.0
sh600288,G大恒,2006-09-27,4.64,4.83,4.6,4.8,4.64,6685971.0,31619729.0,777600000.0,1612800000.0
sh600288,G大恒,2006-09-28,4.77,4.84,4.72,4.76,4.8,5832560.0,27937924.0,771120000.0,1599360000.0
sh600288,G大恒,2006-09-29,4.76,4.93,4.75,4.86,4.76,7880024.0,38344462.0,787320000.0,1632960000.0
sh600288,大恒科技,2006-10-09,4.91,4.96,4.81,4.9,4.86,5309990.0,25831471.0,793800000.0,1646400000.0
sh600288,大恒科技,2006-10-10,4.9,4.99,4.82,4.99,4.9,6588886.0,32536961.0,808380000.0,1676640000.0
sh600288,大恒科技,2006-10-11,4.98,4.99,4.79,4.82,4.99,4603360.0,22423264.0,780840000.0,1619520000.0
sh600288,大恒科技,2006-10-12,4.82,4.93,4.78,4.83,4.82,4576061.0,22213440.0,782460000.0,1622880000.0
sh600288,大恒科技,2006-10-13,4.88,5.15,4.88,5.07,4.83,15680898.0,78868441.0,821340000.0,1703520000.0
sh600288,大恒科技,2006-10-16,5.03,5.07,4.9,4.91,5.07,5809938.0,28903392.0,795420000.0,1649760000.0
sh600288,大恒科技,2006-10-17,4.91,4.95,4.81,4.83,4.91,3621021.0,17595759.0,782460000.0,1622880000.0
sh600288,大恒科技,2006-10-18,4.82,4.92,4.8,4.91,4.83,2629072.0,12826301.0,795420000.0,1649760000.0
sh600288,大恒科技,2006-10-19,4.88,4.91,4.82,4.85,4.91,3188853.0,15505206.0,785700000.0,1629600000.0
sh600288,大恒科技,2006-10-20,4.86,4.87,4.75,4.77,4.85,3531098.0,16944634.0,772740000.0,1602720000.0
sh600288,大恒科技,2006-10-23,4.78,4.79,4.5,4.57,4.77,4200049.0,19430640.0,740340000.0,1535520000.0
sh600288,大恒科技,2006-10-24,4.65,4.69,4.57,4.67,4.57,2342608.0,10842323.0,756540000.0,1569120000.0
sh600288,大恒科技,2006-10-25,4.68,4.68,4.51,4.58,4.67,2684849.0,12308160.0,741960000.0,1538880000.0
sh600288,大恒科技,2006-10-26,4.55,4.61,4.51,4.53,4.58,2010008.0,9150816.0,733860000.0,1522080000.0
sh600288,大恒科技,2006-10-27,4.52,4.57,4.32,4.33,4.53,2864532.0,12703139.0,701460000.0,1454880000.0
sh600288,大恒科技,2006-10-30,4.32,4.38,4.19,4.37,4.33,2790760.0,11956442.0,707940000.0,1468320000.0
sh600288,大恒科技,2006-10-31,4.37,4.39,4.24,4.38,4.37,2161718.0,9368015.0,709560000.0,1471680000.0
sh600288,大恒科技,2006-11-01,4.37,4.42,4.33,4.41,4.38,1553310.0,6808696.0,714420000.0,1481760000.0
sh600288,大恒科技,2006-11-02,4.42,4.42,4.28,4.33,4.41,2147394.0,9304529.0,701460000.0,1454880000.0
sh600288,大恒科技,2006-11-03,4.3,4.45,4.3,4.39,4.33,1983764.0,8724261.0,711180000.0,1475040000.0
sh600288,大恒科技,2006-11-06,4.36,4.42,4.26,4.28,4.39,3099475.0,13334482.0,693360000.0,1438080000.0
sh600288,大恒科技,2006-11-07,4.28,4.31,4.1,4.14,4.28,3704769.0,15412466.0,670680000.0,1391040000.0
sh600288,大恒科技,2006-11-08,4.14,4.21,4.13,4.16,4.14,1607925.0,6705332.0,673920000.0,1397760000.0
sh600288,大恒科技,2006-11-09,4.16,4.27,4.15,4.25,4.16,1554117.0,6563240.0,688500000.0,1428000000.0
sh600288,大恒科技,2006-11-10,4.25,4.27,4.05,4.12,4.25,1790422.0,7427883.0,667440000.0,1384320000.0
sh600288,大恒科技,2006-11-13,4.1,4.1,3.94,3.96,4.12,2539644.0,10152640.0,641520000.0,1330560000.0
sh600288,大恒科技,2006-11-14,3.96,4.09,3.93,4.08,3.96,1882642.0,7542213.0,660960000.0,1370880000.0
sh600288,大恒科技,2006-11-15,4.08,4.16,4.07,4.13,4.08,1868560.0,7708662.0,669060000.0,1387680000.0
sh600288,大恒科技,2006-11-16,4.14,4.18,4.0,4.02,4.13,2125084.0,8639512.0,651240000.0,1350720000.0
sh600288,大恒科技,2006-11-17,4.02,4.11,3.98,4.07,4.02,1399204.0,5665286.0,659340000.0,1367520000.0
sh600288,大恒科技,2006-11-20,4.08,4.1,3.98,4.02,4.07,1820882.0,7304387.0,651240000.0,1350720000.0
sh600288,大恒科技,2006-11-21,4.01,4.12,4.0,4.11,4.02,2043387.0,8340552.0,665820000.0,1380960000.0
sh600288,大恒科技,2006-11-22,4.11,4.19,4.08,4.17,4.11,2586165.0,10734662.0,675540000.0,1401120000.0
sh600288,大恒科技,2006-11-23,4.16,4.2,4.1,4.16,4.17,1821860.0,7566062.0,673920000.0,1397760000.0
sh600288,大恒科技,2006-11-24,4.13,4.2,4.13,4.18,4.16,1947920.0,8118397.0,677160000.0,1404480000.0
sh600288,大恒科技,2006-11-27,4.18,4.3,4.16,4.28,4.18,2628464.0,11134743.0,693360000.0,1438080000.0
sh600288,大恒科技,2006-11-28,4.26,4.3,4.19,4.23,4.28,2463753.0,10449121.0,685260000.0,1421280000.0
sh600288,大恒科技,2006-11-29,4.18,4.34,4.13,4.33,4.23,3456698.0,14799274.0,701460000.0,1454880000.0
sh600288,大恒科技,2006-11-30,4.37,4.37,4.3,4.36,4.33,3446870.0,14968610.0,706320000.0,1464960000.0
sh600288,大恒科技,2006-12-01,4.4,4.44,4.3,4.31,4.36,3941846.0,17173803.0,698220000.0,1448160000.0
sh600288,大恒科技,2006-12-04,4.3,4.46,4.25,4.45,4.31,8978460.0,39259935.0,720900000.0,1495200000.0
sh600288,大恒科技,2006-12-05,4.45,4.55,4.39,4.49,4.45,9387424.0,41852180.0,727380000.0,1508640000.0
sh600288,大恒科技,2006-12-06,4.52,4.69,4.34,4.62,4.49,11485040.0,52413288.0,748440000.0,1552320000.0
sh600288,大恒科技,2006-12-07,4.58,4.7,4.5,4.51,4.62,7653607.0,35357971.0,730620000.0,1515360000.0
sh600288,大恒科技,2006-12-08,4.45,4.46,4.19,4.2,4.51,4935536.0,21289185.0,680400000.0,1411200000.0
sh600288,大恒科技,2006-12-12,4.38,4.44,4.24,4.33,4.2,3217685.0,13956461.0,701460000.0,1454880000.0
sh600288,大恒科技,2006-12-13,4.32,4.32,4.2,4.28,4.33,2211131.0,9409552.0,693360000.0,1438080000.0
sh600288,大恒科技,2006-12-14,4.26,4.32,4.22,4.29,4.28,2725442.0,11623969.0,694980000.0,1441440000.0
sh600288,大恒科技,2006-12-15,4.29,4.36,4.28,4.32,4.29,3105078.0,13377708.0,699840000.0,1451520000.0
sh600288,大恒科技,2006-12-18,4.33,4.34,4.23,4.26,4.32,4861857.0,20772682.0,690120000.0,1431360000.0
sh600288,大恒科技,2006-12-19,4.25,4.44,4.25,4.43,4.26,6448544.0,28002071.0,717660000.0,1488480000.0
sh600288,大恒科技,2006-12-20,4.42,4.45,4.32,4.45,4.43,3906193.0,17142319.0,720900000.0,1495200000.0
sh600288,大恒科技,2006-12-21,4.45,4.48,4.36,4.37,4.45,4161631.0,18373082.0,707940000.0,1468320000.0
sh600288,大恒科技,2006-12-22,4.31,4.49,4.3,4.44,4.37,5171639.0,22814587.0,719280000.0,1491840000.0
sh600288,大恒科技,2006-12-25,4.44,4.57,4.43,4.51,4.44,5444512.0,24505821.0,730620000.0,1515360000.0
sh600288,大恒科技,2006-12-26,4.5,4.54,4.38,4.52,4.51,4198129.0,18720308.0,732240000.0,1518720000.0
sh600288,大恒科技,2006-12-27,4.58,4.65,4.5,4.52,4.52,11686255.0,53500868.0,732240000.0,1518720000.0
sh600288,大恒科技,2006-12-28,4.51,4.51,4.24,4.29,4.52,5408922.0,23586349.0,694980000.0,1441440000.0
sh600288,大恒科技,2006-12-29,4.29,4.38,4.27,4.3,4.29,3474238.0,14932775.0,696600000.0,1444800000.0
sh600288,大恒科技,2007-01-04,4.32,4.35,4.22,4.24,4.3,4819409.0,20499016.0,686880000.0,1424640000.0
sh600288,大恒科技,2007-01-05,4.24,4.32,4.2,4.32,4.24,3206604.0,13641135.0,699840000.0,1451520000.0
sh600288,大恒科技,2007-01-08,4.3,4.5,4.29,4.48,4.32,4969533.0,21930064.0,725760000.0,1505280000.0
sh600288,大恒科技,2007-01-09,4.48,4.58,4.46,4.52,4.48,6475768.0,29327844.0,732240000.0,1518720000.0
sh600288,大恒科技,2007-01-10,4.52,4.63,4.46,4.62,4.52,7309716.0,33346553.0,748440000.0,1552320000.0
sh600288,大恒科技,2007-01-11,4.62,4.85,4.57,4.69,4.62,11302194.0,53457181.0,759780000.0,1575840000.0
sh600288,大恒科技,2007-01-12,4.64,4.85,4.6,4.72,4.69,11012485.0,51846167.0,764640000.0,1585920000.0
sh600288,大恒科技,2007-01-15,4.9,4.95,4.72,4.95,4.72,18205837.0,87994241.0,801900000.0,1663200000.0
sh600288,大恒科技,2007-01-16,4.93,4.94,4.77,4.88,4.95,9291646.0,45145446.0,790560000.0,1639680000.0
sh600288,大恒科技,2007-01-17,4.88,5.1,4.75,4.97,4.88,12333780.0,61176068.0,805140000.0,1669920000.0
sh600288,大恒科技,2007-01-18,4.98,5.15,4.87,5.11,4.97,10317100.0,52009284.0,827820000.0,1716960000.0
sh600288,大恒科技,2007-01-19,5.15,5.22,5.06,5.19,5.11,9896708.0,50837066.0,840780000.0,1743840000.0
sh600288,大恒科技,2007-01-22,5.25,5.49,5.2,5.46,5.19,11521806.0,61649152.0,884520000.0,1834560000.0
sh600288,大恒科技,2007-01-23,5.52,5.54,5.1,5.34,5.46,12433049.0,65697156.0,865080000.0,1794240000.0
sh600288,大恒科技,2007-01-24,5.3,5.47,5.22,5.38,5.34,8423499.0,45327453.0,871560000.0,1807680000.0
sh600288,大恒科技,2007-01-25,5.35,5.35,4.93,4.96,5.38,9284867.0,47512220.0,803520000.0,1666560000.0
sh600288,大恒科技,2007-01-26,4.93,4.96,4.68,4.9,4.96,7550180.0,36560956.0,793800000.0,1646400000.0
sh600288,大恒科技,2007-01-29,4.93,5.18,4.93,5.16,4.9,6971626.0,35378502.0,835920000.0,1733760000.0
sh600288,大恒科技,2007-01-30,5.15,5.32,5.1,5.19,5.16,7589736.0,39602333.0,840780000.0,1743840000.0
sh600288,大恒科技,2007-01-31,5.2,5.43,4.94,5.03,5.19,10946556.0,57511733.0,814860000.0,1690080000.0
sh600288,大恒科技,2007-02-01,5.0,5.13,4.83,5.05,5.03,6097037.0,30467423.0,818100000.0,1696800000.0
sh600288,大恒科技,2007-02-02,5.1,5.48,5.07,5.24,5.05,15927118.0,84703329.0,848880000.0,1760640000.0
sh600288,大恒科技,2007-02-05,5.36,5.7,5.26,5.66,5.24,14274526.0,78717315.0,916920000.0,1901760000.0
sh600288,大恒科技,2007-02-06,5.66,5.78,5.53,5.68,5.66,9320807.0,52592435.0,920160000.0,1908480000.0
sh600288,大恒科技,2007-02-07,5.69,5.96,5.6,5.91,5.68,10940848.0,62864620.0,957420000.0,1985760000.0
sh600288,大恒科技,2007-02-08,5.96,6.08,5.82,6.02,5.91,9629633.0,57545386.0,975240000.0,2022720000.0
sh600288,大恒科技,2007-02-09,6.05,6.05,5.75,5.76,6.02,6723622.0,39403653.0,933120000.0,1935360000.0
sh600288,大恒科技,2007-02-12,5.72,5.85,5.7,5.8,5.76,5541200.0,31998856.0,939600000.0,1948800000.0
sh600288,大恒科技,2007-02-13,5.81,6.05,5.75,6.0,5.8,6035858.0,35778057.0,972000000.0,2016000000.0
sh600288,大恒科技,2007-02-15,6.3,6.6,6.18,6.6,6.0,12696912.0,83239596.0,1069200000.0,2217600000.0
sh600288,大恒科技,2007-02-16,6.74,6.95,6.6,6.67,6.6,13153051.0,88488488.0,1080540000.0,2241120000.0
sh600288,大恒科技,2007-02-26,6.7,7.29,6.7,7.2,6.67,8345620.0,59086660.0,1166400000.0,2419200000.0
sh600288,大恒科技,2007-02-27,7.3,7.33,6.48,6.48,7.2,11201459.0,76798030.0,1049760000.0,2177280000.0
sh600288,大恒科技,2007-02-28,6.32,6.94,6.28,6.81,6.48,9281999.0,60747225.0,1103220000.0,2288160000.0
sh600288,大恒科技,2007-03-01,6.8,6.94,6.4,6.65,6.81,7510379.0,50045744.0,1077300000.0,2234400000.0
sh600288,大恒科技,2007-03-02,6.68,6.86,6.52,6.68,6.65,4811784.0,32164580.0,1082160000.0,2244480000.0
sh600288,大恒科技,2007-03-05,7.01,7.23,6.72,7.03,6.68,11262900.0,78814945.0,1138860000.0,2362080000.0
sh600288,大恒科技,2007-03-06,7.1,7.13,6.85,7.0,7.03,5541236.0,38689591.0,1134000000.0,2352000000.0
sh600288,大恒科技,2007-03-07,7.03,7.31,7.0,7.21,7.0,7756173.0,55961823.0,1168020000.0,2422560000.0
sh600288,大恒科技,2007-03-08,7.18,7.35,7.05,7.27,7.21,7085196.0,51078488.0,1177740000.0,2442720000.0
sh600288,大恒科技,2007-03-09,7.2,7.93,7.15,7.52,7.27,11964775.0,90681268.0,1218240000.0,2526720000.0
sh600288,大恒科技,2007-03-12,7.48,8.2,7.26,8.01,7.52,11338849.0,88342176.0,1297620000.0,2691360000.0
sh600288,大恒科技,2007-03-13,7.98,8.35,7.9,8.08,8.01,8602905.0,70373597.0,1308960000.0,2714880000.0
sh600288,大恒科技,2007-03-14,8.08,8.5,7.4,8.27,8.08,9518857.0,77431334.0,1339740000.0,2778720000.0
sh600288,大恒科技,2007-03-15,8.25,8.4,8.1,8.27,8.27,6152728.0,50850542.0,1339740000.0,2778720000.0
sh600288,大恒科技,2007-03-16,8.23,8.27,7.5,7.81,8.27,9940900.0,78794384.0,1265220000.0,2624160000.0
sh600288,大恒科技,2007-03-19,7.49,8.41,7.41,8.3,7.81,10188998.0,82041093.0,1344600000.0,2788800000.0
sh600288,大恒科技,2007-03-20,8.52,9.1,8.52,8.89,8.3,13923185.0,122410249.0,1440180000.0,2987040000.0
sh600288,大恒科技,2007-03-21,8.9,9.08,8.7,8.95,8.89,7670791.0,67924779.0,1449900000.0,3007200000.0
sh600288,大恒科技,2007-03-22,9.0,9.35,8.74,8.79,8.95,10652076.0,96430911.0,1423980000.0,2953440000.0
sh600288,大恒科技,2007-03-23,8.7,9.04,8.65,8.99,8.79,6508018.0,57600832.0,1456380000.0,3020640000.0
sh600288,大恒科技,2007-03-26,9.09,9.18,8.9,9.07,8.99,7357727.0,66264115.0,1469340000.0,3047520000.0
sh600288,大恒科技,2007-03-27,9.08,9.1,8.82,8.96,9.07,7034919.0,62835817.0,1451520000.0,3010560000.0
sh600288,大恒科技,2007-03-28,8.42,8.95,8.38,8.73,8.96,6792394.0,58984074.0,1414260000.0,2933280000.0
sh600288,大恒科技,2007-03-29,8.75,9.05,8.41,8.42,8.73,7764049.0,67690270.0,1364040000.0,2829120000.0
sh600288,大恒科技,2007-03-30,8.42,8.6,8.32,8.48,8.42,5145903.0,43487368.0,1373760000.0,2849280000.0
sh600288,大恒科技,2007-04-02,8.5,9.1,8.49,9.0,8.48,10133051.0,89969006.0,1609200000.0,3024000000.0
sh600288,大恒科技,2007-04-03,9.08,9.49,8.99,9.23,9.0,11801240.0,109174505.0,1650324000.0,3101280000.0
sh600288,大恒科技,2007-04-04,9.23,9.44,9.03,9.24,9.23,8918678.0,82709338.0,1652112000.0,3104640000.0
sh600288,大恒科技,2007-04-05,9.24,9.45,9.11,9.33,9.24,7888803.0,73694669.0,1668204000.0,3134880000.0
sh600288,大恒科技,2007-04-06,9.21,9.38,9.06,9.18,9.33,11729658.0,107637855.0,1641384000.0,3084480000.0
sh600288,大恒科技,2007-04-09,9.11,9.35,9.11,9.28,9.18,10552617.0,97290379.0,1659264000.0,3118080000.0
sh600288,大恒科技,2007-04-10,9.3,9.35,9.0,9.23,9.28,8872602.0,81428462.0,1650324000.0,3101280000.0
sh600288,大恒科技,2007-04-11,9.23,9.27,9.05,9.26,9.23,8799625.0,80652908.0,1655688000.0,3111360000.0
sh600288,大恒科技,2007-04-12,9.25,9.66,9.23,9.64,9.26,16616795.0,158414224.0,1723632000.0,3239040000.0
sh600288,大恒科技,2007-04-13,9.63,9.64,9.2,9.27,9.64,10513105.0,99243948.0,1657476000.0,3114720000.0
sh600288,大恒科技,2007-04-16,9.15,9.45,9.07,9.4,9.27,11102210.0,102682128.0,1680720000.0,3158400000.0
sh600288,大恒科技,2007-04-17,9.4,9.93,9.35,9.85,9.4,16754934.0,161991263.0,1761180000.0,3309600000.0
sh600288,大恒科技,2007-04-18,9.9,10.27,9.68,10.1,9.85,16957071.0,170113725.0,1805880000.0,3393600000.0
sh600288,大恒科技,2007-04-19,10.08,10.75,9.78,10.23,10.1,21968662.0,225870048.0,1829124000.0,3437280000.0
sh600288,大恒科技,2007-04-20,10.31,10.89,10.31,10.79,10.23,15776194.0,168106302.0,1929252000.0,3625440000.0
sh600288,大恒科技,2007-04-23,10.99,11.75,10.99,11.25,10.79,17304892.0,196312301.0,2011500000.0,3780000000.0
sh600288,大恒科技,2007-04-24,11.14,11.63,10.82,11.19,11.25,18889779.0,211506118.0,2000772000.0,3759840000.0
sh600288,大恒科技,2007-04-26,11.19,11.2,10.72,11.04,11.19,12323615.0,135236556.0,1973952000.0,3709440000.0
sh600288,大恒科技,2007-04-27,11.05,11.38,10.95,11.1,11.04,9980601.0,111211896.0,1984680000.0,3729600000.0
sh600288,大恒科技,2007-04-30,11.05,11.4,10.91,11.38,11.1,13026589.0,146210252.0,2034744000.0,3823680000.0
sh600288,大恒科技,2007-05-08,11.5,12.33,11.5,12.06,11.38,11949699.0,143555015.0,2156328000.0,4052160000.0
sh600288,大恒科技,2007-05-09,12.15,12.46,11.18,11.69,12.06,14055486.0,166663344.0,2090172000.0,3927840000.0
sh600288,大恒科技,2007-05-10,11.71,12.18,11.63,11.8,11.69,10416716.0,123296874.0,2109840000.0,3964800000.0
sh600288,大恒科技,2007-05-11,11.78,11.78,11.03,11.36,11.8,11965155.0,135452177.0,2031168000.0,3816960000.0
sh600288,大恒科技,2007-05-14,11.12,11.51,11.0,11.16,11.36,10913127.0,123027113.0,1995408000.0,3749760000.0
sh600288,大恒科技,2007-05-16,10.69,11.35,10.62,11.3,11.16,11735760.0,129204371.0,2020440000.0,3796800000.0
sh600288,大恒科技,2007-05-17,11.33,11.84,11.33,11.66,11.3,10155895.0,118206629.0,2084808000.0,3917760000.0
sh600288,大恒科技,2007-05-18,11.66,11.66,11.2,11.27,11.66,10474961.0,118867953.0,2015076000.0,3786720000.0
sh600288,大恒科技,2007-05-21,10.81,11.45,10.73,11.34,11.27,12380557.0,138018908.0,2027592000.0,3810240000.0
sh600288,大恒科技,2007-05-22,11.45,12.39,11.45,12.37,11.34,23413027.0,282172750.0,2211756000.0,4156320000.0
sh600288,大恒科技,2007-05-23,12.42,13.2,12.18,12.91,12.37,17457487.0,222254429.0,2308308000.0,4337760000.0
sh600288,大恒科技,2007-05-24,12.92,12.99,11.88,12.3,12.91,16227034.0,200457278.0,2199240000.0,4132800000.0
sh600288,大恒科技,2007-05-25,12.3,12.42,12.0,12.26,12.3,11993488.0,147116592.0,2192088000.0,4119360000.0
sh600288,大恒科技,2007-05-28,12.41,13.13,12.41,12.51,12.26,14424785.0,183578659.0,2236788000.0,4203360000.0
sh600288,大恒科技,2007-05-29,12.55,12.88,12.28,12.61,12.51,12220667.0,153565908.0,2254668000.0,4236960000.0
sh600288,大恒科技,2007-05-30,11.51,12.3,11.35,11.35,12.61,13830682.0,162296135.0,2029380000.0,3813600000.0
sh600288,大恒科技,2007-05-31,10.96,11.18,10.22,10.22,11.35,14496559.0,150328606.0,1827336000.0,3433920000.0
sh600288,大恒科技,2007-06-01,9.93,10.49,9.2,9.2,10.22,12863386.0,123548675.0,1644960000.0,3091200000.0
sh600288,大恒科技,2007-06-04,9.19,9.3,8.28,8.28,9.2,12411858.0,104128980.0,1480464000.0,2782080000.0
sh600288,大恒科技,2007-06-05,7.95,8.28,7.45,8.17,8.28,14600560.0,112767184.0,1460796000.0,2745120000.0
sh600288,大恒科技,2007-06-06,8.16,8.46,7.8,8.18,8.17,12537468.0,102801256.0,1462584000.0,2748480000.0
sh600288,大恒科技,2007-06-07,8.2,8.7,8.2,8.69,8.18,12648151.0,106725073.0,1553772000.0,2919840000.0
sh600288,大恒科技,2007-06-08,8.7,8.87,8.55,8.66,8.69,12206549.0,106215796.0,1548408000.0,2909760000.0
sh600288,大恒科技,2007-06-11,8.85,9.53,8.71,9.53,8.66,17432289.0,159863359.0,1703964000.0,3202080000.0
sh600288,大恒科技,2007-06-12,9.65,9.65,8.76,9.32,9.53,16476328.0,152863840.0,1666416000.0,3131520000.0
sh600288,大恒科技,2007-06-13,9.35,9.81,9.3,9.59,9.32,17063475.0,162613578.0,1714692000.0,3222240000.0
sh600288,大恒科技,2007-06-14,9.58,9.58,9.11,9.15,9.59,11641179.0,108728071.0,1636020000.0,3074400000.0
sh600288,大恒科技,2007-06-15,9.0,9.74,8.81,9.71,9.15,16442559.0,155022963.0,1736148000.0,3262560000.0
sh600288,大恒科技,2007-06-18,10.15,10.28,9.91,10.01,9.71,27509112.0,277858881.0,1789788000.0,3363360000.0
sh600288,大恒科技,2007-06-19,9.88,10.5,9.7,10.29,10.01,14166562.0,143168211.0,1839852000.0,3457440000.0
sh600288,大恒科技,2007-06-20,10.32,10.6,9.71,9.8,10.29,12909529.0,132238262.0,1752240000.0,3292800000.0
sh600288,大恒科技,2007-06-21,9.94,10.35,9.64,10.12,9.8,11702460.0,117671990.0,1809456000.0,3400320000.0
sh600288,大恒科技,2007-06-22,10.14,10.2,9.11,9.11,10.12,10632065.0,100483489.0,1628868000.0,3060960000.0
sh600288,大恒科技,2007-06-25,9.01,9.15,8.2,8.2,9.11,8614587.0,72553594.0,1466160000.0,2755200000.0
sh600288,大恒科技,2007-06-26,7.9,8.15,7.38,8.11,8.2,10764498.0,81985424.0,1450068000.0,2724960000.0
sh600288,大恒科技,2007-06-27,8.0,8.25,7.8,8.16,8.11,8723880.0,70481834.0,1459008000.0,2741760000.0
sh600288,大恒科技,2007-06-28,8.16,8.58,7.34,7.34,8.16,8934657.0,71619742.0,1312392000.0,2466240000.0
sh600288,大恒科技,2007-06-29,7.08,7.25,6.64,6.88,7.34,10082523.0,69963428.0,1230144000.0,2311680000.0
sh600288,大恒科技,2007-07-02,6.88,7.24,6.75,7.23,6.88,5626789.0,39737311.0,1292724000.0,2429280000.0
sh600288,大恒科技,2007-07-03,7.3,7.36,6.95,7.25,7.23,3950157.0,28301877.0,1296300000.0,2436000000.0
sh600288,大恒科技,2007-07-04,7.25,7.3,6.91,7.08,7.25,2729126.0,19296698.0,1265904000.0,2378880000.0
sh600288,大恒科技,2007-07-05,6.88,7.02,6.58,6.61,7.08,3921921.0,26692429.0,1181868000.0,2220960000.0
sh600288,大恒科技,2007-07-06,6.68,7.18,6.65,7.14,6.61,5518959.0,38233646.0,1276632000.0,2399040000.0
sh600288,大恒科技,2007-07-09,7.2,7.45,7.1,7.32,7.14,5758408.0,41838838.0,1308816000.0,2459520000.0
sh600288,大恒科技,2007-07-10,7.26,7.28,6.9,7.09,7.32,4714555.0,33376394.0,1267692000.0,2382240000.0
sh600288,大恒科技,2007-07-11,7.05,7.42,6.9,7.38,7.09,7766688.0,56135035.0,1319544000.0,2479680000.0
sh600288,大恒科技,2007-07-12,7.62,7.84,7.3,7.45,7.38,11179909.0,84846369.0,1332060000.0,2503200000.0
sh600288,大恒科技,2007-07-13,7.4,7.41,7.03,7.23,7.45,4042763.0,29019357.0,1292724000.0,2429280000.0
sh600288,大恒科技,2007-07-16,7.23,7.26,6.85,6.87,7.23,2985315.0,20961891.0,1228356000.0,2308320000.0
sh600288,大恒科技,2007-07-17,6.7,7.13,6.7,7.04,6.87,3374080.0,23680284.0,1258752000.0,2365440000.0
sh600288,大恒科技,2007-07-18,7.03,7.18,6.88,7.06,7.04,3022794.0,21235940.0,1262328000.0,2372160000.0
sh600288,大恒科技,2007-07-19,7.04,7.29,6.98,7.22,7.06,2873208.0,20579591.0,1290936000.0,2425920000.0
sh600288,大恒科技,2007-07-20,7.2,7.69,7.16,7.55,7.22,8249684.0,61158203.0,1349940000.0,2536800000.0
sh600288,大恒科技,2007-07-23,7.49,7.86,7.49,7.84,7.55,8550172.0,66074431.0,1401792000.0,2634240000.0
sh600288,大恒科技,2007-07-24,7.95,8.13,7.75,7.91,7.84,9049271.0,71657785.0,1414308000.0,2657760000.0
sh600288,大恒科技,2007-07-25,7.91,8.11,7.85,8.1,7.91,7433637.0,59461898.0,1448280000.0,2721600000.0
sh600288,大恒科技,2007-07-26,8.23,8.44,8.1,8.29,8.1,8183626.0,67580766.0,1482252000.0,2785440000.0
sh600288,大恒科技,2007-07-27,8.18,8.4,8.1,8.38,8.29,7678673.0,63418124.0,1498344000.0,2815680000.0
sh600288,大恒科技,2007-07-30,8.36,8.59,8.3,8.53,8.38,9086553.0,76952384.0,1525164000.0,2866080000.0
sh600288,大恒科技,2007-07-31,8.47,8.62,8.2,8.48,8.53,8850985.0,74405533.0,1516224000.0,2849280000.0
sh600288,大恒科技,2007-08-01,8.47,8.7,7.76,7.81,8.48,10062556.0,83372631.0,1396428000.0,2624160000.0
sh600288,大恒科技,2007-08-02,7.92,8.18,7.78,8.15,7.81,8541278.0,68238342.0,1457220000.0,2738400000.0
sh600288,大恒科技,2007-08-03,8.16,8.7,8.0,8.66,8.15,12872339.0,106716246.0,1548408000.0,2909760000.0
sh600288,大恒科技,2007-08-06,8.7,8.87,8.55,8.84,8.66,14645595.0,127735591.0,1580592000.0,2970240000.0
sh600288,大恒科技,2007-08-07,8.89,8.89,8.5,8.54,8.84,8406174.0,72717628.0,1526952000.0,2869440000.0
sh600288,大恒科技,2007-08-08,8.48,8.55,7.92,8.23,8.54,7183310.0,59143693.0,1471524000.0,2765280000.0
sh600288,大恒科技,2007-08-09,8.3,8.55,8.23,8.48,8.23,7660189.0,64471685.0,1516224000.0,2849280000.0
sh600288,大恒科技,2007-08-10,8.4,8.46,7.9,8.2,8.48,6810470.0,55644430.0,1466160000.0,2755200000.0
sh600288,大恒科技,2007-08-13,8.28,8.38,7.97,8.24,8.2,5559743.0,45427388.0,1473312000.0,2768640000.0
sh600288,大恒科技,2007-08-14,8.23,8.58,8.16,8.5,8.24,7371021.0,62338802.0,1519800000.0,2856000000.0
sh600288,大恒科技,2007-08-15,8.58,8.88,8.27,8.8,8.5,15454761.0,134136318.0,1573440000.0,2956800000.0
sh600288,大恒科技,2007-08-16,8.78,9.29,8.6,9.13,8.8,19015782.0,172472160.0,1632444000.0,3067680000.0
sh600288,大恒科技,2007-08-17,9.08,9.18,8.7,8.77,9.13,9884990.0,88012233.0,1568076000.0,2946720000.0
sh600288,大恒科技,2007-08-20,9.05,9.28,8.89,9.15,8.77,8881064.0,80588112.0,1636020000.0,3074400000.0
sh600288,大恒科技,2007-08-21,9.22,9.23,9.0,9.06,9.15,6542322.0,59467021.0,1619928000.0,3044160000.0
sh600288,大恒科技,2007-08-22,9.5,9.97,9.46,9.97,9.06,13004209.0,128603156.0,1782636000.0,3349920000.0
sh600288,大恒科技,2007-08-23,10.45,10.61,9.96,10.19,9.97,37838680.0,388864762.0,1821972000.0,3423840000.0
sh600288,大恒科技,2007-08-24,10.2,10.58,9.81,10.47,10.19,18919057.0,192128840.0,1872036000.0,3517920000.0
sh600288,大恒科技,2007-08-27,10.3,10.56,9.96,10.02,10.47,11894963.0,121006104.0,1791576000.0,3366720000.0
sh600288,大恒科技,2007-08-28,10.04,10.45,9.98,10.03,10.02,10955646.0,110838462.0,1793364000.0,3370080000.0
sh600288,大恒科技,2007-08-29,9.8,9.97,9.33,9.62,10.03,13048336.0,125800227.0,1720056000.0,3232320000.0
sh600288,大恒科技,2007-08-30,9.91,10.58,9.82,10.58,9.62,25056293.0,261065954.0,1891704000.0,3554880000.0
sh600288,大恒科技,2007-08-31,10.7,10.96,10.31,10.53,10.58,23268402.0,247902248.0,1882764000.0,3538080000.0
sh600288,大恒科技,2007-09-03,10.81,11.58,10.75,11.2,10.53,22358482.0,252098569.0,2002560000.0,3763200000.0
sh600288,大恒科技,2007-09-04,11.3,12.31,11.12,11.86,11.2,18587311.0,219701274.0,2120568000.0,3984960000.0
sh600288,大恒科技,2007-09-05,11.95,12.24,11.4,11.94,11.86,13783532.0,162057148.0,2134872000.0,4011840000.0
sh600288,大恒科技,2007-09-06,12.05,12.18,11.7,11.97,11.94,10729027.0,127725421.0,2140236000.0,4021920000.0
sh600288,大恒科技,2007-09-07,11.83,12.65,11.6,11.95,11.97,15241554.0,187096656.0,2136660000.0,4015200000.0
sh600288,大恒科技,2007-09-10,11.78,11.9,11.01,11.9,11.95,9917085.0,114605821.0,2127720000.0,3998400000.0
sh600288,大恒科技,2007-09-11,11.7,11.73,10.71,10.71,11.9,11079247.0,125187990.0,1914948000.0,3598560000.0
sh600288,大恒科技,2007-09-12,10.5,10.9,9.7,10.35,10.71,12089903.0,123330800.0,1850580000.0,3477600000.0
sh600288,大恒科技,2007-09-13,10.37,10.85,10.08,10.82,10.35,7435062.0,77159970.0,1934616000.0,3635520000.0
sh600288,大恒科技,2007-09-14,10.7,10.79,10.15,10.67,10.82,6688680.0,70600483.0,1907796000.0,3585120000.0
sh600288,大恒科技,2007-09-17,10.5,11.3,10.4,11.12,10.67,9467934.0,104083795.0,1988256000.0,3736320000.0
sh600288,大恒科技,2007-09-18,11.0,11.23,10.66,10.91,11.12,6843410.0,74716973.0,1950708000.0,3665760000.0
sh600288,大恒科技,2007-09-19,11.05,11.11,10.31,10.6,10.91,7244563.0,77359444.0,1895280000.0,3561600000.0
sh600288,大恒科技,2007-09-20,10.51,10.7,10.2,10.4,10.6,7097138.0,74072417.0,1859520000.0,3494400000.0
sh600288,大恒科技,2007-09-21,10.5,11.44,10.5,11.3,10.4,17927749.0,199158755.0,2020440000.0,3796800000.0
sh600288,大恒科技,2007-09-24,11.33,11.95,11.11,11.55,11.3,12478353.0,144825182.0,2065140000.0,3880800000.0
sh600288,大恒科技,2007-09-25,11.51,11.59,10.6,10.72,11.55,9391203.0,102960681.0,1916736000.0,3601920000.0
sh600288,大恒科技,2007-09-26,10.68,10.98,10.53,10.88,10.72,5553266.0,59657027.0,1945344000.0,3655680000.0
sh600288,大恒科技,2007-09-27,10.88,11.08,10.63,10.86,10.88,4785905.0,51869881.0,1941768000.0,3648960000.0
sh600288,大恒科技,2007-09-28,11.05,11.3,10.88,11.14,10.86,7760890.0,86576104.0,1991832000.0,3743040000.0
sh600288,大恒科技,2007-10-08,11.39,11.75,11.15,11.22,11.14,9679377.0,110733006.0,2006136000.0,3769920000.0
sh600288,大恒科技,2007-10-09,11.2,11.36,10.75,11.11,11.22,5318063.0,58683876.0,1986468000.0,3732960000.0
sh600288,大恒科技,2007-10-10,11.12,11.6,10.89,11.51,11.11,9160430.0,103570532.0,2057988000.0,3867360000.0
sh600288,大恒科技,2007-10-11,11.52,12.08,11.3,11.36,11.51,13646493.0,159855642.0,2031168000.0,3816960000.0
sh600288,大恒科技,2007-10-12,11.31,11.34,10.22,10.45,11.36,13859190.0,145493893.0,1868460000.0,3511200000.0
sh600288,大恒科技,2007-10-15,10.4,10.5,9.92,10.0,10.45,7261240.0,73392857.0,1788000000.0,3360000000.0
sh600288,大恒科技,2007-10-16,10.01,10.24,9.83,10.16,10.0,3622136.0,36528326.0,1816608000.0,3413760000.0
sh600288,大恒科技,2007-10-17,10.18,10.33,10.0,10.21,10.16,3258198.0,33044290.0,1825548000.0,3430560000.0
sh600288,大恒科技,2007-10-18,10.2,10.2,9.65,9.67,10.21,4268214.0,41993768.0,1728996000.0,3249120000.0
sh600288,大恒科技,2007-10-19,9.71,9.98,9.29,9.4,9.67,4606220.0,43679821.0,1680720000.0,3158400000.0
sh600288,大恒科技,2007-10-22,9.4,9.58,9.01,9.1,9.4,4337466.0,40683445.0,1627080000.0,3057600000.0
sh600288,大恒科技,2007-10-23,9.1,9.39,8.9,9.2,9.1,3027884.0,27630141.0,1644960000.0,3091200000.0
sh600288,大恒科技,2007-10-24,9.2,9.29,8.67,8.69,9.2,3260313.0,29083477.0,1553772000.0,2919840000.0
sh600288,大恒科技,2007-10-25,8.38,8.57,7.82,7.86,8.69,5149195.0,41337449.0,1405368000.0,2640960000.0
sh600288,大恒科技,2007-10-26,7.86,8.12,7.61,8.01,7.86,3267712.0,25631807.0,1432188000.0,2691360000.0
sh600288,大恒科技,2007-10-29,8.0,8.4,7.82,8.37,8.01,3650502.0,29822106.0,1496556000.0,2812320000.0
sh600288,大恒科技,2007-10-30,8.29,8.98,8.2,8.89,8.37,5867533.0,50761196.0,1589532000.0,2987040000.0
sh600288,大恒科技,2007-10-31,9.09,9.29,8.83,8.97,8.89,7353464.0,66570056.0,1603836000.0,3013920000.0
sh600288,大恒科技,2007-11-01,8.81,9.28,8.61,8.96,8.97,5792324.0,51960940.0,1602048000.0,3010560000.0
sh600288,大恒科技,2007-11-02,8.8,8.99,8.48,8.5,8.96,3869865.0,33610037.0,1519800000.0,2856000000.0
sh600288,大恒科技,2007-11-05,8.42,8.79,8.21,8.63,8.5,2514515.0,21615108.0,1543044000.0,2899680000.0
sh600288,大恒科技,2007-11-06,8.63,8.87,8.5,8.79,8.63,3163969.0,27486333.0,1571652000.0,2953440000.0
sh600288,大恒科技,2007-11-07,8.71,8.98,8.55,8.89,8.79,3149548.0,27697652.0,1589532000.0,2987040000.0
sh600288,大恒科技,2007-11-09,8.4,8.56,8.04,8.36,8.89,3037274.0,25281507.0,1494768000.0,2808960000.0
sh600288,大恒科技,2007-11-12,8.19,8.6,8.12,8.5,8.36,2343689.0,19777497.0,1519800000.0,2856000000.0
sh600288,大恒科技,2007-11-13,8.51,8.8,8.38,8.51,8.5,2563953.0,22072010.0,1521588000.0,2859360000.0
sh600288,大恒科技,2007-11-14,8.57,8.99,8.57,8.91,8.51,5551607.0,48818007.0,1593108000.0,2993760000.0
sh600288,大恒科技,2007-11-15,9.05,9.79,8.88,9.38,8.91,14080064.0,131522853.0,1677144000.0,3151680000.0
sh600288,大恒科技,2007-11-16,9.19,9.75,9.05,9.61,9.38,10074429.0,96301893.0,1718268000.0,3228960000.0
sh600288,大恒科技,2007-11-19,9.75,9.98,9.5,9.72,9.61,7698158.0,74935440.0,1737936000.0,3265920000.0
sh600288,大恒科技,2007-11-20,9.8,9.87,9.46,9.69,9.72,5194222.0,50197854.0,1732572000.0,3255840000.0
sh600288,大恒科技,2007-11-21,9.69,9.9,9.45,9.69,9.69,5798554.0,56190407.0,1732572000.0,3255840000.0
sh600288,大恒科技,2007-11-22,9.55,9.74,8.72,8.84,9.69,5324482.0,49200808.0,1580592000.0,2970240000.0
sh600288,大恒科技,2007-11-23,8.63,9.3,8.6,9.29,8.84,3361113.0,30180631.0,1661052000.0,3121440000.0
sh600288,大恒科技,2007-11-26,9.5,9.61,9.11,9.17,9.29,4336050.0,40791390.0,1639596000.0,3081120000.0
sh600288,大恒科技,2007-11-27,9.05,9.37,8.7,8.82,9.17,3546390.0,31817682.0,1577016000.0,2963520000.0
sh600288,大恒科技,2007-11-28,8.86,9.11,8.71,8.81,8.82,2243794.0,19950581.0,1575228000.0,2960160000.0
sh600288,大恒科技,2007-11-29,8.91,9.14,8.85,9.09,8.81,2503341.0,22599974.0,1625292000.0,3054240000.0
sh600288,大恒科技,2007-11-30,9.03,9.18,8.69,8.74,9.09,3503545.0,31069238.0,1562712000.0,2936640000.0
sh600288,大恒科技,2007-12-03,8.6,8.97,8.6,8.83,8.74,2257650.0,19895144.0,1578804000.0,2966880000.0
sh600288,大恒科技,2007-12-04,8.83,9.14,8.83,9.06,8.83,2535619.0,22852395.0,1619928000.0,3044160000.0
sh600288,大恒科技,2007-12-05,9.1,9.26,9.01,9.22,9.06,3596979.0,32866096.0,1648536000.0,3097920000.0
sh600288,大恒科技,2007-12-06,9.21,9.3,9.01,9.16,9.22,2657138.0,24288384.0,1637808000.0,3077760000.0
sh600288,大恒科技,2007-12-07,9.18,10.08,9.15,10.08,9.16,17339241.0,171629550.0,1802304000.0,3386880000.0
sh600288,大恒科技,2007-12-11,10.43,10.78,10.08,10.29,10.08,14722867.0,152055324.0,1839852000.0,3457440000.0
sh600288,大恒科技,2007-12-12,10.3,10.45,10.0,10.35,10.29,7610942.0,77720847.0,1850580000.0,3477600000.0
sh600288,大恒科技,2007-12-13,10.21,10.75,10.05,10.13,10.35,6489020.0,67627102.0,1811244000.0,3403680000.0
sh600288,大恒科技,2007-12-14,9.99,10.49,9.8,10.43,10.13,5490328.0,55888829.0,1864884000.0,3504480000.0
sh600288,大恒科技,2007-12-17,10.6,11.06,10.48,10.66,10.43,10407211.0,112425003.0,1906008000.0,3581760000.0
sh600288,大恒科技,2007-12-18,10.51,10.88,10.51,10.52,10.66,3662919.0,39041824.0,1880976000.0,3534720000.0
sh600288,大恒科技,2007-12-19,10.72,11.0,10.61,10.76,10.52,4926557.0,53337262.0,1923888000.0,3615360000.0
sh600288,大恒科技,2007-12-20,10.79,10.87,10.6,10.76,10.76,4579489.0,49080776.0,1923888000.0,3615360000.0
sh600288,大恒科技,2007-12-21,10.7,10.88,10.56,10.82,10.76,4773071.0,51153464.0,1934616000.0,3635520000.0
sh600288,大恒科技,2007-12-24,11.0,11.75,10.82,11.55,10.82,17158813.0,193773816.0,2065140000.0,3880800000.0
sh600288,大恒科技,2007-12-25,11.49,11.75,11.3,11.55,11.55,7328755.0,84569013.0,2065140000.0,3880800000.0
sh600288,大恒科技,2007-12-27,11.8,12.27,11.65,11.78,11.55,11297415.0,134325663.0,2106264000.0,3958080000.0
sh600288,大恒科技,2007-12-28,11.8,12.49,11.71,12.4,11.78,13015420.0,159020772.0,2217120000.0,4166400000.0
sh600288,大恒科技,2008-01-02,12.66,13.64,12.5,13.64,12.4,17763338.0,238008900.0,2438832000.0,4583040000.0
sh600288,大恒科技,2008-01-03,13.67,14.04,13.4,13.49,13.64,15701658.0,215010837.0,2412012000.0,4532640000.0
sh600288,大恒科技,2008-01-04,13.41,13.99,13.15,13.83,13.49,10275618.0,139759952.0,2472804000.0,4646880000.0
sh600288,大恒科技,2008-01-07,13.84,13.88,13.4,13.71,13.83,9220989.0,125798239.0,2451348000.0,4606560000.0
sh600288,大恒科技,2008-01-08,13.7,13.99,13.08,13.66,13.71,13989664.0,188485256.0,2442408000.0,4589760000.0
sh600288,大恒科技,2008-01-09,13.56,14.5,13.27,14.31,13.66,12233187.0,170917034.0,2558628000.0,4808160000.0
sh600288,大恒科技,2008-01-10,14.32,14.7,13.88,13.9,14.31,9756854.0,138448164.0,2485320000.0,4670400000.0
sh600288,大恒科技,2008-01-11,13.88,14.11,13.55,13.71,13.9,6645661.0,91309818.0,2451348000.0,4606560000.0
sh600288,大恒科技,2008-01-14,13.75,15.0,13.75,14.53,13.71,12201950.0,177715033.0,2597964000.0,4882080000.0
sh600288,大恒科技,2008-01-15,14.61,15.73,14.3,15.57,14.53,15146879.0,226877169.0,2783916000.0,5231520000.0
sh600288,大恒科技,2008-01-16,15.21,15.47,14.9,15.01,15.57,9301233.0,141105137.0,2683788000.0,5043360000.0
sh600288,大恒科技,2008-01-17,14.88,15.68,13.76,14.7,15.01,12006313.0,177964921.0,2628360000.0,4939200000.0
sh600288,大恒科技,2008-01-18,14.75,15.2,14.45,14.87,14.7,7303492.0,108289790.0,2658756000.0,4996320000.0
sh600288,大恒科技,2008-01-21,14.95,15.18,13.46,13.59,14.87,8568709.0,122392726.0,2429892000.0,4566240000.0
sh600288,大恒科技,2008-01-22,13.1,13.1,12.23,12.23,13.59,9322161.0,115992834.0,2186724000.0,4109280000.0
sh600288,大恒科技,2008-01-23,12.01,12.77,11.2,12.56,12.23,13884244.0,167273810.0,2245728000.0,4220160000.0
sh600288,大恒科技,2008-01-24,12.56,13.04,12.2,12.68,12.56,9923622.0,126104889.0,2267184000.0,4260480000.0
sh600288,大恒科技,2008-01-25,12.7,13.46,12.66,13.1,12.68,9702701.0,126852544.0,2342280000.0,4401600000.0
sh600288,大恒科技,2008-01-28,12.99,12.99,11.79,11.79,13.1,8162436.0,99037296.0,2108052000.0,3961440000.0
sh600288,大恒科技,2008-01-29,11.66,12.19,11.46,12.04,11.79,5163035.0,61465835.0,2152752000.0,4045440000.0
sh600288,大恒科技,2008-01-30,12.18,12.4,11.42,11.87,12.04,5104072.0,61011518.0,2122356000.0,3988320000.0
sh600288,大恒科技,2008-01-31,11.8,12.19,11.48,11.53,11.87,3433323.0,40797522.0,2061564000.0,3874080000.0
sh600288,大恒科技,2008-02-01,11.66,11.85,10.38,10.5,11.53,5791977.0,62184208.0,1877400000.0,3528000000.0
sh600288,大恒科技,2008-02-04,10.98,11.55,10.7,11.55,10.5,4687699.0,53013015.0,2065140000.0,3880800000.0
sh600288,大恒科技,2008-02-05,11.55,12.36,11.26,12.13,11.55,6501373.0,78356870.0,2168844000.0,4075680000.0
sh600288,大恒科技,2008-02-13,11.97,12.56,11.7,12.1,12.13,3998282.0,49120816.0,2163480000.0,4065600000.0
sh600288,大恒科技,2008-02-14,12.27,12.45,12.17,12.3,12.1,2769174.0,34092455.0,2199240000.0,4132800000.0
sh600288,大恒科技,2008-02-15,12.1,12.19,11.65,12.01,12.3,3186225.0,37843527.0,2147388000.0,4035360000.0
sh600288,大恒科技,2008-02-18,12.19,12.58,12.19,12.5,12.01,5678077.0,70753592.0,2235000000.0,4200000000.0
sh600288,大恒科技,2008-02-19,12.51,13.08,12.4,12.99,12.5,6535708.0,83793575.0,2322612000.0,4364640000.0
sh600288,大恒科技,2008-02-20,13.11,13.28,12.8,12.84,12.99,6597102.0,85847405.0,2295792000.0,4314240000.0
sh600288,大恒科技,2008-02-21,12.73,13.34,12.7,13.18,12.84,5866226.0,76742905.0,2356584000.0,4428480000.0
sh600288,大恒科技,2008-02-22,13.2,13.32,12.22,12.55,13.18,6986764.0,88820667.0,2243940000.0,4216800000.0
sh600288,大恒科技,2008-02-25,12.58,12.62,11.74,11.76,12.55,4770267.0,57414319.0,2102688000.0,3951360000.0
sh600288,大恒科技,2008-02-26,12.12,12.36,11.6,12.16,11.76,4456026.0,53665443.0,2174208000.0,4085760000.0
sh600288,大恒科技,2008-02-27,12.15,12.74,12.0,12.72,12.16,5172249.0,64554165.0,2274336000.0,4273920000.0
sh600288,大恒科技,2008-02-28,12.83,12.93,12.48,12.62,12.72,4145203.0,52739838.0,2256456000.0,4240320000.0
sh600288,大恒科技,2008-02-29,12.54,12.93,12.46,12.71,12.62,4444449.0,56588265.0,2272548000.0,4270560000.0
sh600288,大恒科技,2008-03-03,12.58,13.88,12.5,13.62,12.71,9597870.0,129079078.0,3121704000.0,4576320000.0
sh600288,大恒科技,2008-03-04,13.8,13.9,13.3,13.55,13.62,8575403.0,117117659.0,3105660000.0,4552800000.0
sh600288,大恒科技,2008-03-05,13.45,14.26,13.45,14.24,13.55,10350558.0,144827422.0,3263808000.0,4784640000.0
sh600288,大恒科技,2008-03-06,14.5,14.89,13.91,14.01,14.24,10501878.0,150489610.0,3211092000.0,4707360000.0
sh600288,大恒科技,2008-03-07,14.0,14.1,13.3,13.48,14.01,5562073.0,75638693.0,3089616000.0,4529280000.0
sh600288,大恒科技,2008-03-10,13.39,13.85,13.26,13.28,13.48,4865544.0,65834577.0,3043776000.0,4462080000.0
sh600288,大恒科技,2008-03-11,13.25,13.74,12.88,13.61,13.28,3832254.0,50977162.0,3119412000.0,4572960000.0
sh600288,大恒科技,2008-03-12,14.01,14.07,13.0,13.07,13.61,4445522.0,60706056.0,2995644000.0,4391520000.0
sh600288,大恒科技,2008-03-13,13.07,13.5,12.36,12.79,13.07,4817724.0,62346149.0,2931468000.0,4297440000.0
sh600288,大恒科技,2008-03-14,12.4,12.88,12.36,12.5,12.79,2532215.0,31837318.0,2865000000.0,4200000000.0
sh600288,大恒科技,2008-03-17,12.51,12.79,11.25,11.25,12.5,4194617.0,49690745.0,2578500000.0,3780000000.0
sh600288,大恒科技,2008-03-18,11.02,11.48,10.13,10.13,11.25,5347430.0,55755887.0,2321796000.0,3403680000.0
sh600288,大恒科技,2008-03-19,10.45,10.92,10.08,10.54,10.13,5033290.0,52623626.0,2415768000.0,3541440000.0
sh600288,大恒科技,2008-03-21,11.16,11.59,11.15,11.59,10.54,4313373.0,49367495.0,2656428000.0,3894240000.0
sh600288,大恒科技,2008-03-24,12.0,12.28,11.58,11.59,11.59,8835869.0,105681027.0,2656428000.0,3894240000.0
sh600288,大恒科技,2008-03-25,11.16,11.92,11.02,11.85,11.59,4146473.0,48171275.0,2716020000.0,3981600000.0
sh600288,大恒科技,2008-03-26,11.85,12.2,11.51,11.62,11.85,2660720.0,31437449.0,2663304000.0,3904320000.0
sh600288,大恒科技,2008-03-27,11.4,11.48,10.6,10.62,11.62,3522026.0,38750622.0,2434104000.0,3568320000.0
sh600288,大恒科技,2008-03-28,10.59,11.6,10.5,11.54,10.62,4784833.0,53648405.0,2644968000.0,3877440000.0
sh600288,大恒科技,2008-03-31,11.1,11.63,10.95,11.04,11.54,2994663.0,33764340.0,2530368000.0,3709440000.0
sh600288,大恒科技,2008-04-01,10.9,11.17,9.94,9.94,11.04,4504324.0,46452854.0,2278248000.0,3339840000.0
sh600288,大恒科技,2008-04-02,10.02,10.3,8.95,9.08,9.94,4841313.0,45601734.0,2081136000.0,3050880000.0
sh600288,大恒科技,2008-04-03,8.96,9.41,8.25,9.18,9.08,3230456.0,28788243.0,2104056000.0,3084480000.0
sh600288,大恒科技,2008-04-07,8.9,9.78,8.87,9.54,9.18,2897454.0,27393494.0,2186568000.0,3205440000.0
sh600288,大恒科技,2008-04-08,9.42,10.1,9.42,9.86,9.54,3320649.0,32687933.0,2259912000.0,3312960000.0
sh600288,大恒科技,2008-04-09,9.85,9.98,8.87,8.92,9.86,3027961.0,29134691.0,2044464000.0,2997120000.0
sh600288,大恒科技,2008-04-10,8.76,9.18,8.6,9.12,8.92,3116524.0,27871400.0,2090304000.0,3064320000.0
sh600288,大恒科技,2008-04-11,9.17,9.65,9.1,9.27,9.12,2640671.0,24605726.0,2124684000.0,3114720000.0
sh600288,大恒科技,2008-04-14,9.2,9.2,8.4,8.43,9.27,2957093.0,25709699.0,1932156000.0,2832480000.0
sh600288,大恒科技,2008-04-15,8.4,8.88,8.27,8.85,8.43,2301481.0,19699160.0,2028420000.0,2973600000.0
sh600288,大恒科技,2008-04-16,8.82,8.95,8.42,8.53,8.85,1556332.0,13524160.0,1955076000.0,2866080000.0
sh600288,大恒科技,2008-04-17,8.59,8.76,7.91,8.02,8.53,2180957.0,18130323.0,1838184000.0,2694720000.0
sh600288,大恒科技,2008-04-18,7.96,8.08,7.22,7.25,8.02,3739240.0,28009441.0,1661700000.0,2436000000.0
sh600288,大恒科技,2008-04-21,7.95,7.98,7.15,7.21,7.25,3758122.0,28529087.0,1652532000.0,2422560000.0
sh600288,大恒科技,2008-04-22,7.16,7.3,6.6,7.16,7.21,3038559.0,21116104.0,1641072000.0,2405760000.0
sh600288,大恒科技,2008-04-23,7.1,7.7,6.9,7.61,7.16,2817948.0,20899835.0,1744212000.0,2556960000.0
sh600288,大恒科技,2008-04-24,8.37,8.37,8.03,8.37,7.61,9055420.0,75151073.0,1918404000.0,2812320000.0
sh600288,大恒科技,2008-04-25,8.4,9.0,8.2,8.61,8.37,7801328.0,67491798.0,1973412000.0,2892960000.0
sh600288,大恒科技,2008-04-28,8.44,8.95,8.31,8.74,8.61,4798372.0,42030474.0,2003208000.0,2936640000.0
sh600288,大恒科技,2008-04-29,8.72,8.85,8.54,8.74,8.74,3554398.0,30968014.0,2003208000.0,2936640000.0
sh600288,大恒科技,2008-04-30,8.8,9.18,8.71,9.1,8.74,5572855.0,50136631.0,2085720000.0,3057600000.0
sh600288,大恒科技,2008-05-05,9.35,9.57,9.1,9.48,9.1,9984242.0,93475491.0,2172816000.0,3185280000.0
sh600288,大恒科技,2008-05-06,9.38,9.53,9.09,9.26,9.48,6376969.0,59203107.0,2122392000.0,3111360000.0
sh600288,大恒科技,2008-05-07,9.19,9.35,8.57,8.58,9.26,6244175.0,55812213.0,1966536000.0,2882880000.0
sh600288,大恒科技,2008-05-08,8.42,8.91,8.38,8.89,8.58,4485111.0,38832612.0,2037588000.0,2987040000.0
sh600288,大恒科技,2008-05-09,8.89,8.97,8.49,8.74,8.89,4668633.0,40895245.0,2003208000.0,2936640000.0
sh600288,大恒科技,2008-05-12,8.57,8.98,8.35,8.79,8.74,4507908.0,39194017.0,2014668000.0,2953440000.0
sh600288,大恒科技,2008-05-13,8.4,8.74,8.28,8.49,8.79,5332166.0,45225868.0,1945908000.0,2852640000.0
sh600288,大恒科技,2008-05-14,8.5,9.05,8.5,9.04,8.49,5123499.0,45300176.0,2071968000.0,3037440000.0
sh600288,大恒科技,2008-05-15,9.12,9.29,8.86,8.87,9.04,5198429.0,47314564.0,2033004000.0,2980320000.0
sh600288,大恒科技,2008-05-16,8.95,9.12,8.63,9.05,8.87,4324267.0,38671477.0,2074260000.0,3040800000.0
sh600288,大恒科技,2008-05-19,9.0,9.12,8.7,8.85,9.05,2714334.0,24028821.0,2028420000.0,2973600000.0
sh600288,大恒科技,2008-05-20,8.83,9.16,8.4,8.44,8.85,6631742.0,59032775.0,1934448000.0,2835840000.0
sh600288,大恒科技,2008-05-21,8.34,8.7,7.85,8.53,8.44,5743471.0,46923715.0,1955076000.0,2866080000.0
sh600288,大恒科技,2008-05-22,8.4,8.56,8.25,8.27,8.53,3336524.0,27996382.0,1895484000.0,2778720000.0
sh600288,大恒科技,2008-05-23,8.19,9.0,7.86,8.91,8.27,8058328.0,68855344.0,2042172000.0,2993760000.0
sh600288,大恒科技,2008-05-26,8.96,9.09,8.36,8.38,8.91,6696124.0,58918546.0,1920696000.0,2815680000.0
sh600288,大恒科技,2008-05-27,8.3,8.44,8.08,8.21,8.38,2872707.0,23538175.0,1881732000.0,2758560000.0
sh600288,大恒科技,2008-05-29,9.03,9.03,8.81,8.85,8.21,19180139.0,172676515.0,2028420000.0,2973600000.0
sh600288,大恒科技,2008-05-30,8.5,9.45,8.41,9.38,8.85,22182004.0,200801977.0,2149896000.0,3151680000.0
sh600288,大恒科技,2008-06-02,9.25,9.6,9.03,9.19,9.38,10765742.0,99833069.0,2106348000.0,3087840000.0
sh600288,大恒科技,2008-06-03,9.16,9.52,9.13,9.28,9.19,7669911.0,71618585.0,2126976000.0,3118080000.0
sh600288,大恒科技,2008-06-04,9.24,9.42,8.91,9.26,9.28,6929345.0,63293171.0,2122392000.0,3111360000.0
sh600288,大恒科技,2008-06-05,9.15,9.59,9.03,9.35,9.26,8019892.0,75057977.0,2143020000.0,3141600000.0
sh600288,大恒科技,2008-06-06,9.3,9.79,9.26,9.48,9.35,10132460.0,96948674.0,2172816000.0,3185280000.0
sh600288,大恒科技,2008-06-10,9.08,9.1,8.53,8.53,9.48,5347699.0,46485149.0,1955076000.0,2866080000.0
sh600288,大恒科技,2008-06-11,8.13,8.33,7.68,7.82,8.53,6937245.0,54983302.0,1792344000.0,2627520000.0
sh600288,大恒科技,2008-06-12,7.82,8.34,7.6,7.89,7.82,6883616.0,54842932.0,1808388000.0,2651040000.0
sh600288,大恒科技,2008-06-13,8.0,8.02,7.1,7.13,7.89,6435867.0,47941391.0,1634196000.0,2395680000.0
sh600288,大恒科技,2008-06-16,7.11,7.4,6.8,7.18,7.13,4361583.0,31036872.0,1645656000.0,2412480000.0
sh600288,大恒科技,2008-06-17,7.1,7.2,6.49,6.55,7.18,4447214.0,30232799.0,1501260000.0,2200800000.0
sh600288,大恒科技,2008-06-18,6.51,7.2,6.31,7.12,6.55,5575270.0,38071080.0,1631904000.0,2392320000.0
sh600288,大恒科技,2008-06-19,7.0,7.31,6.46,6.77,7.12,7365339.0,51280761.0,1551684000.0,2274720000.0
sh600288,大恒科技,2008-06-20,6.85,7.22,6.4,7.02,6.77,5889115.0,41009435.0,1608984000.0,2358720000.0
sh600288,大恒科技,2008-06-23,6.87,7.07,6.65,7.0,7.02,2905412.0,19963002.0,1604400000.0,2352000000.0
sh600288,大恒科技,2008-06-24,7.0,7.28,6.82,7.19,7.0,4283608.0,30538917.0,1647948000.0,2415840000.0
sh600288,大恒科技,2008-06-25,7.13,7.58,7.11,7.56,7.19,5084789.0,37803662.0,1732752000.0,2540160000.0
sh600288,大恒科技,2008-06-26,7.46,7.78,7.3,7.54,7.56,6198264.0,46925603.0,1728168000.0,2533440000.0
sh600288,大恒科技,2008-06-27,7.1,7.28,6.79,7.0,7.54,5063817.0,35582336.0,1604400000.0,2352000000.0
sh600288,大恒科技,2008-06-30,6.89,7.09,6.73,7.0,7.0,2925102.0,20271431.0,1604400000.0,2352000000.0
sh600288,大恒科技,2008-07-01,7.08,7.08,6.7,6.99,7.0,2733345.0,18805514.0,1602108000.0,2348640000.0
sh600288,大恒科技,2008-07-02,6.91,7.2,6.88,7.18,6.99,4435105.0,31390111.0,1645656000.0,2412480000.0
sh600288,大恒科技,2008-07-03,7.04,7.64,6.9,7.41,7.18,5321342.0,39056977.0,1698372000.0,2489760000.0
sh600288,大恒科技,2008-07-04,7.37,7.68,7.28,7.65,7.41,6181353.0,46457659.0,1753380000.0,2570400000.0
sh600288,大恒科技,2008-07-07,7.85,8.33,7.71,8.04,7.65,10329835.0,83505730.0,1842768000.0,2701440000.0
sh600288,大恒科技,2008-07-08,8.06,8.25,7.89,8.14,8.04,6582159.0,53090274.0,1865688000.0,2735040000.0
sh600288,大恒科技,2008-07-09,8.2,8.3,8.04,8.2,8.14,6790161.0,55549769.0,1879440000.0,2755200000.0
sh600288,大恒科技,2008-07-10,8.04,8.4,7.8,7.83,8.2,6411231.0,52179429.0,1794636000.0,2630880000.0
sh600288,大恒科技,2008-07-11,7.79,8.07,7.63,7.87,7.83,3934140.0,30810650.0,1803804000.0,2644320000.0
sh600288,大恒科技,2008-07-14,8.07,8.18,7.92,8.1,7.87,4361277.0,35244317.0,1856520000.0,2721600000.0
sh600288,大恒科技,2008-07-15,8.12,8.39,7.88,8.05,8.1,6925858.0,56479565.0,1845060000.0,2704800000.0
sh600288,大恒科技,2008-07-16,7.95,8.03,7.25,7.27,8.05,6207039.0,46927605.0,1666284000.0,2442720000.0
sh600288,大恒科技,2008-07-17,7.4,7.52,6.88,7.01,7.27,5338947.0,38652422.0,1606692000.0,2355360000.0
sh600288,大恒科技,2008-07-18,7.12,7.35,6.8,7.28,7.01,3480478.0,24574315.0,1668576000.0,2446080000.0
sh600288,大恒科技,2008-07-21,7.18,7.7,7.11,7.66,7.28,4342733.0,32414643.0,1755672000.0,2573760000.0
sh600288,大恒科技,2008-07-22,7.62,7.77,7.53,7.6,7.66,3291090.0,25191824.0,1741920000.0,2553600000.0
sh600288,大恒科技,2008-07-23,7.74,8.19,7.54,8.03,7.6,9541217.0,75887751.0,1840476000.0,2698080000.0
sh600288,大恒科技,2008-07-24,8.03,8.16,7.93,8.06,8.03,6168295.0,49721053.0,1847352000.0,2708160000.0
sh600288,大恒科技,2008-07-25,7.93,8.35,7.86,8.08,8.06,6371920.0,51424640.0,1851936000.0,2714880000.0
sh600288,大恒科技,2008-07-28,8.2,8.38,8.08,8.18,8.08,5195513.0,42600724.0,1874856000.0,2748480000.0
sh600288,大恒科技,2008-07-29,8.08,8.08,7.75,7.8,8.18,4294202.0,33833723.0,1787760000.0,2620800000.0
sh600288,大恒科技,2008-07-30,7.95,7.96,7.4,7.6,7.8,4253630.0,32587785.0,1741920000.0,2553600000.0
sh600288,大恒科技,2008-07-31,7.68,7.68,7.25,7.3,7.6,2906655.0,21812137.0,1673160000.0,2452800000.0
sh600288,大恒科技,2008-08-01,7.3,7.58,7.23,7.53,7.3,2740884.0,20290193.0,1725876000.0,2530080000.0
sh600288,大恒科技,2008-08-04,7.43,7.65,7.29,7.32,7.53,2036180.0,15224788.0,1677744000.0,2459520000.0
sh600288,大恒科技,2008-08-05,7.3,7.47,7.01,7.1,7.32,2054470.0,14838540.0,1627320000.0,2385600000.0
sh600288,大恒科技,2008-08-06,7.18,7.29,6.98,7.23,7.1,2844286.0,20219851.0,1657116000.0,2429280000.0
sh600288,大恒科技,2008-08-07,7.17,7.35,7.02,7.34,7.23,2056479.0,14814563.0,1682328000.0,2466240000.0
sh600288,大恒科技,2008-08-08,7.25,7.45,6.61,7.01,7.34,4734438.0,32666570.0,1606692000.0,2355360000.0
sh600288,大恒科技,2008-08-11,6.87,6.87,6.31,6.31,7.01,2827918.0,18242725.0,1446252000.0,2120160000.0
sh600288,大恒科技,2008-08-12,6.37,6.37,5.69,5.92,6.31,3838365.0,22714832.0,1356864000.0,1989120000.0
sh600288,大恒科技,2008-08-14,5.99,6.17,5.65,6.02,5.92,3826154.0,22732636.0,1379784000.0,2022720000.0
sh600288,大恒科技,2008-08-15,5.9,6.06,5.81,5.93,6.02,2296383.0,13657994.0,1359156000.0,1992480000.0
sh600288,大恒科技,2008-08-18,5.85,5.91,5.34,5.55,5.93,3102920.0,17121342.0,1272060000.0,1864800000.0
sh600288,大恒科技,2008-08-19,5.4,5.6,5.35,5.55,5.55,2009525.0,10994015.0,1272060000.0,1864800000.0
sh600288,大恒科技,2008-08-20,5.42,6.09,5.22,5.98,5.55,5282135.0,30737206.0,1370616000.0,2009280000.0
sh600288,大恒科技,2008-08-21,5.84,6.18,5.65,5.7,5.98,4082524.0,24050759.0,1306440000.0,1915200000.0
sh600288,大恒科技,2008-08-22,5.5,5.68,5.28,5.55,5.7,2931676.0,15980665.0,1272060000.0,1864800000.0
sh600288,大恒科技,2008-08-25,5.45,5.81,5.33,5.55,5.55,3788146.0,21195145.0,1272060000.0,1864800000.0
sh600288,大恒科技,2008-08-26,5.38,5.4,5.0,5.0,5.55,4759023.0,24147976.0,1146000000.0,1680000000.0
sh600288,大恒科技,2008-08-27,4.84,5.03,4.67,4.87,5.0,3980565.0,19312044.0,1116204000.0,1636320000.0
sh600288,大恒科技,2008-08-28,4.88,4.92,4.66,4.7,4.87,2487096.0,11827699.0,1077240000.0,1579200000.0
sh600288,大恒科技,2008-08-29,4.7,4.92,4.68,4.82,4.7,3348197.0,16034586.0,1104744000.0,1619520000.0
sh600288,大恒科技,2008-09-01,4.76,4.87,4.58,4.65,4.82,2541678.0,11979155.0,1065780000.0,1562400000.0
sh600288,大恒科技,2008-09-02,4.63,4.83,4.52,4.76,4.65,3231735.0,15179948.0,1090992000.0,1599360000.0
sh600288,大恒科技,2008-09-03,4.74,4.95,4.59,4.88,4.76,4603265.0,22109069.0,1118496000.0,1639680000.0
sh600288,大恒科技,2008-09-04,4.87,5.1,4.8,5.09,4.88,5094875.0,25215891.0,1166628000.0,1710240000.0
sh600288,大恒科技,2008-09-05,5.0,5.02,4.71,4.83,5.09,6244217.0,30687288.0,1107036000.0,1622880000.0
sh600288,大恒科技,2008-09-08,4.87,4.92,4.59,4.6,4.83,3797794.0,17975094.0,1054320000.0,1545600000.0
sh600288,大恒科技,2008-09-09,4.63,4.77,4.38,4.51,4.6,3731607.0,16776517.0,1033692000.0,1515360000.0
sh600288,大恒科技,2008-09-10,4.46,4.72,4.4,4.6,4.51,2978089.0,13699419.0,1054320000.0,1545600000.0
sh600288,大恒科技,2008-09-11,4.6,4.63,4.28,4.3,4.6,2302644.0,10158983.0,985560000.0,1444800000.0
sh600288,大恒科技,2008-09-12,4.32,4.42,4.27,4.31,4.3,1132405.0,4908677.0,987852000.0,1448160000.0
sh600288,大恒科技,2008-09-16,4.34,4.34,4.08,4.1,4.31,2022355.0,8495301.0,939720000.0,1377600000.0
sh600288,大恒科技,2008-09-17,4.07,4.2,3.99,4.04,4.1,1795663.0,7324840.0,925968000.0,1357440000.0
sh600288,大恒科技,2008-09-18,3.86,3.96,3.64,3.88,4.04,4480448.0,16932589.0,889296000.0,1303680000.0
sh600288,大恒科技,2008-09-19,4.22,4.27,4.17,4.27,3.88,3296442.0,13991887.0,978684000.0,1434720000.0
sh600288,大恒科技,2008-09-22,4.53,4.7,4.28,4.58,4.27,8596179.0,38806245.0,1049736000.0,1538880000.0
sh600288,大恒科技,2008-09-23,4.32,4.58,4.12,4.3,4.58,6083727.0,26484048.0,985560000.0,1444800000.0
sh600288,大恒科技,2008-09-24,4.43,4.58,4.17,4.55,4.3,5871691.0,26055464.0,1042860000.0,1528800000.0
sh600288,大恒科技,2008-09-25,4.51,4.75,4.41,4.56,4.55,6946752.0,31963492.0,1045152000.0,1532160000.0
sh600288,大恒科技,2008-09-26,4.54,4.65,4.39,4.47,4.56,3556083.0,16006362.0,1024524000.0,1501920000.0
sh600288,大恒科技,2008-10-06,4.38,4.58,4.3,4.41,4.47,3152190.0,14014711.0,1010772000.0,1481760000.0
sh600288,大恒科技,2008-10-07,4.21,4.32,4.03,4.21,4.41,2234554.0,9365839.0,964932000.0,1414560000.0
sh600288,大恒科技,2008-10-08,4.05,4.28,4.04,4.11,4.21,1992867.0,8256205.0,942012000.0,1380960000.0
sh600288,大恒科技,2008-10-09,4.21,4.21,4.03,4.07,4.11,1709200.0,7021630.0,932844000.0,1367520000.0
sh600288,大恒科技,2008-10-10,3.91,3.93,3.66,3.7,4.07,2970706.0,11174979.0,848040000.0,1243200000.0
sh600288,大恒科技,2008-10-13,3.62,3.79,3.44,3.78,3.7,2646441.0,9618752.0,866376000.0,1270080000.0
sh600288,大恒科技,2008-10-14,3.9,3.95,3.56,3.57,3.78,2138484.0,8121613.0,818244000.0,1199520000.0
sh600288,大恒科技,2008-10-15,3.44,3.63,3.44,3.5,3.57,1149125.0,4039256.0,802200000.0,1176000000.0
sh600288,大恒科技,2008-10-16,3.39,3.39,3.16,3.16,3.5,2956963.0,9604152.0,724272000.0,1061760000.0
sh600288,大恒科技,2008-10-17,3.23,3.29,3.19,3.24,3.16,1453172.0,4707567.0,742608000.0,1088640000.0
sh600288,大恒科技,2008-10-20,3.15,3.45,3.15,3.41,3.24,2319708.0,7678986.0,781572000.0,1145760000.0
sh600288,大恒科技,2008-10-21,3.4,3.47,3.32,3.33,3.41,2245232.0,7610419.0,763236000.0,1118880000.0
sh600288,大恒科技,2008-10-22,3.35,3.42,3.26,3.28,3.33,2162459.0,7245237.0,751776000.0,1102080000.0
sh600288,大恒科技,2008-10-23,3.2,3.35,3.17,3.33,3.28,1831402.0,5967195.0,763236000.0,1118880000.0
sh600288,大恒科技,2008-10-24,3.33,3.38,3.25,3.3,3.33,1841249.0,6111176.0,756360000.0,1108800000.0
sh600288,大恒科技,2008-10-27,3.27,3.27,2.97,2.97,3.3,2675806.0,8313480.0,680724000.0,997920000.0
sh600288,大恒科技,2008-10-28,2.95,3.14,2.9,3.11,2.97,2336112.0,7100904.0,712812000.0,1044960000.0
sh600288,大恒科技,2008-10-29,3.19,3.3,3.12,3.19,3.11,7639397.0,24539017.0,731148000.0,1071840000.0
sh600288,大恒科技,2008-10-30,3.25,3.42,3.18,3.41,3.19,11087503.0,36535176.0,781572000.0,1145760000.0
sh600288,大恒科技,2008-10-31,3.33,3.34,3.11,3.12,3.41,5401079.0,17457533.0,715104000.0,1048320000.0
sh600288,大恒科技,2008-11-03,3.06,3.16,2.99,3.02,3.12,2495390.0,7623281.0,692184000.0,1014720000.0
sh600288,大恒科技,2008-11-04,3.07,3.13,2.98,3.09,3.02,2194260.0,6701130.0,708228000.0,1038240000.0
sh600288,大恒科技,2008-11-05,3.09,3.21,3.09,3.18,3.09,3270325.0,10330350.0,728856000.0,1068480000.0
sh600288,大恒科技,2008-11-07,3.04,3.25,3.01,3.21,3.18,3648939.0,11600287.0,735732000.0,1078560000.0
sh600288,大恒科技,2008-11-10,3.25,3.45,3.25,3.4,3.21,5732883.0,19280173.0,779280000.0,1142400000.0
sh600288,大恒科技,2008-11-11,3.39,3.47,3.3,3.35,3.4,5387690.0,18186004.0,767820000.0,1125600000.0
sh600288,大恒科技,2008-11-12,3.33,3.49,3.33,3.45,3.35,3536604.0,12071422.0,790740000.0,1159200000.0
sh600288,大恒科技,2008-11-13,3.39,3.68,3.39,3.58,3.45,7410807.0,26268231.0,820536000.0,1202880000.0
sh600288,大恒科技,2008-11-14,3.62,3.77,3.53,3.73,3.58,7721981.0,28195733.0,854916000.0,1253280000.0
sh600288,大恒科技,2008-11-17,3.7,4.04,3.66,4.01,3.73,8983521.0,34505132.0,919092000.0,1347360000.0
sh600288,大恒科技,2008-11-18,3.93,4.02,3.66,3.79,4.01,9862950.0,37735703.0,868668000.0,1273440000.0
sh600288,大恒科技,2008-11-19,3.85,4.17,3.82,4.17,3.79,19540802.0,77488681.0,955764000.0,1401120000.0
sh600288,大恒科技,2008-11-20,4.01,4.26,3.97,4.02,4.17,12231825.0,50098822.0,921384000.0,1350720000.0
sh600288,大恒科技,2008-11-21,3.88,3.98,3.63,3.82,4.02,8305468.0,31577307.0,875544000.0,1283520000.0
sh600288,大恒科技,2008-11-24,3.78,3.83,3.51,3.55,3.82,4384409.0,16125459.0,813660000.0,1192800000.0
sh600288,大恒科技,2008-11-25,3.6,3.71,3.48,3.61,3.55,3956451.0,14238620.0,827412000.0,1212960000.0
sh600288,大恒科技,2008-11-26,3.62,3.69,3.56,3.62,3.61,2334261.0,8486441.0,829704000.0,1216320000.0
sh600288,大恒科技,2008-11-27,3.89,3.95,3.61,3.62,3.62,4924908.0,18552936.0,829704000.0,1216320000.0
sh600288,大恒科技,2008-11-28,3.6,3.66,3.53,3.63,3.62,2868155.0,10348938.0,831996000.0,1219680000.0
sh600288,大恒科技,2008-12-01,3.65,3.83,3.61,3.82,3.63,4798009.0,17996067.0,875544000.0,1283520000.0
sh600288,大恒科技,2008-12-02,3.73,4.1,3.73,3.97,3.82,9130260.0,36310672.0,909924000.0,1333920000.0
sh600288,大恒科技,2008-12-03,3.98,4.37,3.94,4.33,3.97,11564198.0,47916425.0,992436000.0,1454880000.0
sh600288,大恒科技,2008-12-04,4.38,4.72,4.26,4.33,4.33,20619608.0,93536983.0,992436000.0,1454880000.0
sh600288,大恒科技,2008-12-05,4.21,4.54,4.17,4.45,4.33,10359713.0,45206258.0,1019940000.0,1495200000.0
sh600288,大恒科技,2008-12-08,4.48,4.67,4.4,4.64,4.45,10077343.0,45615320.0,1063488000.0,1559040000.0
sh600288,大恒科技,2008-12-09,4.64,4.64,4.35,4.35,4.64,7374464.0,32820555.0,997020000.0,1461600000.0
sh600288,大恒科技,2008-12-10,4.35,4.5,4.27,4.45,4.35,5677887.0,24997623.0,1019940000.0,1495200000.0
sh600288,大恒科技,2008-12-11,4.47,4.55,4.3,4.31,4.45,5853417.0,25977745.0,987852000.0,1448160000.0
sh600288,大恒科技,2008-12-12,4.26,4.35,4.0,4.04,4.31,5145149.0,21474142.0,925968000.0,1357440000.0
sh600288,大恒科技,2008-12-15,4.18,4.22,4.06,4.16,4.04,3660871.0,15184830.0,953472000.0,1397760000.0
sh600288,大恒科技,2008-12-16,4.15,4.17,3.93,4.16,4.16,4252675.0,17245560.0,953472000.0,1397760000.0
sh600288,大恒科技,2008-12-17,4.19,4.34,4.15,4.21,4.16,5509699.0,23426844.0,964932000.0,1414560000.0
sh600288,大恒科技,2008-12-18,4.2,4.34,4.15,4.3,4.21,4352703.0,18613738.0,985560000.0,1444800000.0
sh600288,大恒科技,2008-12-19,4.3,4.43,4.26,4.36,4.3,4605082.0,20091334.0,999312000.0,1464960000.0
sh600288,大恒科技,2008-12-22,4.32,4.51,4.27,4.5,4.36,7024048.0,31076366.0,1031400000.0,1512000000.0
sh600288,大恒科技,2008-12-23,4.46,4.49,4.05,4.05,4.5,6543501.0,27695417.0,928260000.0,1360800000.0
sh600288,大恒科技,2008-12-24,3.92,4.07,3.78,3.86,4.05,4216868.0,16513732.0,884712000.0,1296960000.0
sh600288,大恒科技,2008-12-25,3.92,4.14,3.76,4.1,3.86,4697646.0,18608148.0,939720000.0,1377600000.0
sh600288,大恒科技,2008-12-26,3.98,4.06,3.88,3.89,4.1,2921853.0,11608442.0,891588000.0,1307040000.0
sh600288,大恒科技,2008-12-29,3.85,3.98,3.73,3.92,3.89,3303627.0,12716321.0,898464000.0,1317120000.0
sh600288,大恒科技,2008-12-30,3.88,4.0,3.83,3.86,3.92,2897976.0,11292486.0,884712000.0,1296960000.0
sh600288,大恒科技,2008-12-31,3.88,3.91,3.77,3.79,3.86,1794468.0,6887233.0,868668000.0,1273440000.0
sh600288,大恒科技,2009-01-05,3.87,3.93,3.83,3.91,3.79,2367502.0,9211622.0,896172000.0,1313760000.0
sh600288,大恒科技,2009-01-06,3.86,4.06,3.86,4.04,3.91,4175498.0,16592569.0,925968000.0,1357440000.0
sh600288,大恒科技,2009-01-07,4.05,4.44,4.0,4.44,4.04,19151289.0,82479519.0,1017648000.0,1491840000.0
sh600288,大恒科技,2009-01-08,4.34,4.41,4.15,4.19,4.44,14404048.0,61650081.0,960348000.0,1407840000.0
sh600288,大恒科技,2009-01-09,4.25,4.35,4.18,4.26,4.19,7617035.0,32577150.0,976392000.0,1431360000.0
sh600288,大恒科技,2009-01-12,4.22,4.39,4.21,4.28,4.26,6814554.0,29230460.0,980976000.0,1438080000.0
sh600288,大恒科技,2009-01-13,4.2,4.27,4.07,4.11,4.28,5500234.0,22862456.0,942012000.0,1380960000.0
sh600288,大恒科技,2009-01-14,4.1,4.3,4.06,4.3,4.11,5988414.0,25278435.0,985560000.0,1444800000.0
sh600288,大恒科技,2009-01-15,4.22,4.43,4.22,4.34,4.3,8517120.0,37084415.0,994728000.0,1458240000.0
sh600288,大恒科技,2009-01-16,4.36,4.64,4.36,4.43,4.34,13358625.0,60219862.0,1015356000.0,1488480000.0
sh600288,大恒科技,2009-01-19,4.45,4.59,4.41,4.51,4.43,8569260.0,38552634.0,1033692000.0,1515360000.0
sh600288,大恒科技,2009-01-20,4.44,4.52,4.36,4.47,4.51,4516829.0,20011574.0,1024524000.0,1501920000.0
sh600288,大恒科技,2009-01-21,4.43,4.5,4.37,4.42,4.47,3987380.0,17670481.0,1013064000.0,1485120000.0
sh600288,大恒科技,2009-01-22,4.47,4.65,4.47,4.52,4.42,5174087.0,23566910.0,1035984000.0,1518720000.0
sh600288,大恒科技,2009-01-23,4.5,4.52,4.38,4.42,4.52,5064397.0,22435733.0,1013064000.0,1485120000.0
sh600288,大恒科技,2009-02-02,4.48,4.75,4.4,4.68,4.42,10363057.0,47903796.0,1072656000.0,1572480000.0
sh600288,大恒科技,2009-02-03,4.65,5.15,4.65,5.01,4.68,18742713.0,92374066.0,1148292000.0,1683360000.0
sh600288,大恒科技,2009-02-04,5.09,5.49,5.07,5.35,5.01,23357245.0,122929636.0,1226220000.0,1797600000.0
sh600288,大恒科技,2009-02-05,5.36,5.36,5.01,5.14,5.35,11136583.0,57706141.0,1178088000.0,1727040000.0
sh600288,大恒科技,2009-02-06,5.11,5.35,5.11,5.32,5.14,9923900.0,52402141.0,1219344000.0,1787520000.0
sh600288,大恒科技,2009-02-09,5.37,5.62,5.28,5.43,5.32,12110911.0,65791818.0,1244556000.0,1824480000.0
sh600288,大恒科技,2009-02-10,5.32,5.6,5.21,5.59,5.43,14659402.0,78835142.0,1281228000.0,1878240000.0
sh600288,大恒科技,2009-02-11,5.45,5.63,5.32,5.52,5.59,13153901.0,72053145.0,1265184000.0,1854720000.0
sh600288,大恒科技,2009-02-12,5.52,5.8,5.42,5.8,5.52,14686830.0,82585730.0,1329360000.0,1948800000.0
sh600288,大恒科技,2009-02-13,5.8,5.99,5.66,5.94,5.8,14100139.0,82040035.0,1361448000.0,1995840000.0
sh600288,大恒科技,2009-02-16,5.99,6.19,5.8,5.96,5.94,11399386.0,68313390.0,1366032000.0,2002560000.0
sh600288,大恒科技,2009-02-17,5.9,5.97,5.58,5.61,5.96,10869201.0,62059887.0,1285812000.0,1884960000.0
sh600288,大恒科技,2009-02-18,5.49,5.56,5.3,5.31,5.61,9145933.0,49795301.0,1217052000.0,1784160000.0
sh600288,大恒科技,2009-02-19,5.45,5.53,5.32,5.41,5.31,6466757.0,35187559.0,1239972000.0,1817760000.0
sh600288,大恒科技,2009-02-20,5.45,5.73,5.35,5.72,5.41,6921261.0,38378553.0,1311024000.0,1921920000.0
sh600288,大恒科技,2009-02-23,5.64,6.06,5.56,6.0,5.72,12205551.0,71324505.0,1375200000.0,2016000000.0
sh600288,大恒科技,2009-02-24,5.91,6.6,5.85,6.48,6.0,36404124.0,233967479.0,1485216000.0,2177280000.0
sh600288,大恒科技,2009-02-25,6.5,6.67,6.22,6.61,6.48,22558387.0,146773494.0,1515012000.0,2220960000.0
sh600288,大恒科技,2009-02-26,6.58,6.69,5.95,5.95,6.61,13180972.0,83718574.0,1363740000.0,1999200000.0
sh600288,大恒科技,2009-02-27,5.73,5.85,5.36,5.44,5.95,12485800.0,68514049.0,1246848000.0,1827840000.0
sh600288,大恒科技,2009-03-02,5.49,5.78,5.34,5.71,5.44,8608225.0,48188472.0,1448056000.0,1918560000.0
sh600288,大恒科技,2009-03-03,5.55,6.14,5.46,5.99,5.71,11239294.0,65986126.0,1519064000.0,2012640000.0
sh600288,大恒科技,2009-03-04,5.98,6.48,5.98,6.4,5.99,11079860.0,69744941.0,1623040000.0,2150400000.0
sh600288,大恒科技,2009-03-06,6.37,6.79,6.25,6.56,6.4,15292395.0,100805117.0,1663616000.0,2204160000.0
sh600288,大恒科技,2009-03-09,6.48,6.66,5.9,6.25,6.56,14684156.0,91741343.0,1585000000.0,2100000000.0
sh600288,大恒科技,2009-03-10,6.0,6.42,5.96,6.37,6.25,11314638.0,69790461.0,1615432000.0,2140320000.0
sh600288,大恒科技,2009-03-11,6.48,6.51,5.96,6.09,6.37,15311426.0,94624155.0,1544424000.0,2046240000.0
sh600288,大恒科技,2009-03-12,6.03,6.41,6.03,6.29,6.09,13882851.0,86815710.0,1595144000.0,2113440000.0
sh600288,大恒科技,2009-03-13,6.23,6.78,6.14,6.57,6.29,20239769.0,131000369.0,1666152000.0,2207520000.0
sh600288,大恒科技,2009-03-16,6.49,6.93,6.36,6.79,6.57,20236326.0,135444893.0,1721944000.0,2281440000.0
sh600288,大恒科技,2009-03-17,6.76,7.03,6.67,6.87,6.79,22856522.0,156526683.0,1742232000.0,2308320000.0
sh600288,大恒科技,2009-03-18,6.8,6.97,6.72,6.77,6.87,18348600.0,125347066.0,1716872000.0,2274720000.0
sh600288,大恒科技,2009-03-19,6.76,7.25,6.7,7.11,6.77,20990925.0,147452714.0,1803096000.0,2388960000.0
sh600288,大恒科技,2009-03-20,7.1,7.17,6.85,7.06,7.11,12530135.0,87423419.0,1790416000.0,2372160000.0
sh600288,大恒科技,2009-03-23,7.08,7.08,6.82,6.88,7.06,16949215.0,117012747.0,1744768000.0,2311680000.0
sh600288,大恒科技,2009-03-24,6.94,7.04,6.74,7.0,6.88,16135562.0,111084941.0,1775200000.0,2352000000.0
sh600288,大恒科技,2009-03-25,6.94,6.94,6.55,6.57,7.0,10635167.0,72079320.0,1666152000.0,2207520000.0
sh600288,大恒科技,2009-03-26,6.52,6.81,6.5,6.79,6.57,12851765.0,86193590.0,1721944000.0,2281440000.0
sh600288,大恒科技,2009-03-27,6.77,6.91,6.72,6.79,6.79,9221171.0,62676413.0,1721944000.0,2281440000.0
sh600288,大恒科技,2009-03-30,6.71,6.95,6.71,6.9,6.79,11659891.0,79954302.0,1749840000.0,2318400000.0
sh600288,大恒科技,2009-03-31,6.76,6.92,6.61,6.91,6.9,11267734.0,76343347.0,1752376000.0,2321760000.0
sh600288,大恒科技,2009-04-01,6.99,7.12,6.85,7.1,6.91,18352626.0,128699915.0,1800560000.0,2385600000.0
sh600288,大恒科技,2009-04-02,7.4,7.6,7.14,7.15,7.1,34365971.0,251457811.0,1813240000.0,2402400000.0
sh600288,大恒科技,2009-04-03,7.24,7.29,7.06,7.21,7.15,13716761.0,98608026.0,1828456000.0,2422560000.0
sh600288,大恒科技,2009-04-07,7.31,7.46,7.22,7.4,7.21,12378647.0,91031737.0,1876640000.0,2486400000.0
sh600288,大恒科技,2009-04-08,7.35,7.58,7.27,7.27,7.4,15297879.0,113676968.0,1843672000.0,2442720000.0
sh600288,大恒科技,2009-04-09,7.23,7.35,7.05,7.34,7.27,11124331.0,80137252.0,1861424000.0,2466240000.0
sh600288,大恒科技,2009-04-10,7.45,7.74,7.39,7.66,7.34,19809873.0,150689180.0,1942576000.0,2573760000.0
sh600288,大恒科技,2009-04-13,7.85,7.9,7.6,7.7,7.66,17930202.0,138699141.0,1952720000.0,2587200000.0
sh600288,大恒科技,2009-04-14,7.68,8.11,7.5,8.06,7.7,25301879.0,196086687.0,2044016000.0,2708160000.0
sh600288,大恒科技,2009-04-15,7.93,8.17,7.77,8.12,8.06,19151525.0,153696921.0,2059232000.0,2728320000.0
sh600288,大恒科技,2009-04-16,8.19,8.42,8.12,8.18,8.12,17882439.0,147591068.0,2074448000.0,2748480000.0
sh600288,大恒科技,2009-04-17,8.16,8.16,7.71,7.81,8.18,18533193.0,146670086.0,1980616000.0,2624160000.0
sh600288,大恒科技,2009-04-20,7.76,8.27,7.76,8.2,7.81,14367965.0,116674922.0,2079520000.0,2755200000.0
sh600288,大恒科技,2009-04-21,8.08,8.35,7.96,8.11,8.2,13065989.0,106310495.0,2056696000.0,2724960000.0
sh600288,大恒科技,2009-04-22,8.18,8.24,7.43,7.54,8.11,18035914.0,141807948.0,1912144000.0,2533440000.0
sh600288,大恒科技,2009-04-23,7.5,7.78,7.47,7.74,7.54,8137556.0,62100978.0,1962864000.0,2600640000.0
sh600288,大恒科技,2009-04-24,7.79,7.83,7.6,7.61,7.74,6113626.0,47042357.0,1929896000.0,2556960000.0
sh600288,大恒科技,2009-04-27,7.5,7.6,7.07,7.14,7.61,8113675.0,59360921.0,1810704000.0,2399040000.0
sh600288,大恒科技,2009-04-28,7.11,7.27,7.09,7.26,7.14,6446113.0,46314046.0,1841136000.0,2439360000.0
sh600288,大恒科技,2009-04-29,7.26,7.59,7.17,7.54,7.26,7958465.0,59053846.0,1912144000.0,2533440000.0
sh600288,大恒科技,2009-04-30,7.58,7.63,7.4,7.48,7.54,6497252.0,48945608.0,1896928000.0,2513280000.0
sh600288,大恒科技,2009-05-04,7.45,7.8,7.45,7.78,7.48,7789643.0,59699144.0,1973008000.0,2614080000.0
sh600288,大恒科技,2009-05-05,7.77,7.84,7.7,7.81,7.78,8623057.0,66986667.0,1980616000.0,2624160000.0
sh600288,大恒科技,2009-05-06,7.8,7.94,7.74,7.87,7.81,8366868.0,65622915.0,1995832000.0,2644320000.0
sh600288,大恒科技,2009-05-07,7.88,7.94,7.51,7.7,7.87,10051282.0,77364637.0,1952720000.0,2587200000.0
sh600288,大恒科技,2009-05-08,7.67,7.69,7.48,7.64,7.7,7841177.0,59497571.0,1937504000.0,2567040000.0
sh600288,大恒科技,2009-05-11,7.63,7.7,7.15,7.24,7.64,7639170.0,56909845.0,1836064000.0,2432640000.0
sh600288,大恒科技,2009-05-12,7.18,7.45,7.18,7.43,7.24,5148516.0,37854692.0,1884248000.0,2496480000.0
sh600288,大恒科技,2009-05-13,7.45,7.58,7.36,7.5,7.43,4733903.0,35528595.0,1902000000.0,2520000000.0
sh600288,大恒科技,2009-05-14,7.42,7.65,7.4,7.63,7.5,7448123.0,56294147.0,1934968000.0,2563680000.0
sh600288,大恒科技,2009-05-18,7.67,7.67,7.45,7.65,7.63,5320424.0,40223857.0,1940040000.0,2570400000.0
sh600288,大恒科技,2009-05-19,7.68,7.83,7.61,7.8,7.65,10060160.0,77649648.0,1978080000.0,2620800000.0
sh600288,大恒科技,2009-05-20,7.79,7.82,7.61,7.62,7.8,6100862.0,47224445.0,1932432000.0,2560320000.0
sh600288,大恒科技,2009-05-21,7.63,7.9,7.6,7.67,7.62,9200543.0,71087550.0,1945112000.0,2577120000.0
sh600288,大恒科技,2009-05-22,7.61,7.69,7.51,7.57,7.67,4734962.0,35926530.0,1919752000.0,2543520000.0
sh600288,大恒科技,2009-05-25,7.27,7.53,7.22,7.51,7.57,5049443.0,37187711.0,1904536000.0,2523360000.0
sh600288,大恒科技,2009-05-26,7.56,7.84,7.56,7.66,7.51,10678836.0,82837962.0,1942576000.0,2573760000.0
sh600288,大恒科技,2009-05-27,7.7,7.79,7.67,7.74,7.66,5935805.0,45867016.0,1962864000.0,2600640000.0
sh600288,大恒科技,2009-06-01,7.82,7.88,7.74,7.83,7.74,9926534.0,77526966.0,1985688000.0,2630880000.0
sh600288,大恒科技,2009-06-02,7.82,7.88,7.77,7.84,7.83,8476059.0,66347351.0,1988224000.0,2634240000.0
sh600288,大恒科技,2009-06-03,7.9,8.04,7.88,7.93,7.84,12520672.0,99512745.0,2011048000.0,2664480000.0
sh600288,大恒科技,2009-06-04,7.92,7.92,7.6,7.64,7.93,11081390.0,85481102.0,1937504000.0,2567040000.0
sh600288,XR大恒科,2009-06-05,5.94,5.94,5.77,5.84,5.88,5015356.0,29230419.0,1925331200.0,2550912000.0
sh600288,大恒科技,2009-06-08,5.8,5.86,5.68,5.71,5.84,7121182.0,40754366.0,1882472800.0,2494128000.0
sh600288,大恒科技,2009-06-09,5.7,5.7,5.5,5.65,5.71,7356189.0,41162485.0,1862692000.0,2467920000.0
sh600288,大恒科技,2009-06-10,5.65,5.75,5.64,5.72,5.65,5903644.0,33671716.0,1885769600.0,2498496000.0
sh600288,大恒科技,2009-06-11,5.71,5.78,5.6,5.63,5.72,6372605.0,36277850.0,1856098400.0,2459184000.0
sh600288,大恒科技,2009-06-12,5.62,5.62,5.38,5.43,5.63,8252064.0,45478601.0,1790162400.0,2371824000.0
sh600288,大恒科技,2009-06-15,5.4,5.54,5.4,5.53,5.43,4190676.0,22866103.0,1823130400.0,2415504000.0
sh600288,大恒科技,2009-06-16,5.48,5.61,5.46,5.58,5.53,5044875.0,28021677.0,1839614400.0,2437344000.0
sh600288,大恒科技,2009-06-17,5.59,5.68,5.49,5.67,5.58,6072403.0,33935847.0,1869285600.0,2476656000.0
sh600288,大恒科技,2009-06-18,5.72,5.75,5.64,5.68,5.67,9208085.0,52373878.0,1872582400.0,2481024000.0
sh600288,大恒科技,2009-06-19,5.7,5.7,5.55,5.61,5.68,6207779.0,34799936.0,1849504800.0,2450448000.0
sh600288,大恒科技,2009-06-22,5.63,5.66,5.52,5.55,5.61,5414942.0,30144535.0,1829724000.0,2424240000.0
sh600288,大恒科技,2009-06-23,5.48,5.54,5.45,5.49,5.55,4459107.0,24484237.0,1809943200.0,2398032000.0
sh600288,大恒科技,2009-06-24,5.47,5.55,5.47,5.55,5.49,3658884.0,20194015.0,1829724000.0,2424240000.0
sh600288,大恒科技,2009-06-25,5.57,5.62,5.54,5.57,5.55,4803772.0,26792857.0,1836317600.0,2432976000.0
sh600288,大恒科技,2009-06-26,5.57,5.7,5.5,5.69,5.57,8946265.0,50274844.0,1875879200.0,2485392000.0
sh600288,大恒科技,2009-06-30,5.73,5.79,5.6,5.76,5.69,13630989.0,77995513.0,1898956800.0,2515968000.0
sh600288,大恒科技,2009-07-01,5.8,6.18,5.76,6.0,5.76,25313303.0,149608481.0,1978080000.0,2620800000.0
sh600288,大恒科技,2009-07-02,6.05,6.05,5.84,5.98,6.0,14041460.0,82996337.0,1971486400.0,2612064000.0
sh600288,大恒科技,2009-07-03,5.9,6.07,5.85,5.98,5.98,11616114.0,69194970.0,1971486400.0,2612064000.0
sh600288,大恒科技,2009-07-06,5.97,6.19,5.85,6.06,5.98,17751914.0,106978059.0,1997860800.0,2647008000.0
sh600288,大恒科技,2009-07-07,6.08,6.53,5.96,5.99,6.06,33201621.0,203591047.0,1974783200.0,2616432000.0
sh600288,大恒科技,2009-07-08,5.9,5.99,5.85,5.94,5.99,14065177.0,83047773.0,1958299200.0,2594592000.0
sh600288,大恒科技,2009-07-09,5.91,6.05,5.9,6.02,5.94,12882208.0,77005902.0,1984673600.0,2629536000.0
sh600288,大恒科技,2009-07-10,6.03,6.07,5.97,5.98,6.02,10317246.0,61992130.0,1971486400.0,2612064000.0
sh600288,大恒科技,2009-07-13,5.96,6.09,5.94,6.02,5.98,11796262.0,70914185.0,1984673600.0,2629536000.0
sh600288,大恒科技,2009-07-14,5.97,6.07,5.91,6.04,6.02,19033693.0,114100492.0,1991267200.0,2638272000.0
sh600288,大恒科技,2009-07-15,6.04,6.19,6.02,6.17,6.04,25216095.0,154126275.0,2034125600.0,2695056000.0
sh600288,大恒科技,2009-07-16,6.16,6.17,5.98,6.0,6.17,17644556.0,107352614.0,1978080000.0,2620800000.0
sh600288,大恒科技,2009-07-17,5.98,6.1,5.95,6.06,6.0,11601730.0,69871416.0,1997860800.0,2647008000.0
sh600288,大恒科技,2009-07-20,6.09,6.23,6.07,6.2,6.06,23666518.0,145603947.0,2044016000.0,2708160000.0
sh600288,大恒科技,2009-07-21,6.18,6.21,6.0,6.02,6.2,16033553.0,97622542.0,1984673600.0,2629536000.0
sh600288,大恒科技,2009-07-22,6.0,6.12,5.97,6.11,6.02,12588654.0,76073780.0,2014344800.0,2668848000.0
sh600288,大恒科技,2009-07-23,6.11,6.14,6.04,6.12,6.11,12158411.0,74091516.0,2017641600.0,2673216000.0
sh600288,大恒科技,2009-07-24,6.15,6.24,6.05,6.23,6.12,29799436.0,184156380.0,2053906400.0,2721264000.0
sh600288,大恒科技,2009-07-27,6.25,6.31,6.17,6.26,6.23,25347732.0,158089287.0,2063796800.0,2734368000.0
sh600288,大恒科技,2009-07-28,6.25,6.44,6.12,6.38,6.26,26933995.0,169398800.0,2103358400.0,2786784000.0
sh600288,大恒科技,2009-07-29,6.38,6.38,5.74,5.78,6.38,25760618.0,157060378.0,1905550400.0,2524704000.0
sh600288,大恒科技,2009-07-30,5.83,5.92,5.62,5.84,5.78,14914424.0,86013139.0,1925331200.0,2550912000.0
sh600288,大恒科技,2009-07-31,5.89,6.02,5.82,6.0,5.84,12667158.0,75175632.0,1978080000.0,2620800000.0
sh600288,大恒科技,2009-08-03,6.02,6.06,5.94,6.05,6.0,12797983.0,76893514.0,1994564000.0,2642640000.0
sh600288,大恒科技,2009-08-04,6.04,6.04,5.89,6.02,6.05,14421799.0,86011394.0,1984673600.0,2629536000.0
sh600288,大恒科技,2009-08-05,6.03,6.35,6.02,6.3,6.02,29265409.0,181379297.0,2076984000.0,2751840000.0
sh600288,大恒科技,2009-08-06,6.31,6.75,6.3,6.41,6.3,64316307.0,419448409.0,2113248800.0,2799888000.0
sh600288,大恒科技,2009-08-07,6.32,6.99,6.31,6.78,6.41,60859011.0,405692497.0,2235230400.0,2961504000.0
sh600288,大恒科技,2009-08-10,6.83,6.92,6.62,6.85,6.78,41042008.0,278641676.0,2258308000.0,2992080000.0
sh600288,大恒科技,2009-08-11,6.75,6.84,6.56,6.61,6.85,21128201.0,140781457.0,2179184800.0,2887248000.0
sh600288,大恒科技,2009-08-12,6.61,6.62,6.05,6.09,6.61,22738209.0,142501761.0,2007751200.0,2660112000.0
sh600288,大恒科技,2009-08-13,6.11,6.22,5.96,6.15,6.09,12102152.0,73912365.0,2027532000.0,2686320000.0
sh600288,大恒科技,2009-08-14,6.15,6.18,5.67,5.68,6.15,15039293.0,88328004.0,1872582400.0,2481024000.0
sh600288,大恒科技,2009-08-18,5.19,5.46,5.11,5.43,5.68,14985296.0,78751761.0,1790162400.0,2371824000.0
sh600288,大恒科技,2009-08-19,5.38,5.38,4.89,4.93,5.43,12287473.0,63141640.0,1625322400.0,2153424000.0
sh600288,大恒科技,2009-08-20,4.95,5.19,4.94,5.15,4.93,8485442.0,43002948.0,1697852000.0,2249520000.0
sh600288,大恒科技,2009-08-21,5.19,5.47,5.11,5.45,5.15,12557563.0,66628483.0,1796756000.0,2380560000.0
sh600288,大恒科技,2009-08-24,5.44,5.46,5.26,5.43,5.45,9876009.0,53016498.0,1790162400.0,2371824000.0
sh600288,大恒科技,2009-08-25,5.35,5.37,5.11,5.3,5.43,11010020.0,57503796.0,1747304000.0,2315040000.0
sh600288,大恒科技,2009-08-26,5.24,5.5,5.18,5.45,5.3,12443655.0,67243466.0,1796756000.0,2380560000.0
sh600288,大恒科技,2009-08-27,5.43,5.74,5.38,5.57,5.45,15199648.0,85037323.0,1836317600.0,2432976000.0
sh600288,大恒科技,2009-08-28,5.57,5.58,5.3,5.35,5.57,7975018.0,42931582.0,1763788000.0,2336880000.0
sh600288,大恒科技,2009-08-31,5.26,5.26,4.99,5.01,5.35,8302235.0,42407279.0,1651696800.0,2188368000.0
sh600288,大恒科技,2009-09-01,5.0,5.19,4.97,5.06,5.01,5845479.0,29659657.0,1668180800.0,2210208000.0
sh600288,大恒科技,2009-09-02,5.02,5.09,4.92,5.05,5.06,4673658.0,23502844.0,1664884000.0,2205840000.0
sh600288,大恒科技,2009-09-03,5.08,5.29,5.01,5.27,5.05,7297185.0,37863319.0,1737413600.0,2301936000.0
sh600288,大恒科技,2009-09-04,5.25,5.36,5.21,5.32,5.27,7163763.0,37952811.0,1753897600.0,2323776000.0
sh600288,大恒科技,2009-09-07,5.33,5.85,5.3,5.85,5.32,29209088.0,163930820.0,1928628000.0,2555280000.0
sh600288,大恒科技,2009-09-08,5.86,6.03,5.84,5.88,5.85,36236083.0,213759582.0,1938518400.0,2568384000.0
sh600288,大恒科技,2009-09-09,5.8,6.09,5.66,5.94,5.88,26981268.0,159048247.0,1958299200.0,2594592000.0
sh600288,大恒科技,2009-09-10,5.84,5.88,5.62,5.64,5.94,13068982.0,74990331.0,1859395200.0,2463552000.0
sh600288,大恒科技,2009-09-11,5.64,6.0,5.63,5.83,5.64,14861596.0,86947627.0,1922034400.0,2546544000.0
sh600288,大恒科技,2009-09-14,5.82,5.94,5.76,5.92,5.83,12553659.0,73796105.0,1951705600.0,2585856000.0
sh600288,大恒科技,2009-09-15,5.9,6.14,5.86,6.03,5.92,15979504.0,96170237.0,1987970400.0,2633904000.0
sh600288,大恒科技,2009-09-16,6.0,6.27,5.96,6.14,6.03,19251264.0,118131928.0,2024235200.0,2681952000.0
sh600288,大恒科技,2009-09-17,6.16,6.53,6.15,6.33,6.14,27132025.0,172990249.0,2086874400.0,2764944000.0
sh600288,大恒科技,2009-09-18,6.46,6.52,5.83,5.9,6.33,31293327.0,194204670.0,1945112000.0,2577120000.0
sh600288,大恒科技,2009-09-21,5.9,6.1,5.68,6.04,5.9,13592046.0,80464912.0,1991267200.0,2638272000.0
sh600288,大恒科技,2009-09-22,6.0,6.07,5.78,5.8,6.04,11054018.0,65751590.0,1912144000.0,2533440000.0
sh600288,大恒科技,2009-09-23,5.8,5.91,5.62,5.66,5.8,9700122.0,55786814.0,1865988800.0,2472288000.0
sh600288,大恒科技,2009-09-24,5.66,5.72,5.34,5.52,5.66,8384789.0,46490127.0,1819833600.0,2411136000.0
sh600288,大恒科技,2009-09-25,5.5,5.64,5.48,5.5,5.52,4872443.0,27053241.0,1813240000.0,2402400000.0
sh600288,大恒科技,2009-09-28,5.51,5.64,5.27,5.33,5.5,4789669.0,26267258.0,1757194400.0,2328144000.0
sh600288,大恒科技,2009-09-29,5.33,5.39,5.1,5.21,5.33,5172610.0,27133971.0,1717632800.0,2275728000.0
sh600288,大恒科技,2009-09-30,5.3,5.35,5.2,5.22,5.21,5121795.0,26924801.0,1720929600.0,2280096000.0
sh600288,大恒科技,2009-10-09,5.3,5.49,5.28,5.48,5.22,5929306.0,32052672.0,1806646400.0,2393664000.0
sh600288,大恒科技,2009-10-12,5.49,5.6,5.45,5.5,5.48,5567762.0,30841267.0,1813240000.0,2402400000.0
sh600288,大恒科技,2009-10-13,5.5,5.65,5.42,5.64,5.5,5338111.0,29872467.0,1859395200.0,2463552000.0
sh600288,大恒科技,2009-10-14,5.64,5.83,5.62,5.7,5.64,8996339.0,51579186.0,1879176000.0,2489760000.0
sh600288,大恒科技,2009-10-15,5.71,5.85,5.67,5.83,5.7,10304281.0,59650549.0,1922034400.0,2546544000.0
sh600288,大恒科技,2009-10-16,5.83,5.83,5.62,5.79,5.83,7339583.0,42035823.0,1908847200.0,2529072000.0
sh600288,大恒科技,2009-10-19,5.77,6.13,5.71,6.1,5.79,15019378.0,89569098.0,2011048000.0,2664480000.0
sh600288,大恒科技,2009-10-20,6.1,6.24,6.09,6.14,6.1,23940882.0,146811444.0,2024235200.0,2681952000.0
sh600288,大恒科技,2009-10-21,6.1,6.31,6.03,6.04,6.14,22004503.0,135675422.0,1991267200.0,2638272000.0
sh600288,大恒科技,2009-10-22,6.0,6.14,5.94,6.05,6.04,11375864.0,68685678.0,1994564000.0,2642640000.0
sh600288,大恒科技,2009-10-23,6.05,6.25,6.01,6.11,6.05,13317044.0,81807125.0,2014344800.0,2668848000.0
sh600288,大恒科技,2009-10-26,6.09,6.11,5.96,5.97,6.11,10167640.0,61031964.0,1968189600.0,2607696000.0
sh600288,大恒科技,2009-10-27,5.92,6.0,5.83,5.88,5.97,8443824.0,49941507.0,1938518400.0,2568384000.0
sh600288,大恒科技,2009-10-28,5.94,6.09,5.88,6.08,5.88,10552564.0,63131170.0,2004454400.0,2655744000.0
sh600288,大恒科技,2009-10-30,6.06,6.15,5.97,5.98,6.08,15299338.0,93204669.0,1971486400.0,2612064000.0
sh600288,大恒科技,2009-11-02,5.81,6.11,5.77,6.1,5.98,12358959.0,74061971.0,2011048000.0,2664480000.0
sh600288,大恒科技,2009-11-03,6.08,6.35,6.05,6.26,6.1,21148591.0,131754091.0,2063796800.0,2734368000.0
sh600288,大恒科技,2009-11-04,6.26,6.48,6.21,6.31,6.26,17993368.0,114127138.0,2080280800.0,2756208000.0
sh600288,大恒科技,2009-11-05,6.29,6.4,6.22,6.36,6.31,13422025.0,84885425.0,2096764800.0,2778048000.0
sh600288,大恒科技,2009-11-06,6.49,6.54,6.33,6.36,6.36,16791507.0,107996004.0,2096764800.0,2778048000.0
sh600288,大恒科技,2009-11-09,6.36,6.52,6.29,6.5,6.36,13564592.0,86846070.0,2142920000.0,2839200000.0
sh600288,大恒科技,2009-11-10,6.51,6.55,6.34,6.37,6.5,13028874.0,83518045.0,2100061600.0,2782416000.0
sh600288,大恒科技,2009-11-11,6.33,6.42,6.3,6.4,6.37,9681378.0,61615992.0,2109952000.0,2795520000.0
sh600288,大恒科技,2009-11-12,6.4,6.59,6.37,6.46,6.4,16758350.0,108747284.0,2129732800.0,2821728000.0
sh600288,大恒科技,2009-11-13,6.42,6.49,6.29,6.46,6.46,13086433.0,83523634.0,2129732800.0,2821728000.0
sh600288,大恒科技,2009-11-16,6.48,6.82,6.48,6.79,6.46,28451712.0,189767234.0,2238527200.0,2965872000.0
sh600288,大恒科技,2009-11-17,6.75,6.93,6.64,6.76,6.79,16359425.0,111000206.0,2228636800.0,2952768000.0
sh600288,大恒科技,2009-11-18,6.78,6.88,6.67,6.72,6.76,13898008.0,93934981.0,2215449600.0,2935296000.0
sh600288,大恒科技,2009-11-19,6.75,7.05,6.73,6.99,6.72,21409064.0,148049563.0,2304463200.0,3053232000.0
sh600288,大恒科技,2009-11-20,6.95,7.14,6.88,7.02,6.99,17865274.0,126091432.0,2314353600.0,3066336000.0
sh600288,大恒科技,2009-11-23,7.02,7.23,7.0,7.18,7.02,14058122.0,100365047.0,2367102400.0,3136224000.0
sh600288,大恒科技,2009-11-24,7.28,7.28,6.55,6.57,7.18,26115855.0,180243500.0,2165997600.0,2869776000.0
sh600288,大恒科技,2009-11-25,6.58,6.88,6.58,6.81,6.57,17443153.0,117733761.0,2245120800.0,2974608000.0
sh600288,大恒科技,2009-11-26,6.8,6.95,6.35,6.37,6.81,19750591.0,132243296.0,2100061600.0,2782416000.0
sh600288,大恒科技,2009-11-27,6.3,6.51,6.12,6.25,6.37,13845340.0,87867869.0,2060500000.0,2730000000.0
sh600288,大恒科技,2009-11-30,6.42,6.88,6.42,6.88,6.25,11449350.0,77075573.0,2268198400.0,3005184000.0
sh600288,大恒科技,2009-12-01,7.39,7.57,7.31,7.57,6.88,39956861.0,301174600.0,2495677600.0,3306576000.0
sh600288,大恒科技,2009-12-02,8.0,8.33,7.88,8.33,7.57,69840785.0,565422378.0,2746234400.0,3638544000.0
sh600288,大恒科技,2009-12-03,8.72,9.16,8.5,8.85,8.33,122559423.0,1087804588.0,2917668000.0,3865680000.0
sh600288,大恒科技,2009-12-04,8.89,9.22,8.15,8.6,8.85,85752434.0,745454493.0,2835248000.0,3756480000.0
sh600288,大恒科技,2009-12-07,8.4,8.65,8.3,8.5,8.6,37090462.0,314652584.0,2802280000.0,3712800000.0
sh600288,大恒科技,2009-12-08,8.42,8.49,8.16,8.37,8.5,28543021.0,236224174.0,2759421600.0,3656016000.0
sh600288,大恒科技,2009-12-09,8.33,8.78,8.25,8.34,8.37,38256390.0,325978779.0,2749531200.0,3642912000.0
sh600288,大恒科技,2009-12-10,8.29,8.5,8.16,8.43,8.34,22328153.0,185542849.0,2779202400.0,3682224000.0
sh600288,大恒科技,2009-12-11,8.38,8.42,8.2,8.28,8.43,15512634.0,128643163.0,2729750400.0,3616704000.0
sh600288,大恒科技,2009-12-14,8.3,8.31,7.91,8.08,8.28,18692174.0,150582850.0,2663814400.0,3529344000.0
sh600288,大恒科技,2009-12-16,8.09,8.19,8.0,8.01,8.08,14939367.0,120737602.0,2640736800.0,3498768000.0
sh600288,大恒科技,2009-12-17,7.92,8.18,7.92,7.99,8.01,19008363.0,153204999.0,2634143200.0,3490032000.0
sh600288,大恒科技,2009-12-18,7.81,8.7,7.78,8.23,7.99,40976364.0,338569509.0,2713266400.0,3594864000.0
sh600288,大恒科技,2009-12-21,8.27,9.05,8.16,9.05,8.23,73477838.0,645403845.0,2983604000.0,3953040000.0
sh600288,大恒科技,2009-12-22,8.8,9.08,8.32,8.43,9.05,46779654.0,407530252.0,2779202400.0,3682224000.0
sh600288,大恒科技,2009-12-23,8.52,8.64,8.1,8.42,8.43,25665653.0,216216102.0,2775905600.0,3677856000.0
sh600288,大恒科技,2009-12-24,8.4,9.0,8.36,8.72,8.42,36142564.0,316453104.0,2874809600.0,3808896000.0
sh600288,大恒科技,2009-12-25,8.7,9.0,8.43,8.8,8.72,29347184.0,257814837.0,2901184000.0,3843840000.0
sh600288,大恒科技,2009-12-28,9.01,9.68,9.01,9.68,8.8,76388343.0,734608329.0,3191302400.0,4228224000.0
sh600288,大恒科技,2009-12-29,9.75,9.87,9.4,9.77,9.68,68221008.0,658247351.0,3220973600.0,4267536000.0
sh600288,大恒科技,2009-12-30,9.59,10.75,9.41,10.75,9.77,73027758.0,744785236.0,3544060000.0,4695600000.0
sh600288,大恒科技,2009-12-31,10.7,11.45,10.45,10.76,10.75,87641338.0,959994116.0,3547356800.0,4699968000.0
sh600288,大恒科技,2010-01-04,10.76,11.37,10.6,11.16,10.76,51597044.0,572108102.0,3679228800.0,4874688000.0
sh600288,大恒科技,2010-01-05,11.06,11.64,10.86,11.27,11.16,48822966.0,549279336.0,3715493600.0,4922736000.0
sh600288,大恒科技,2010-01-06,11.21,11.48,11.0,11.01,11.27,41360139.0,461521697.0,3629776800.0,4809168000.0
sh600288,大恒科技,2010-01-07,10.91,11.0,10.33,10.51,11.01,40133779.0,426952029.0,3464936800.0,4590768000.0
sh600288,大恒科技,2010-01-08,10.4,10.99,10.38,10.9,10.51,39751990.0,426256268.0,3593512000.0,4761120000.0
sh600288,大恒科技,2010-01-11,11.52,11.77,10.86,10.89,10.9,53021415.0,595521757.0,3590215200.0,4756752000.0
sh600288,大恒科技,2010-01-12,10.61,10.76,10.35,10.61,10.89,30805093.0,325144198.0,3497904800.0,4634448000.0
sh600288,大恒科技,2010-01-13,10.36,10.91,10.29,10.51,10.61,25519994.0,271601606.0,3464936800.0,4590768000.0
sh600288,大恒科技,2010-01-14,10.5,10.95,10.5,10.81,10.51,27492613.0,295027871.0,3563840800.0,4721808000.0
sh600288,大恒科技,2010-01-15,10.81,11.2,10.8,10.87,10.81,24154718.0,264978332.0,3583621600.0,4748016000.0
sh600288,大恒科技,2010-01-18,10.68,10.83,10.45,10.71,10.87,23846857.0,252486178.0,3530872800.0,4678128000.0
sh600288,大恒科技,2010-01-19,10.7,11.45,10.68,11.19,10.71,42914674.0,479261580.0,3689119200.0,4887792000.0
sh600288,大恒科技,2010-01-20,11.2,11.25,10.45,10.52,11.19,30581672.0,329432922.0,3468233600.0,4595136000.0
sh600288,大恒科技,2010-01-21,10.48,10.68,10.38,10.53,10.52,14043349.0,147670342.0,3471530400.0,4599504000.0
sh600288,大恒科技,2010-01-22,10.38,10.38,9.48,9.97,10.53,24922590.0,247014098.0,3286909600.0,4354896000.0
sh600288,大恒科技,2010-01-25,9.78,9.95,9.57,9.64,9.97,11294278.0,109966674.0,3178115200.0,4210752000.0
sh600288,大恒科技,2010-01-26,9.7,9.87,9.15,9.29,9.64,13260717.0,124939526.0,3062727200.0,4057872000.0
sh600288,大恒科技,2010-01-27,9.29,9.4,8.94,9.08,9.29,11567119.0,105785717.0,2993494400.0,3966144000.0
sh600288,大恒科技,2010-01-28,9.12,9.36,8.95,9.34,9.08,12556100.0,115056184.0,3079211200.0,4079712000.0
sh600288,大恒科技,2010-01-29,9.22,9.61,9.18,9.44,9.34,14709935.0,138674532.0,3112179200.0,4123392000.0
sh600288,大恒科技,2010-02-01,9.34,10.1,8.88,9.48,9.44,22848159.0,214967161.0,3125366400.0,4140864000.0
sh600288,大恒科技,2010-02-02,9.35,9.65,9.3,9.33,9.48,11664284.0,110311848.0,3075914400.0,4075344000.0
sh600288,大恒科技,2010-02-03,9.34,9.8,9.0,9.74,9.33,24460904.0,233174365.0,3211083200.0,4254432000.0
sh600288,大恒科技,2010-02-04,9.55,9.92,9.4,9.67,9.74,18500211.0,179277126.0,3188005600.0,4223856000.0
sh600288,大恒科技,2010-02-05,9.41,9.9,9.3,9.85,9.67,23045235.0,221379568.0,3247348000.0,4302480000.0
sh600288,大恒科技,2010-02-08,9.7,10.78,9.7,10.48,9.85,34287242.0,352578768.0,3455046400.0,4577664000.0
sh600288,大恒科技,2010-02-09,10.33,10.94,10.26,10.55,10.48,33550916.0,355308607.0,3478124000.0,4608240000.0
sh600288,大恒科技,2010-02-10,10.5,10.86,10.41,10.59,10.55,20247148.0,214926920.0,3491311200.0,4625712000.0
sh600288,大恒科技,2010-02-11,10.5,10.69,10.31,10.41,10.59,15209782.0,159529524.0,3431968800.0,4547088000.0
sh600288,大恒科技,2010-02-12,10.4,10.91,10.33,10.62,10.41,18147652.0,193022917.0,3501201600.0,4638816000.0
sh600288,大恒科技,2010-02-22,10.76,10.89,10.18,10.22,10.62,24305380.0,253248331.0,3369329600.0,4464096000.0
sh600288,大恒科技,2010-02-23,10.05,10.05,9.36,9.66,10.22,23019957.0,221159326.0,3184708800.0,4219488000.0
sh600288,大恒科技,2010-02-24,9.51,9.81,9.45,9.76,9.66,15892660.0,154028706.0,3217676800.0,4263168000.0
sh600288,大恒科技,2010-02-25,9.75,10.0,9.73,9.97,9.76,16977588.0,167676676.0,3286909600.0,4354896000.0
sh600288,大恒科技,2010-02-26,9.95,10.08,9.72,9.77,9.97,14842609.0,146755846.0,3220973600.0,4267536000.0
sh600288,大恒科技,2010-03-01,9.7,10.75,9.66,10.75,9.77,46417690.0,484326248.0,4695600000.0,4695600000.0
sh600288,大恒科技,2010-03-02,10.82,10.95,10.52,10.8,10.75,45661332.0,490287527.0,4717440000.0,4717440000.0
sh600288,大恒科技,2010-03-03,10.84,11.13,10.6,10.87,10.8,33526056.0,365115002.0,4748016000.0,4748016000.0
sh600288,大恒科技,2010-03-04,10.8,11.66,10.62,11.07,10.87,58217524.0,648340582.0,4835376000.0,4835376000.0
sh600288,大恒科技,2010-03-05,11.15,11.57,10.7,11.13,11.07,58545033.0,655127870.0,4861584000.0,4861584000.0
sh600288,大恒科技,2010-03-08,10.85,11.22,10.8,10.97,11.13,25871958.0,283182771.0,4791696000.0,4791696000.0
sh600288,大恒科技,2010-03-09,10.85,11.09,10.66,10.7,10.97,20697479.0,223687642.0,4673760000.0,4673760000.0
sh600288,大恒科技,2010-03-10,10.65,10.91,10.2,10.38,10.7,20584528.0,216180357.0,4533984000.0,4533984000.0
sh600288,大恒科技,2010-03-11,10.39,10.69,10.02,10.51,10.38,19519544.0,202595913.0,4590768000.0,4590768000.0
sh600288,大恒科技,2010-03-12,10.51,10.51,10.15,10.18,10.51,10955308.0,112706866.0,4446624000.0,4446624000.0
sh600288,大恒科技,2010-03-15,10.1,10.45,10.03,10.24,10.18,10088092.0,103393139.0,4472832000.0,4472832000.0
sh600288,大恒科技,2010-03-16,10.28,10.54,10.15,10.52,10.24,13754459.0,142670203.0,4595136000.0,4595136000.0
sh600288,大恒科技,2010-03-17,10.51,10.89,10.41,10.83,10.52,21017751.0,224395540.0,4730544000.0,4730544000.0
sh600288,大恒科技,2010-03-18,10.8,11.24,10.73,10.86,10.83,26429475.0,289649791.0,4743648000.0,4743648000.0
sh600288,大恒科技,2010-03-19,10.92,11.0,10.7,10.91,10.86,15613136.0,169756304.0,4765488000.0,4765488000.0
sh600288,大恒科技,2010-03-22,11.0,11.08,10.69,10.92,10.91,16342399.0,177739563.0,4769856000.0,4769856000.0
sh600288,大恒科技,2010-03-23,10.89,10.95,10.59,10.6,10.92,14117423.0,151330023.0,4630080000.0,4630080000.0
sh600288,大恒科技,2010-03-24,10.58,10.97,10.54,10.9,10.6,19213117.0,207031374.0,4761120000.0,4761120000.0
sh600288,大恒科技,2010-03-25,10.78,11.31,10.7,11.08,10.9,36873978.0,407726927.0,4839744000.0,4839744000.0
sh600288,大恒科技,2010-03-26,10.93,11.27,10.8,11.07,11.08,21589233.0,238002604.0,4835376000.0,4835376000.0
sh600288,大恒科技,2010-03-29,11.12,11.38,10.91,11.06,11.07,24817371.0,275847793.0,4831008000.0,4831008000.0
sh600288,大恒科技,2010-03-30,11.06,11.06,10.7,10.91,11.06,18526715.0,200767922.0,4765488000.0,4765488000.0
sh600288,大恒科技,2010-03-31,10.85,11.0,10.75,10.85,10.91,14451263.0,156636086.0,4739280000.0,4739280000.0
sh600288,大恒科技,2010-04-01,10.82,10.94,10.7,10.89,10.85,20346034.0,220371737.0,4756752000.0,4756752000.0
sh600288,大恒科技,2010-04-02,10.88,11.1,10.75,10.97,10.89,19705629.0,215670386.0,4791696000.0,4791696000.0
sh600288,大恒科技,2010-04-06,11.0,11.07,10.88,10.95,10.97,14298236.0,156661490.0,4782960000.0,4782960000.0
sh600288,大恒科技,2010-04-07,10.92,11.04,10.76,10.82,10.95,14526369.0,158193100.0,4726176000.0,4726176000.0
sh600288,大恒科技,2010-04-08,10.81,10.97,10.76,10.85,10.82,13492145.0,146457104.0,4739280000.0,4739280000.0
sh600288,大恒科技,2010-04-09,10.85,11.47,10.75,11.28,10.85,34842250.0,388257611.0,4927104000.0,4927104000.0
sh600288,大恒科技,2010-04-12,11.34,11.85,11.2,11.75,11.28,47971877.0,552517525.0,5132400000.0,5132400000.0
sh600288,大恒科技,2010-04-13,12.05,12.15,10.84,11.41,11.75,44859301.0,521743449.0,4983888000.0,4983888000.0
sh600288,大恒科技,2010-04-14,11.29,11.38,11.06,11.3,11.41,19080376.0,214274224.0,4935840000.0,4935840000.0
sh600288,大恒科技,2010-04-15,11.29,11.52,11.13,11.19,11.3,18041902.0,204333949.0,4887792000.0,4887792000.0
sh600288,大恒科技,2010-04-16,11.14,11.18,10.16,10.51,11.19,25406289.0,269867121.0,4590768000.0,4590768000.0
sh600288,大恒科技,2010-04-19,10.44,10.73,10.13,10.17,10.51,14420409.0,149548168.0,4442256000.0,4442256000.0
sh600288,大恒科技,2010-04-20,10.17,10.38,10.0,10.3,10.17,12130828.0,123828940.0,4499040000.0,4499040000.0
sh600288,大恒科技,2010-04-21,10.42,10.97,10.4,10.75,10.3,24058590.0,258319299.0,4695600000.0,4695600000.0
sh600288,大恒科技,2010-04-22,10.78,11.2,10.66,10.94,10.75,25291645.0,278001622.0,4778592000.0,4778592000.0
sh600288,大恒科技,2010-04-23,10.8,11.24,10.78,11.15,10.94,27010661.0,298351732.0,4870320000.0,4870320000.0
sh600288,大恒科技,2010-04-26,11.1,11.37,10.8,10.84,11.15,21487050.0,238187067.0,4734912000.0,4734912000.0
sh600288,大恒科技,2010-04-27,10.72,10.72,10.03,10.31,10.84,20798116.0,213330954.0,4503408000.0,4503408000.0
sh600288,大恒科技,2010-04-28,10.15,10.43,10.01,10.22,10.31,9445838.0,97050141.0,4464096000.0,4464096000.0
sh600288,大恒科技,2010-04-29,10.25,10.43,9.4,9.43,10.22,15255393.0,151676791.0,4119024000.0,4119024000.0
sh600288,大恒科技,2010-04-30,9.4,9.43,8.6,8.85,9.43,11988836.0,106482541.0,3865680000.0,3865680000.0
sh600288,大恒科技,2010-05-04,8.52,9.01,8.52,8.85,8.85,6803557.0,60326127.0,3865680000.0,3865680000.0
sh600288,大恒科技,2010-05-05,8.7,9.19,8.65,9.17,8.85,8980215.0,80715398.0,4005456000.0,4005456000.0
sh600288,大恒科技,2010-05-06,9.18,9.36,8.71,8.75,9.17,9540474.0,86567617.0,3822000000.0,3822000000.0
sh600288,大恒科技,2010-05-07,8.47,8.73,8.2,8.22,8.75,10171392.0,85881226.0,3590496000.0,3590496000.0
sh600288,大恒科技,2010-05-10,8.25,8.55,8.1,8.39,8.22,7882868.0,66133201.0,3664752000.0,3664752000.0
sh600288,大恒科技,2010-05-11,8.6,8.67,8.21,8.23,8.39,8654166.0,72607330.0,3594864000.0,3594864000.0
sh600288,大恒科技,2010-05-12,8.11,8.35,8.0,8.2,8.23,6567537.0,53783007.0,3581760000.0,3581760000.0
sh600288,大恒科技,2010-05-13,8.25,8.28,7.83,8.27,8.2,10078089.0,81886899.0,3612336000.0,3612336000.0
sh600288,大恒科技,2010-05-14,8.2,8.45,8.07,8.33,8.27,9060031.0,75158102.0,3638544000.0,3638544000.0
sh600288,大恒科技,2010-05-17,8.16,8.22,7.5,7.5,8.33,10708020.0,83491207.0,3276000000.0,3276000000.0
sh600288,大恒科技,2010-05-18,7.4,7.54,7.01,7.53,7.5,11612403.0,84521466.0,3289104000.0,3289104000.0
sh600288,大恒科技,2010-05-19,7.47,7.59,7.25,7.39,7.53,7681992.0,57082223.0,3227952000.0,3227952000.0
sh600288,大恒科技,2010-05-20,7.28,7.55,7.16,7.4,7.39,7689394.0,56609285.0,3232320000.0,3232320000.0
sh600288,大恒科技,2010-05-21,7.19,7.68,7.1,7.62,7.4,11713461.0,87364802.0,3328416000.0,3328416000.0
sh600288,大恒科技,2010-05-24,7.63,8.15,7.55,8.06,7.62,14489962.0,114726680.0,3520608000.0,3520608000.0
sh600288,大恒科技,2010-05-25,7.95,8.16,7.8,7.89,8.06,12856788.0,102571500.0,3446352000.0,3446352000.0
sh600288,大恒科技,2010-05-26,7.88,7.99,7.71,7.91,7.89,5721579.0,45022183.0,3455088000.0,3455088000.0
sh600288,大恒科技,2010-05-27,7.91,8.09,7.67,8.0,7.91,10581843.0,83516342.0,3494400000.0,3494400000.0
sh600288,大恒科技,2010-05-28,8.07,8.26,7.96,8.03,8.0,12616836.0,102333336.0,3507504000.0,3507504000.0
sh600288,大恒科技,2010-06-01,7.6,7.6,7.23,7.36,8.03,12858163.0,95073441.0,3214848000.0,3214848000.0
sh600288,大恒科技,2010-06-02,7.29,7.6,7.21,7.6,7.36,10034506.0,74655019.0,3319680000.0,3319680000.0
sh600288,大恒科技,2010-06-03,7.68,7.95,7.58,7.84,7.6,14709041.0,114244515.0,3424512000.0,3424512000.0
sh600288,大恒科技,2010-06-04,7.69,8.09,7.67,7.94,7.84,18266473.0,145035690.0,3468192000.0,3468192000.0
sh600288,大恒科技,2010-06-07,7.68,7.85,7.4,7.79,7.94,8533415.0,65873914.0,3402672000.0,3402672000.0
sh600288,大恒科技,2010-06-08,7.75,8.19,7.75,8.02,7.79,14825813.0,118641398.0,3503136000.0,3503136000.0
sh600288,大恒科技,2010-06-09,7.98,8.15,7.87,8.13,8.02,13150966.0,105713541.0,3551184000.0,3551184000.0
sh600288,大恒科技,2010-06-10,8.08,8.13,7.99,8.04,8.13,10827059.0,87212423.0,3511872000.0,3511872000.0
sh600288,大恒科技,2010-06-11,8.07,8.11,7.86,7.87,8.04,7588879.0,60388713.0,3437616000.0,3437616000.0
sh600288,大恒科技,2010-06-17,7.93,7.99,7.81,7.83,7.87,4275104.0,33758914.0,3420144000.0,3420144000.0
sh600288,大恒科技,2010-06-18,7.81,7.85,7.26,7.36,7.83,8128452.0,61362979.0,3214848000.0,3214848000.0
sh600288,大恒科技,2010-06-21,7.37,7.79,7.2,7.72,7.36,8589676.0,64818410.0,3372096000.0,3372096000.0
sh600288,大恒科技,2010-06-22,7.69,7.85,7.61,7.76,7.72,7556896.0,58297105.0,3389568000.0,3389568000.0
sh600288,大恒科技,2010-06-23,7.68,7.86,7.5,7.62,7.76,6388710.0,49152537.0,3328416000.0,3328416000.0
sh600288,大恒科技,2010-06-24,7.7,7.74,7.56,7.69,7.62,5062345.0,38760576.0,3358992000.0,3358992000.0
sh600288,大恒科技,2010-06-25,7.64,7.79,7.5,7.73,7.69,7132768.0,54787277.0,3376464000.0,3376464000.0
sh600288,大恒科技,2010-06-28,7.67,7.69,7.39,7.42,7.73,5222029.0,39277446.0,3241056000.0,3241056000.0
sh600288,大恒科技,2010-06-29,7.44,7.48,6.68,6.7,7.42,8340593.0,58621702.0,2926560000.0,2926560000.0
sh600288,大恒科技,2010-06-30,6.69,6.69,6.41,6.59,6.7,6157955.0,40148850.0,2878512000.0,2878512000.0
sh600288,大恒科技,2010-07-01,6.56,6.85,6.46,6.61,6.59,6979810.0,46567746.0,2887248000.0,2887248000.0
sh600288,大恒科技,2010-07-02,6.62,6.7,6.36,6.67,6.61,6412844.0,42011020.0,2913456000.0,2913456000.0
sh600288,大恒科技,2010-07-05,6.51,7.27,6.5,6.87,6.67,7365241.0,50646114.0,3000816000.0,3000816000.0
sh600288,大恒科技,2010-07-06,6.9,7.08,6.81,7.05,6.87,7117504.0,49620871.0,3079440000.0,3079440000.0
sh600288,大恒科技,2010-07-07,7.05,7.14,6.97,7.05,7.05,5552087.0,39055183.0,3079440000.0,3079440000.0
sh600288,大恒科技,2010-07-08,7.1,7.24,6.87,6.9,7.05,5412221.0,37888280.0,3013920000.0,3013920000.0
sh600288,大恒科技,2010-07-09,6.97,7.59,6.85,7.24,6.9,11843922.0,85161944.0,3162432000.0,3162432000.0
sh600288,大恒科技,2010-07-12,7.27,7.32,7.18,7.23,7.24,12689819.0,91927772.0,3158064000.0,3158064000.0
sh600288,大恒科技,2010-07-13,7.13,7.2,6.89,6.97,7.23,7895174.0,55328828.0,3044496000.0,3044496000.0
sh600288,大恒科技,2010-07-14,7.0,7.17,6.97,7.03,6.97,6189678.0,43713031.0,3070704000.0,3070704000.0
sh600288,大恒科技,2010-07-16,6.8,6.98,6.61,6.88,7.03,7505687.0,50544759.0,3005184000.0,3005184000.0
sh600288,大恒科技,2010-07-19,6.8,7.08,6.75,7.04,6.88,6320314.0,43947661.0,3075072000.0,3075072000.0
sh600288,大恒科技,2010-07-20,7.05,7.28,7.05,7.26,7.04,10003718.0,71894025.0,3171168000.0,3171168000.0
sh600288,大恒科技,2010-07-21,7.24,7.42,7.18,7.28,7.26,12945956.0,94761956.0,3179904000.0,3179904000.0
sh600288,大恒科技,2010-07-22,7.28,7.48,7.2,7.47,7.28,10439174.0,76919016.0,3262896000.0,3262896000.0
sh600288,大恒科技,2010-07-23,7.56,7.56,7.26,7.39,7.47,9768807.0,72051639.0,3227952000.0,3227952000.0
sh600288,大恒科技,2010-07-26,7.4,7.66,7.36,7.57,7.39,12582554.0,94321685.0,3306576000.0,3306576000.0
sh600288,大恒科技,2010-07-27,7.5,7.62,7.47,7.49,7.57,8736346.0,65796074.0,3271632000.0,3271632000.0
sh600288,大恒科技,2010-07-28,7.48,8.23,7.4,8.13,7.49,27637569.0,217562082.0,3551184000.0,3551184000.0
sh600288,大恒科技,2010-07-29,8.04,8.45,7.95,8.19,8.13,37520997.0,306564036.0,3577392000.0,3577392000.0
sh600288,大恒科技,2010-07-30,8.05,8.13,7.89,8.02,8.19,15428859.0,123756789.0,3503136000.0,3503136000.0
sh600288,大恒科技,2010-08-02,8.03,8.14,8.0,8.1,8.02,10700504.0,86410496.0,3538080000.0,3538080000.0
sh600288,大恒科技,2010-08-03,8.2,8.29,8.0,8.01,8.1,19793594.0,161785738.0,3498768000.0,3498768000.0
sh600288,大恒科技,2010-08-04,7.97,8.08,7.81,8.07,8.01,11621757.0,92490238.0,3524976000.0,3524976000.0
sh600288,大恒科技,2010-08-05,8.05,8.19,7.99,8.17,8.07,13255773.0,107382213.0,3568656000.0,3568656000.0
sh600288,大恒科技,2010-08-06,8.0,8.29,7.97,8.24,8.17,16028803.0,130786557.0,3599232000.0,3599232000.0
sh600288,大恒科技,2010-08-09,8.26,8.41,8.18,8.39,8.24,16999069.0,141131203.0,3664752000.0,3664752000.0
sh600288,大恒科技,2010-08-10,8.38,8.42,7.85,7.87,8.39,13361592.0,109012528.0,3437616000.0,3437616000.0
sh600288,大恒科技,2010-08-11,7.9,8.09,7.88,8.05,7.87,7866058.0,62783111.0,3516240000.0,3516240000.0
sh600288,大恒科技,2010-08-12,7.9,8.07,7.77,7.82,8.05,7461393.0,59036265.0,3415776000.0,3415776000.0
sh600288,大恒科技,2010-08-13,7.82,8.0,7.8,7.97,7.82,5965586.0,47196664.0,3481296000.0,3481296000.0
sh600288,大恒科技,2010-08-16,7.94,8.15,7.93,8.11,7.97,9160042.0,73860276.0,3542448000.0,3542448000.0
sh600288,大恒科技,2010-08-17,8.12,8.26,8.05,8.16,8.11,11739663.0,95834439.0,3564288000.0,3564288000.0
sh600288,大恒科技,2010-08-19,8.18,8.34,8.11,8.27,8.16,17396645.0,143489331.0,3612336000.0,3612336000.0
sh600288,大恒科技,2010-08-20,8.2,8.26,7.9,7.94,8.27,11789699.0,95226534.0,3468192000.0,3468192000.0
sh600288,大恒科技,2010-08-23,7.95,8.1,7.92,8.06,7.94,6947249.0,55702467.0,3520608000.0,3520608000.0
sh600288,大恒科技,2010-08-24,8.02,8.3,7.95,8.2,8.06,12077959.0,98399189.0,3581760000.0,3581760000.0
sh600288,大恒科技,2010-08-25,8.15,8.53,8.11,8.35,8.2,31624825.0,264393615.0,3647280000.0,3647280000.0
sh600288,大恒科技,2010-08-26,8.31,8.57,8.24,8.56,8.35,25278741.0,213079436.0,3739008000.0,3739008000.0
sh600288,大恒科技,2010-08-27,8.5,8.67,8.35,8.44,8.56,16808016.0,142411203.0,3686592000.0,3686592000.0
sh600288,大恒科技,2010-08-30,8.5,8.6,8.4,8.59,8.44,18189583.0,154928939.0,3752112000.0,3752112000.0
sh600288,大恒科技,2010-08-31,8.55,8.55,8.37,8.44,8.59,15378089.0,129808270.0,3686592000.0,3686592000.0
sh600288,大恒科技,2010-09-01,8.45,8.48,8.0,8.11,8.44,16753957.0,138168003.0,3542448000.0,3542448000.0
sh600288,大恒科技,2010-09-02,8.2,8.48,8.15,8.47,8.11,17638908.0,147250307.0,3699696000.0,3699696000.0
sh600288,大恒科技,2010-09-03,8.5,8.88,8.48,8.78,8.47,29805601.0,259671336.0,3835104000.0,3835104000.0
sh600288,大恒科技,2010-09-06,8.82,9.25,8.65,9.03,8.78,32994853.0,296106087.0,3944304000.0,3944304000.0
sh600288,大恒科技,2010-09-07,9.03,9.28,8.81,9.16,9.03,19992663.0,180935952.0,4001088000.0,4001088000.0
sh600288,大恒科技,2010-09-08,9.11,9.38,9.04,9.24,9.16,19456785.0,179830726.0,4036032000.0,4036032000.0
sh600288,大恒科技,2010-09-09,9.35,9.69,9.19,9.53,9.24,30456498.0,289064614.0,4162704000.0,4162704000.0
sh600288,大恒科技,2010-09-10,9.62,9.78,9.31,9.72,9.53,25680785.0,245697661.0,4245696000.0,4245696000.0
sh600288,大恒科技,2010-09-13,9.75,9.76,9.56,9.67,9.72,21351509.0,206149917.0,4223856000.0,4223856000.0
sh600288,大恒科技,2010-09-14,9.66,9.87,9.42,9.81,9.67,23345170.0,225199565.0,4285008000.0,4285008000.0
sh600288,大恒科技,2010-09-15,9.95,10.71,9.84,9.9,9.81,40018964.0,408496005.0,4324320000.0,4324320000.0
sh600288,大恒科技,2010-09-16,10.21,10.5,9.47,9.67,9.9,27105016.0,267010823.0,4223856000.0,4223856000.0
sh600288,大恒科技,2010-09-17,9.54,9.68,9.18,9.25,9.67,18393271.0,172240953.0,4040400000.0,4040400000.0
sh600288,大恒科技,2010-09-20,9.31,9.44,9.08,9.37,9.25,11804344.0,109762243.0,4092816000.0,4092816000.0
sh600288,大恒科技,2010-09-21,9.3,9.46,8.98,9.08,9.37,9778682.0,89525635.0,3966144000.0,3966144000.0
sh600288,大恒科技,2010-09-27,9.15,9.28,9.1,9.27,9.08,7575721.0,69823250.0,4049136000.0,4049136000.0
sh600288,大恒科技,2010-09-28,9.29,9.45,9.23,9.32,9.27,8175744.0,76416394.0,4070976000.0,4070976000.0
sh600288,大恒科技,2010-09-29,9.33,9.68,9.33,9.54,9.32,13421469.0,127976601.0,4167072000.0,4167072000.0
sh600288,大恒科技,2010-09-30,9.5,9.65,9.4,9.58,9.54,9384499.0,89532333.0,4184544000.0,4184544000.0
sh600288,大恒科技,2010-10-08,9.65,9.94,9.6,9.71,9.58,12484421.0,122377983.0,4241328000.0,4241328000.0
sh600288,大恒科技,2010-10-11,9.75,9.8,9.51,9.58,9.71,16654216.0,160476531.0,4184544000.0,4184544000.0
sh600288,大恒科技,2010-10-12,9.57,9.66,9.3,9.39,9.58,14271599.0,135450534.0,4101552000.0,4101552000.0
sh600288,大恒科技,2010-10-13,9.38,9.53,9.15,9.41,9.39,12615436.0,117444944.0,4110288000.0,4110288000.0
sh600288,大恒科技,2010-10-14,9.45,9.45,8.86,8.92,9.41,17291900.0,156930931.0,3896256000.0,3896256000.0
sh600288,大恒科技,2010-10-15,8.92,9.05,8.76,8.84,8.92,16037749.0,142679757.0,3861312000.0,3861312000.0
sh600288,大恒科技,2010-10-18,8.8,8.84,8.46,8.7,8.84,13793942.0,118478825.0,3800160000.0,3800160000.0
sh600288,大恒科技,2010-10-19,8.69,9.15,8.65,9.14,8.7,11858025.0,106159015.0,3992352000.0,3992352000.0
sh600288,大恒科技,2010-10-20,8.95,9.2,8.88,9.0,9.14,10777916.0,97413598.0,3931200000.0,3931200000.0
sh600288,大恒科技,2010-10-21,9.0,9.15,8.98,9.09,9.0,8612175.0,78032930.0,3970512000.0,3970512000.0
sh600288,大恒科技,2010-10-22,9.13,9.29,9.04,9.26,9.09,11907963.0,109072105.0,4044768000.0,4044768000.0
sh600288,大恒科技,2010-10-25,9.38,9.47,9.27,9.41,9.26,16432233.0,154245932.0,4110288000.0,4110288000.0
sh600288,大恒科技,2010-10-26,9.46,9.8,9.26,9.66,9.41,20377435.0,195597635.0,4219488000.0,4219488000.0
sh600288,大恒科技,2010-10-27,9.63,9.68,9.3,9.32,9.66,13633816.0,129386096.0,4070976000.0,4070976000.0
sh600288,大恒科技,2010-10-28,9.4,9.42,9.18,9.27,9.32,10082847.0,93493911.0,4049136000.0,4049136000.0
sh600288,大恒科技,2010-10-29,9.33,9.8,9.31,9.72,9.27,23817642.0,228848123.0,4245696000.0,4245696000.0
sh600288,大恒科技,2010-11-01,9.72,10.06,9.68,9.97,9.72,24386622.0,242046835.0,4354896000.0,4354896000.0
sh600288,大恒科技,2010-11-02,9.95,10.08,9.63,9.64,9.97,22938223.0,225884334.0,4210752000.0,4210752000.0
sh600288,大恒科技,2010-11-03,9.65,9.66,9.43,9.52,9.64,11000958.0,105152002.0,4158336000.0,4158336000.0
sh600288,大恒科技,2010-11-04,9.52,9.77,9.47,9.74,9.52,12867177.0,124166953.0,4254432000.0,4254432000.0
sh600288,大恒科技,2010-11-05,9.8,10.16,9.74,9.98,9.74,22027332.0,219925036.0,4359264000.0,4359264000.0
sh600288,大恒科技,2010-11-08,10.0,10.16,9.9,10.16,9.98,19351339.0,194576996.0,4437888000.0,4437888000.0
sh600288,大恒科技,2010-11-09,10.13,10.25,9.91,10.0,10.16,16137031.0,162232589.0,4368000000.0,4368000000.0
sh600288,大恒科技,2010-11-10,9.99,10.33,9.85,10.19,10.0,18741447.0,190242307.0,4450992000.0,4450992000.0
sh600288,大恒科技,2010-11-11,10.1,10.29,9.89,9.91,10.19,19193853.0,195001620.0,4328688000.0,4328688000.0
sh600288,大恒科技,2010-11-12,9.81,10.05,9.0,9.12,9.91,20005567.0,191785762.0,3983616000.0,3983616000.0
sh600288,大恒科技,2010-11-15,9.03,9.36,9.03,9.33,9.12,8113602.0,75078992.0,4075344000.0,4075344000.0
sh600288,大恒科技,2010-11-16,9.33,9.45,9.0,9.1,9.33,9461338.0,87156094.0,3974880000.0,3974880000.0
sh600288,大恒科技,2010-11-17,9.11,9.2,8.55,8.73,9.1,7791511.0,69988245.0,3813264000.0,3813264000.0
sh600288,大恒科技,2010-11-18,8.84,8.92,8.7,8.83,8.73,4771910.0,42077047.0,3856944000.0,3856944000.0
sh600288,大恒科技,2010-11-19,8.89,9.27,8.85,9.23,8.83,10824535.0,98527892.0,4031664000.0,4031664000.0
sh600288,大恒科技,2010-11-22,9.29,9.92,9.27,9.61,9.23,17954720.0,172884911.0,4197648000.0,4197648000.0
sh600288,大恒科技,2010-11-23,9.48,9.59,9.11,9.42,9.61,9739774.0,91104411.0,4114656000.0,4114656000.0
sh600288,大恒科技,2010-11-24,9.31,9.86,9.31,9.81,9.42,14407671.0,139120632.0,4285008000.0,4285008000.0
sh600288,大恒科技,2010-11-25,9.97,10.08,9.72,9.85,9.81,16270665.0,160632961.0,4302480000.0,4302480000.0
sh600288,大恒科技,2010-11-26,9.81,10.07,9.6,10.0,9.85,16869011.0,165813030.0,4368000000.0,4368000000.0
sh600288,大恒科技,2010-11-29,9.98,10.27,9.85,10.12,10.0,20198290.0,204229784.0,4420416000.0,4420416000.0
sh600288,大恒科技,2010-11-30,10.12,10.18,9.32,9.63,10.12,17256660.0,167119712.0,4206384000.0,4206384000.0
sh600288,大恒科技,2010-12-01,9.52,9.8,9.45,9.7,9.63,8310075.0,80278271.0,4236960000.0,4236960000.0
sh600288,大恒科技,2010-12-02,9.83,10.67,9.73,10.41,9.7,56616810.0,588995512.0,4547088000.0,4547088000.0
sh600288,大恒科技,2010-12-03,10.25,10.36,9.89,9.91,10.41,29658148.0,298453111.0,4328688000.0,4328688000.0
sh600288,大恒科技,2010-12-06,9.89,9.89,9.46,9.51,9.91,15209958.0,146490245.0,4153968000.0,4153968000.0
sh600288,大恒科技,2010-12-07,9.48,9.7,9.23,9.62,9.51,8450140.0,80284195.0,4202016000.0,4202016000.0
sh600288,大恒科技,2010-12-08,9.64,9.85,9.5,9.5,9.62,10132971.0,98032274.0,4149600000.0,4149600000.0
sh600288,大恒科技,2010-12-09,9.4,9.45,9.21,9.22,9.5,9072482.0,84584671.0,4027296000.0,4027296000.0
sh600288,大恒科技,2010-12-10,9.28,9.55,9.2,9.52,9.22,5872627.0,55180636.0,4158336000.0,4158336000.0
sh600288,大恒科技,2010-12-13,9.55,10.08,9.55,10.0,9.52,20806598.0,206573440.0,4368000000.0,4368000000.0
sh600288,大恒科技,2010-12-14,10.01,11.0,9.9,10.91,10.0,66310668.0,710488001.0,4765488000.0,4765488000.0
sh600288,大恒科技,2010-12-15,10.8,10.92,10.4,10.66,10.91,30791645.0,328845220.0,4656288000.0,4656288000.0
sh600288,大恒科技,2010-12-16,10.57,10.87,10.53,10.74,10.66,17157226.0,184285160.0,4691232000.0,4691232000.0
sh600288,大恒科技,2010-12-17,10.8,11.17,10.66,11.06,10.74,21475568.0,234328883.0,4831008000.0,4831008000.0
sh600288,大恒科技,2010-12-20,11.09,11.17,10.3,10.64,11.06,19540535.0,209622982.0,4647552000.0,4647552000.0
sh600288,大恒科技,2010-12-21,10.68,10.83,10.58,10.73,10.64,10412612.0,111631872.0,4686864000.0,4686864000.0
sh600288,大恒科技,2010-12-22,11.0,11.8,11.0,11.8,10.73,64684572.0,751923578.0,5154240000.0,5154240000.0
sh600288,大恒科技,2010-12-23,12.08,12.7,11.8,11.88,11.8,76407988.0,931712834.0,5189184000.0,5189184000.0
sh600288,大恒科技,2010-12-24,11.8,12.43,11.75,12.26,11.88,43787398.0,528430197.0,5355168000.0,5355168000.0
sh600288,大恒科技,2010-12-27,12.19,12.4,11.54,11.63,12.26,33983870.0,410645839.0,5079984000.0,5079984000.0
sh600288,大恒科技,2010-12-28,11.6,11.71,11.03,11.47,11.63,19633203.0,222713253.0,5010096000.0,5010096000.0
sh600288,大恒科技,2010-12-29,11.38,11.72,11.17,11.67,11.47,17093046.0,196483390.0,5097456000.0,5097456000.0
sh600288,大恒科技,2010-12-30,11.62,12.68,11.6,12.48,11.67,32834586.0,400924522.0,5451264000.0,5451264000.0
sh600288,大恒科技,2010-12-31,12.4,12.7,12.18,12.61,12.48,19918693.0,248843598.0,5508048000.0,5508048000.0
sh600288,大恒科技,2011-01-04,12.49,12.97,12.27,12.65,12.61,22246519.0,279250519.0,5525520000.0,5525520000.0
sh600288,大恒科技,2011-01-05,12.51,13.34,12.35,13.01,12.65,28569117.0,369046414.0,5682768000.0,5682768000.0
sh600288,大恒科技,2011-01-06,12.98,13.36,12.8,13.23,13.01,27854487.0,364867102.0,5778864000.0,5778864000.0
sh600288,大恒科技,2011-01-07,13.09,13.38,12.38,12.58,13.23,29404658.0,378509671.0,5494944000.0,5494944000.0
sh600288,大恒科技,2011-01-10,12.5,12.76,12.14,12.2,12.58,15086996.0,187367903.0,5328960000.0,5328960000.0
sh600288,大恒科技,2011-01-11,12.17,12.36,11.9,12.21,12.2,13379910.0,162781976.0,5333328000.0,5333328000.0
sh600288,大恒科技,2011-01-12,12.24,12.52,11.55,12.15,12.21,19086386.0,229080568.0,5307120000.0,5307120000.0
sh600288,大恒科技,2011-01-13,12.11,12.47,11.7,12.38,12.15,21937278.0,263946252.0,5407584000.0,5407584000.0
sh600288,大恒科技,2011-01-14,12.11,12.55,12.07,12.17,12.38,15862986.0,195167355.0,5315856000.0,5315856000.0
sh600288,大恒科技,2011-01-17,12.1,12.63,11.72,11.82,12.17,22305583.0,273097699.0,5162976000.0,5162976000.0
sh600288,大恒科技,2011-01-18,11.75,11.85,11.3,11.59,11.82,11647989.0,134872917.0,5062512000.0,5062512000.0
sh600288,大恒科技,2011-01-19,11.63,12.05,11.36,12.0,11.59,13063434.0,153888726.0,5241600000.0,5241600000.0
sh600288,大恒科技,2011-01-20,11.85,12.27,11.49,11.52,12.0,15288259.0,183041511.0,5031936000.0,5031936000.0
sh600288,大恒科技,2011-01-21,11.52,11.9,11.36,11.56,11.52,9611045.0,111404237.0,5049408000.0,5049408000.0
sh600288,大恒科技,2011-01-24,11.62,11.78,10.71,10.74,11.56,15036995.0,167925372.0,4691232000.0,4691232000.0
sh600288,大恒科技,2011-01-25,10.74,10.78,9.9,10.14,10.74,14630995.0,149953434.0,4429152000.0,4429152000.0
sh600288,大恒科技,2011-01-26,10.03,10.64,10.03,10.56,10.14,10167001.0,105697577.0,4612608000.0,4612608000.0
sh600288,大恒科技,2011-01-27,10.55,11.15,10.35,11.01,10.56,10075448.0,108808409.0,4809168000.0,4809168000.0
sh600288,大恒科技,2011-01-28,10.9,11.15,10.7,10.95,11.01,8181676.0,89525257.0,4782960000.0,4782960000.0
sh600288,大恒科技,2011-01-31,10.8,11.23,10.8,11.17,10.95,7553224.0,83941217.0,4879056000.0,4879056000.0
sh600288,大恒科技,2011-02-01,11.2,11.25,11.05,11.17,11.17,3433074.0,38265877.0,4879056000.0,4879056000.0
sh600288,大恒科技,2011-02-09,11.08,11.54,11.05,11.26,11.17,6805837.0,76899450.0,4918368000.0,4918368000.0
sh600288,大恒科技,2011-02-10,11.26,11.55,11.09,11.54,11.26,8080584.0,91690382.0,5040672000.0,5040672000.0
sh600288,大恒科技,2011-02-11,11.48,11.84,11.45,11.71,11.54,8594380.0,100577698.0,5114928000.0,5114928000.0
sh600288,大恒科技,2011-02-14,11.76,12.15,11.7,11.88,11.71,9442823.0,112434702.0,5189184000.0,5189184000.0
sh600288,大恒科技,2011-02-15,11.86,12.09,11.6,11.75,11.88,16880347.0,199129865.0,5132400000.0,5132400000.0
sh600288,大恒科技,2011-02-16,11.7,11.93,11.6,11.92,11.75,11502722.0,135365455.0,5206656000.0,5206656000.0
sh600288,大恒科技,2011-02-17,11.92,12.1,11.71,11.89,11.92,8896305.0,105438663.0,5193552000.0,5193552000.0
sh600288,大恒科技,2011-02-18,11.88,11.95,11.64,11.78,11.89,8934851.0,105072696.0,5145504000.0,5145504000.0
sh600288,大恒科技,2011-02-21,11.62,12.35,11.62,12.35,11.78,19007004.0,230115527.0,5394480000.0,5394480000.0
sh600288,大恒科技,2011-02-22,12.4,12.44,11.78,11.93,12.35,15185551.0,182817067.0,5211024000.0,5211024000.0
sh600288,大恒科技,2011-02-23,11.85,12.16,11.8,11.99,11.93,9563592.0,114503165.0,5237232000.0,5237232000.0
sh600288,大恒科技,2011-02-24,11.98,12.26,11.81,12.15,11.99,9451662.0,114042591.0,5307120000.0,5307120000.0
sh600288,大恒科技,2011-02-25,12.11,12.58,12.11,12.33,12.15,15529195.0,192031480.0,5385744000.0,5385744000.0
sh600288,大恒科技,2011-02-28,12.43,12.57,12.18,12.51,12.33,12856424.0,159727777.0,5464368000.0,5464368000.0
sh600288,大恒科技,2011-03-01,12.47,12.54,12.11,12.21,12.51,13702417.0,168415322.0,5333328000.0,5333328000.0
sh600288,大恒科技,2011-03-02,12.12,12.16,11.7,11.94,12.21,12807909.0,152522544.0,5215392000.0,5215392000.0
sh600288,大恒科技,2011-03-03,11.94,12.09,11.73,11.74,11.94,8823522.0,105125693.0,5128032000.0,5128032000.0
sh600288,大恒科技,2011-03-04,11.78,11.86,11.64,11.85,11.74,8624012.0,101204502.0,5176080000.0,5176080000.0
sh600288,大恒科技,2011-03-07,11.88,12.08,11.81,12.06,11.85,9321386.0,111123807.0,5267808000.0,5267808000.0
sh600288,大恒科技,2011-03-08,12.07,12.13,11.89,12.02,12.06,7872996.0,94498187.0,5250336000.0,5250336000.0
sh600288,大恒科技,2011-03-09,12.0,12.28,11.8,12.24,12.02,15201903.0,183180944.0,5346432000.0,5346432000.0
sh600288,大恒科技,2011-03-10,12.2,12.68,12.08,12.44,12.24,25872811.0,322182507.0,5433792000.0,5433792000.0
sh600288,大恒科技,2011-03-11,12.41,12.56,12.09,12.11,12.44,14301832.0,175403056.0,5289648000.0,5289648000.0
sh600288,大恒科技,2011-03-14,12.06,12.3,11.83,12.01,12.11,8464861.0,101399807.0,5245968000.0,5245968000.0
sh600288,大恒科技,2011-03-15,11.91,11.96,11.34,11.45,12.01,15408162.0,177940571.0,5001360000.0,5001360000.0
sh600288,大恒科技,2011-03-16,11.44,11.77,11.44,11.54,11.45,8355123.0,97086141.0,5040672000.0,5040672000.0
sh600288,大恒科技,2011-03-17,11.43,11.43,10.97,11.09,11.54,11919770.0,133455457.0,4844112000.0,4844112000.0
sh600288,大恒科技,2011-03-18,11.17,11.39,11.0,11.31,11.09,6279110.0,70492112.0,4940208000.0,4940208000.0
sh600288,大恒科技,2011-03-21,11.28,11.41,11.1,11.19,11.31,4991004.0,56070245.0,4887792000.0,4887792000.0
sh600288,大恒科技,2011-03-22,11.19,11.39,11.18,11.29,11.19,9585675.0,108216026.0,4931472000.0,4931472000.0
sh600288,大恒科技,2011-03-23,11.29,11.41,11.28,11.38,11.29,5063178.0,57440499.0,4970784000.0,4970784000.0
sh600288,大恒科技,2011-03-24,11.42,11.7,11.3,11.66,11.38,11046886.0,127034541.0,5093088000.0,5093088000.0
sh600288,大恒科技,2011-03-25,11.58,12.18,11.54,11.88,11.66,13628992.0,161340610.0,5189184000.0,5189184000.0
sh600288,大恒科技,2011-03-29,11.8,12.15,11.56,11.83,11.88,24690573.0,292972688.0,5167344000.0,5167344000.0
sh600288,大恒科技,2011-03-30,11.77,11.88,11.38,11.68,11.83,10749345.0,124185227.0,5101824000.0,5101824000.0
sh600288,大恒科技,2011-03-31,11.69,11.82,11.35,11.5,11.68,12079207.0,140257648.0,5023200000.0,5023200000.0
sh600288,大恒科技,2011-04-01,11.4,11.58,11.3,11.49,11.5,7995873.0,91215122.0,5018832000.0,5018832000.0
sh600288,大恒科技,2011-04-06,11.3,11.94,11.24,11.9,11.49,10494783.0,121460703.0,5197920000.0,5197920000.0
sh600288,大恒科技,2011-04-07,11.81,12.15,11.75,11.94,11.9,10629105.0,126833147.0,5215392000.0,5215392000.0
sh600288,大恒科技,2011-04-08,11.94,12.4,11.79,12.22,11.94,31536961.0,383466110.0,5337696000.0,5337696000.0
sh600288,大恒科技,2011-04-11,12.15,12.24,11.84,11.88,12.22,14175467.0,170926522.0,5189184000.0,5189184000.0
sh600288,大恒科技,2011-04-12,11.71,12.07,11.66,12.04,11.88,15467625.0,183059333.0,5259072000.0,5259072000.0
sh600288,大恒科技,2011-04-13,12.08,12.16,11.85,12.08,12.04,16237439.0,195091897.0,5276544000.0,5276544000.0
sh600288,大恒科技,2011-04-14,12.03,12.03,11.69,11.7,12.08,10682395.0,126289166.0,5110560000.0,5110560000.0
sh600288,大恒科技,2011-04-15,11.64,11.79,11.41,11.59,11.7,8175745.0,94658890.0,5062512000.0,5062512000.0
sh600288,大恒科技,2011-04-18,11.5,11.56,11.28,11.5,11.59,8667295.0,98725789.0,5023200000.0,5023200000.0
sh600288,大恒科技,2011-04-19,11.41,11.41,11.2,11.25,11.5,7348915.0,82786303.0,4914000000.0,4914000000.0
sh600288,大恒科技,2011-04-20,11.26,11.78,11.26,11.72,11.25,11113750.0,128003679.0,5119296000.0,5119296000.0
sh600288,大恒科技,2011-04-21,11.69,12.18,11.57,12.17,11.72,17449940.0,208406355.0,5315856000.0,5315856000.0
sh600288,大恒科技,2011-04-22,12.1,12.25,11.66,11.75,12.17,23424987.0,280529906.0,5132400000.0,5132400000.0
sh600288,大恒科技,2011-04-25,11.64,11.65,11.3,11.35,11.75,7719107.0,88263246.0,4957680000.0,4957680000.0
sh600288,大恒科技,2011-04-26,11.3,11.42,10.98,11.0,11.35,8433369.0,93667357.0,4804800000.0,4804800000.0
sh600288,大恒科技,2011-04-27,11.1,11.19,10.6,10.69,11.0,7811698.0,84346239.0,4669392000.0,4669392000.0
sh600288,大恒科技,2011-04-28,10.7,10.88,10.2,10.22,10.69,6806738.0,71158621.0,4464096000.0,4464096000.0
sh600288,大恒科技,2011-04-29,10.21,10.45,10.13,10.42,10.22,4207214.0,43450319.0,4551456000.0,4551456000.0
sh600288,大恒科技,2011-05-03,10.43,10.56,10.35,10.52,10.42,3349515.0,35025771.0,4595136000.0,4595136000.0
sh600288,大恒科技,2011-05-04,10.5,10.78,10.19,10.69,10.52,9068979.0,94935676.0,4669392000.0,4669392000.0
sh600288,大恒科技,2011-05-05,10.58,10.88,10.43,10.82,10.69,10929800.0,117581783.0,4726176000.0,4726176000.0
sh600288,大恒科技,2011-05-06,10.69,10.88,10.58,10.65,10.82,7960737.0,85312023.0,4651920000.0,4651920000.0
sh600288,大恒科技,2011-05-09,10.63,10.77,10.5,10.53,10.65,4177548.0,44343594.0,4599504000.0,4599504000.0
sh600288,大恒科技,2011-05-10,10.53,10.87,10.37,10.85,10.53,7155340.0,75571169.0,4739280000.0,4739280000.0
sh600288,大恒科技,2011-05-11,10.75,10.95,10.7,10.73,10.85,10445951.0,113079632.0,4686864000.0,4686864000.0
sh600288,大恒科技,2011-05-12,10.6,10.61,10.3,10.34,10.73,5946553.0,62147095.0,4516512000.0,4516512000.0
sh600288,大恒科技,2011-05-13,10.28,11.27,10.25,11.12,10.34,11700879.0,125646339.0,4857216000.0,4857216000.0
sh600288,大恒科技,2011-05-16,11.08,11.31,10.88,11.16,11.12,10595388.0,117637674.0,4874688000.0,4874688000.0
sh600288,大恒科技,2011-05-17,11.04,11.45,11.01,11.17,11.16,21521840.0,242338575.0,4879056000.0,4879056000.0
sh600288,大恒科技,2011-05-18,11.1,11.1,10.83,10.96,11.17,6693461.0,73263361.0,4787328000.0,4787328000.0
sh600288,大恒科技,2011-05-19,10.91,11.03,10.85,10.87,10.96,3870335.0,42250866.0,4748016000.0,4748016000.0
sh600288,大恒科技,2011-05-20,10.92,10.99,10.56,10.78,10.87,4787991.0,51639791.0,4708704000.0,4708704000.0
sh600288,大恒科技,2011-05-23,10.75,10.78,10.26,10.27,10.78,4529497.0,47386279.0,4485936000.0,4485936000.0
sh600288,大恒科技,2011-05-24,10.25,10.35,9.95,10.17,10.27,4492906.0,45408594.0,4442256000.0,4442256000.0
sh600288,大恒科技,2011-05-25,10.26,10.26,10.0,10.13,10.17,3725693.0,37633043.0,4424784000.0,4424784000.0
sh600288,大恒科技,2011-05-26,10.13,10.82,10.08,10.66,10.13,10588648.0,111106495.0,4656288000.0,4656288000.0
sh600288,大恒科技,2011-05-27,10.5,10.66,10.33,10.54,10.66,10664564.0,112893037.0,4603872000.0,4603872000.0
sh600288,大恒科技,2011-05-30,10.47,10.55,10.23,10.46,10.54,8117952.0,84882973.0,4568928000.0,4568928000.0
sh600288,大恒科技,2011-05-31,10.38,11.0,10.3,10.56,10.46,17402259.0,183146591.0,4612608000.0,4612608000.0
sh600288,大恒科技,2011-06-01,10.45,10.49,10.1,10.24,10.56,9595799.0,98215483.0,4472832000.0,4472832000.0
sh600288,大恒科技,2011-06-02,10.06,10.1,9.62,9.82,10.24,7507622.0,74158853.0,4289376000.0,4289376000.0
sh600288,大恒科技,2011-06-03,9.77,9.95,9.7,9.92,9.82,3051894.0,30166859.0,4333056000.0,4333056000.0
sh600288,大恒科技,2011-06-07,9.88,10.03,9.81,9.96,9.92,2429173.0,24160585.0,4350528000.0,4350528000.0
sh600288,大恒科技,2011-06-08,9.92,10.0,9.66,9.96,9.96,3185406.0,31454414.0,4350528000.0,4350528000.0
sh600288,大恒科技,2011-06-09,9.9,9.98,9.7,9.75,9.96,4099773.0,40209707.0,4258800000.0,4258800000.0
sh600288,大恒科技,2011-06-10,9.8,9.97,9.66,9.95,9.75,5207109.0,51025979.0,4346160000.0,4346160000.0
sh600288,大恒科技,2011-06-13,9.82,10.29,9.76,10.22,9.95,11384480.0,114468068.0,4464096000.0,4464096000.0
sh600288,大恒科技,2011-06-14,10.13,10.33,10.07,10.23,10.22,16146249.0,164948343.0,4468464000.0,4468464000.0
sh600288,大恒科技,2011-06-15,10.07,10.24,10.0,10.01,10.23,4855718.0,48951816.0,4372368000.0,4372368000.0
sh600288,大恒科技,2011-06-16,9.96,9.97,9.66,9.72,10.01,4091427.0,40001248.0,4245696000.0,4245696000.0
sh600288,大恒科技,2011-06-17,9.67,9.79,9.35,9.36,9.72,3129874.0,30006104.0,4088448000.0,4088448000.0
sh600288,大恒科技,2011-06-20,9.36,9.43,9.12,9.14,9.36,3231343.0,29824553.0,3992352000.0,3992352000.0
sh600288,大恒科技,2011-06-21,9.19,9.39,9.09,9.36,9.14,4320490.0,39906862.0,4088448000.0,4088448000.0
sh600288,大恒科技,2011-06-22,9.38,9.95,9.24,9.87,9.36,12036293.0,115893736.0,4311216000.0,4311216000.0
sh600288,大恒科技,2011-06-23,9.72,9.95,9.65,9.82,9.87,12591692.0,123448011.0,4289376000.0,4289376000.0
sh600288,大恒科技,2011-06-24,9.84,10.1,9.71,9.93,9.82,13021595.0,129723785.0,4337424000.0,4337424000.0
sh600288,大恒科技,2011-06-27,9.89,10.04,9.8,9.95,9.93,5339683.0,53152826.0,4346160000.0,4346160000.0
sh600288,大恒科技,2011-06-28,9.97,10.28,9.79,10.13,9.95,16120790.0,162990857.0,4424784000.0,4424784000.0
sh600288,大恒科技,2011-06-30,9.97,10.19,9.84,10.13,10.13,14147059.0,142608162.0,4424784000.0,4424784000.0
sh600288,大恒科技,2011-07-01,10.14,10.3,10.0,10.22,10.13,11125157.0,113247907.0,4464096000.0,4464096000.0
sh600288,大恒科技,2011-07-04,10.21,10.44,10.13,10.36,10.22,10737919.0,110554630.0,4525248000.0,4525248000.0
sh600288,大恒科技,2011-07-05,10.33,10.55,10.23,10.39,10.36,13914526.0,144474353.0,4538352000.0,4538352000.0
sh600288,大恒科技,2011-07-06,10.31,10.33,10.13,10.25,10.39,6718985.0,68606171.0,4477200000.0,4477200000.0
sh600288,大恒科技,2011-07-07,10.2,10.32,10.14,10.17,10.25,6770602.0,69154482.0,4442256000.0,4442256000.0
sh600288,大恒科技,2011-07-08,10.14,10.24,10.11,10.18,10.17,4127059.0,41953517.0,4446624000.0,4446624000.0
sh600288,大恒科技,2011-07-11,10.14,10.27,10.02,10.21,10.18,5525086.0,55994277.0,4459728000.0,4459728000.0
sh600288,大恒科技,2011-07-12,10.13,10.13,9.78,9.82,10.21,6432002.0,64116523.0,4289376000.0,4289376000.0
sh600288,大恒科技,2011-07-13,9.8,10.47,9.79,10.41,9.82,11926679.0,121140572.0,4547088000.0,4547088000.0
sh600288,大恒科技,2011-07-14,10.31,10.6,10.27,10.58,10.41,11682326.0,121892356.0,4621344000.0,4621344000.0
sh600288,大恒科技,2011-07-15,10.5,10.8,10.43,10.5,10.58,22881813.0,243002248.0,4586400000.0,4586400000.0
sh600288,大恒科技,2011-07-18,10.49,10.51,10.3,10.34,10.5,7188123.0,74743999.0,4516512000.0,4516512000.0
sh600288,大恒科技,2011-07-19,10.3,10.49,10.15,10.37,10.34,5408110.0,55600731.0,4529616000.0,4529616000.0
sh600288,大恒科技,2011-07-20,10.38,10.55,10.35,10.45,10.37,9214104.0,96121829.0,4564560000.0,4564560000.0
sh600288,大恒科技,2011-07-21,10.41,10.44,10.1,10.1,10.45,5876479.0,59976297.0,4411680000.0,4411680000.0
sh600288,大恒科技,2011-07-22,10.12,10.23,10.02,10.06,10.1,3602385.0,36487114.0,4394208000.0,4394208000.0
sh600288,大恒科技,2011-07-25,10.0,10.0,9.53,9.6,10.06,5646185.0,55005876.0,4193280000.0,4193280000.0
sh600288,大恒科技,2011-07-26,9.6,9.69,9.49,9.61,9.6,3555060.0,34045785.0,4197648000.0,4197648000.0
sh600288,大恒科技,2011-07-27,9.6,9.72,9.5,9.68,9.61,2986348.0,28787671.0,4228224000.0,4228224000.0
sh600288,大恒科技,2011-07-28,9.56,9.64,9.42,9.54,9.68,3292085.0,31303264.0,4167072000.0,4167072000.0
sh600288,大恒科技,2011-07-29,9.56,9.62,9.47,9.49,9.54,2319929.0,22136578.0,4145232000.0,4145232000.0
sh600288,大恒科技,2011-08-01,9.46,9.63,9.46,9.57,9.49,2475165.0,23689355.0,4180176000.0,4180176000.0
sh600288,大恒科技,2011-08-02,9.55,9.55,9.26,9.36,9.57,3205588.0,29929333.0,4088448000.0,4088448000.0
sh600288,大恒科技,2011-08-03,9.26,9.41,9.22,9.35,9.36,1991087.0,18599691.0,4084080000.0,4084080000.0
sh600288,大恒科技,2011-08-04,9.35,9.55,9.35,9.47,9.35,3070901.0,28950726.0,4136496000.0,4136496000.0
sh600288,大恒科技,2011-08-05,9.21,9.56,9.09,9.3,9.47,4635874.0,43372005.0,4062240000.0,4062240000.0
sh600288,大恒科技,2011-08-09,8.46,8.77,8.37,8.56,9.3,9953721.0,84896201.0,3739008000.0,3739008000.0
sh600288,大恒科技,2011-08-10,8.7,8.78,8.43,8.48,8.56,9051402.0,77931201.0,3704064000.0,3704064000.0
sh600288,大恒科技,2011-08-11,8.24,8.51,8.1,8.5,8.48,7439306.0,62094579.0,3712800000.0,3712800000.0
sh600288,大恒科技,2011-08-12,8.56,8.65,8.49,8.56,8.5,7302353.0,62602922.0,3739008000.0,3739008000.0
sh600288,大恒科技,2011-08-15,8.57,8.75,8.54,8.71,8.56,5540069.0,47848023.0,3804528000.0,3804528000.0
sh600288,大恒科技,2011-08-16,8.68,8.8,8.6,8.61,8.71,5118232.0,44542600.0,3760848000.0,3760848000.0
sh600288,大恒科技,2011-08-17,8.57,8.62,8.4,8.46,8.61,6218732.0,52719921.0,3695328000.0,3695328000.0
sh600288,大恒科技,2011-08-18,8.46,8.51,8.3,8.31,8.46,3442995.0,29005083.0,3629808000.0,3629808000.0
sh600288,大恒科技,2011-08-19,8.12,8.26,8.0,8.21,8.31,3862333.0,31378095.0,3586128000.0,3586128000.0
sh600288,大恒科技,2011-08-22,8.18,8.32,8.16,8.27,8.21,3284770.0,27082660.0,3612336000.0,3612336000.0
sh600288,大恒科技,2011-08-23,8.25,8.53,8.22,8.51,8.27,4601260.0,38554892.0,3717168000.0,3717168000.0
sh600288,大恒科技,2011-08-24,8.55,8.68,8.39,8.59,8.51,7648534.0,65499369.0,3752112000.0,3752112000.0
sh600288,大恒科技,2011-08-25,8.55,9.28,8.52,9.22,8.59,18333736.0,163316123.0,4027296000.0,4027296000.0
sh600288,大恒科技,2011-08-26,9.05,9.98,8.98,9.69,9.22,31179578.0,290266819.0,4232592000.0,4232592000.0
sh600288,大恒科技,2011-08-29,9.5,9.76,9.28,9.29,9.69,27159419.0,257431215.0,4057872000.0,4057872000.0
sh600288,大恒科技,2011-08-30,9.26,9.44,9.18,9.42,9.29,12385365.0,115184527.0,4114656000.0,4114656000.0
sh600288,大恒科技,2011-08-31,9.44,9.66,9.21,9.31,9.42,17940173.0,169050962.0,4066608000.0,4066608000.0
sh600288,大恒科技,2011-09-01,9.25,9.42,9.12,9.14,9.31,11641737.0,107700667.0,3992352000.0,3992352000.0
sh600288,大恒科技,2011-09-02,9.06,9.22,8.88,9.03,9.14,5023535.0,45500737.0,3944304000.0,3944304000.0
sh600288,大恒科技,2011-09-05,8.88,9.14,8.85,8.89,9.03,6410620.0,57914638.0,3883152000.0,3883152000.0
sh600288,大恒科技,2011-09-06,8.73,8.88,8.38,8.57,8.89,4385701.0,37833383.0,3743376000.0,3743376000.0
sh600288,大恒科技,2011-09-07,8.6,8.78,8.59,8.72,8.57,4194768.0,36477875.0,3808896000.0,3808896000.0
sh600288,大恒科技,2011-09-08,8.79,8.86,8.69,8.7,8.72,3680655.0,32349537.0,3800160000.0,3800160000.0
sh600288,大恒科技,2011-09-09,8.75,8.77,8.48,8.49,8.7,3012746.0,25881922.0,3708432000.0,3708432000.0
sh600288,大恒科技,2011-09-13,8.33,8.54,8.28,8.47,8.49,2696193.0,22741975.0,3699696000.0,3699696000.0
sh600288,大恒科技,2011-09-14,8.55,8.56,8.34,8.54,8.47,2156050.0,18241469.0,3730272000.0,3730272000.0
sh600288,大恒科技,2011-09-15,8.55,8.64,8.49,8.5,8.54,2062099.0,17674963.0,3712800000.0,3712800000.0
sh600288,大恒科技,2011-09-16,8.53,8.61,8.5,8.53,8.5,2365084.0,20213994.0,3725904000.0,3725904000.0
sh600288,大恒科技,2011-09-19,8.48,8.55,8.36,8.38,8.53,3039366.0,25681401.0,3660384000.0,3660384000.0
sh600288,大恒科技,2011-09-20,8.35,8.5,8.28,8.43,8.38,2394690.0,20087360.0,3682224000.0,3682224000.0
sh600288,大恒科技,2011-09-21,8.42,8.9,8.36,8.84,8.43,7237664.0,62968646.0,3861312000.0,3861312000.0
sh600288,大恒科技,2011-09-22,8.71,8.8,8.58,8.59,8.84,3564672.0,31011844.0,3752112000.0,3752112000.0
sh600288,大恒科技,2011-09-23,8.44,8.86,8.35,8.83,8.59,8015380.0,69823143.0,3856944000.0,3856944000.0
sh600288,大恒科技,2011-09-26,8.77,9.02,8.71,8.92,8.83,8383147.0,74453270.0,3896256000.0,3896256000.0
sh600288,大恒科技,2011-09-27,8.9,9.05,8.76,8.8,8.92,13070454.0,116187582.0,3843840000.0,3843840000.0
sh600288,大恒科技,2011-09-28,8.75,8.83,8.3,8.33,8.8,5931529.0,50598974.0,3638544000.0,3638544000.0
sh600288,大恒科技,2011-09-29,8.31,8.31,8.04,8.07,8.33,3259507.0,26582327.0,3524976000.0,3524976000.0
sh600288,大恒科技,2011-09-30,8.08,8.27,8.04,8.11,8.07,3360430.0,27256292.0,3542448000.0,3542448000.0
sh600288,大恒科技,2011-10-10,8.11,8.25,8.01,8.15,8.11,3861966.0,31464300.0,3559920000.0,3559920000.0
sh600288,大恒科技,2011-10-11,8.34,8.4,7.99,8.14,8.15,4395366.0,35887284.0,3555552000.0,3555552000.0
sh600288,大恒科技,2011-10-12,8.05,8.38,7.95,8.32,8.14,4819598.0,39652476.0,3634176000.0,3634176000.0
sh600288,大恒科技,2011-10-13,8.35,8.5,8.3,8.39,8.32,5338146.0,44897495.0,3664752000.0,3664752000.0
sh600288,大恒科技,2011-10-14,8.39,8.39,8.16,8.31,8.39,3588130.0,29664763.0,3629808000.0,3629808000.0
sh600288,大恒科技,2011-10-17,8.3,8.48,8.25,8.45,8.31,5130194.0,43048261.0,3690960000.0,3690960000.0
sh600288,大恒科技,2011-10-18,8.36,8.75,8.31,8.68,8.45,13222556.0,112990364.0,3791424000.0,3791424000.0
sh600288,大恒科技,2011-10-19,8.7,8.7,8.52,8.62,8.68,8857091.0,76344196.0,3765216000.0,3765216000.0
sh600288,大恒科技,2011-10-20,8.5,8.58,8.07,8.1,8.62,10991505.0,90951824.0,3538080000.0,3538080000.0
sh600288,大恒科技,2011-10-21,8.12,8.88,8.02,8.38,8.1,6124786.0,50854235.0,3660384000.0,3660384000.0
sh600288,大恒科技,2011-10-24,8.28,8.49,8.08,8.38,8.38,12367676.0,102395843.0,3660384000.0,3660384000.0
sh600288,大恒科技,2011-10-25,8.3,8.58,8.16,8.51,8.38,12404665.0,103326484.0,3717168000.0,3717168000.0
sh600288,大恒科技,2011-10-26,8.44,8.76,8.32,8.59,8.51,13016855.0,111058819.0,3752112000.0,3752112000.0
sh600288,大恒科技,2011-10-27,8.52,8.68,8.5,8.55,8.59,7028729.0,60332050.0,3734640000.0,3734640000.0
sh600288,大恒科技,2011-10-28,8.61,8.67,8.31,8.51,8.55,13295512.0,112399388.0,3717168000.0,3717168000.0
sh600288,大恒科技,2011-10-31,8.47,8.6,8.41,8.59,8.51,6894959.0,58703004.0,3752112000.0,3752112000.0
sh600288,大恒科技,2011-11-01,8.53,8.63,8.43,8.53,8.59,5964957.0,50978673.0,3725904000.0,3725904000.0
sh600288,大恒科技,2011-11-02,8.35,8.74,8.19,8.7,8.53,11351263.0,96456537.0,3800160000.0,3800160000.0
sh600288,大恒科技,2011-11-03,8.73,9.11,8.73,8.8,8.7,17616114.0,157536250.0,3843840000.0,3843840000.0
sh600288,大恒科技,2011-11-04,8.85,9.13,8.69,8.96,8.8,12461642.0,111401109.0,3913728000.0,3913728000.0
sh600288,大恒科技,2011-11-07,8.94,9.06,8.82,8.94,8.96,6992207.0,62568339.0,3904992000.0,3904992000.0
sh600288,大恒科技,2011-11-08,8.91,8.94,8.65,8.72,8.94,6925061.0,60868163.0,3808896000.0,3808896000.0
sh600288,大恒科技,2011-11-09,8.72,9.1,8.61,9.08,8.72,10487546.0,93442029.0,3966144000.0,3966144000.0
sh600288,大恒科技,2011-11-10,8.95,9.09,8.8,8.81,9.08,8647989.0,77478609.0,3848208000.0,3848208000.0
sh600288,大恒科技,2011-11-11,8.84,9.22,8.82,9.03,8.81,11792962.0,106943702.0,3944304000.0,3944304000.0
sh600288,大恒科技,2011-11-14,9.13,9.24,9.02,9.11,9.03,9175055.0,83604359.0,3979248000.0,3979248000.0
sh600288,大恒科技,2011-11-15,9.12,9.17,8.96,9.07,9.11,7834606.0,70850802.0,3961776000.0,3961776000.0
sh600288,大恒科技,2011-11-16,9.08,9.4,9.02,9.17,9.07,21114245.0,195155357.0,4005456000.0,4005456000.0
sh600288,大恒科技,2011-11-17,9.16,9.24,9.01,9.1,9.17,8417024.0,76861765.0,3974880000.0,3974880000.0
sh600288,大恒科技,2011-11-18,9.0,9.02,8.4,8.47,9.1,12235101.0,106951822.0,3699696000.0,3699696000.0
sh600288,大恒科技,2011-11-21,8.5,8.54,8.3,8.41,8.47,4605846.0,38543819.0,3673488000.0,3673488000.0
sh600288,大恒科技,2011-11-22,8.4,8.48,8.26,8.41,8.41,2892433.0,24237544.0,3673488000.0,3673488000.0
sh600288,大恒科技,2011-11-23,8.42,8.48,8.17,8.18,8.41,4418686.0,36647448.0,3573024000.0,3573024000.0
sh600288,大恒科技,2011-11-24,8.16,8.24,8.02,8.18,8.18,3893896.0,31621337.0,3573024000.0,3573024000.0
sh600288,大恒科技,2011-11-25,8.17,8.24,8.0,8.03,8.18,3534468.0,28658765.0,3507504000.0,3507504000.0
sh600288,大恒科技,2011-11-28,8.0,8.15,8.0,8.08,8.03,2513979.0,20319070.0,3529344000.0,3529344000.0
sh600288,大恒科技,2011-11-29,8.16,8.29,8.05,8.26,8.08,3578396.0,29249207.0,3607968000.0,3607968000.0
sh600288,大恒科技,2011-11-30,8.26,8.26,7.64,7.67,8.26,5267682.0,41711644.0,3350256000.0,3350256000.0
sh600288,大恒科技,2011-12-01,7.93,8.0,7.78,7.79,7.67,5211534.0,41088754.0,3402672000.0,3402672000.0
sh600288,大恒科技,2011-12-02,7.72,7.81,7.43,7.44,7.79,3668802.0,27810572.0,3249792000.0,3249792000.0
sh600288,大恒科技,2011-12-05,7.45,7.54,7.23,7.23,7.44,3172380.0,23226913.0,3158064000.0,3158064000.0
sh600288,大恒科技,2011-12-06,7.24,7.31,7.16,7.26,7.23,1937418.0,14011414.0,3171168000.0,3171168000.0
sh600288,大恒科技,2011-12-07,7.29,7.35,7.21,7.24,7.26,1497178.0,10889896.0,3162432000.0,3162432000.0
sh600288,大恒科技,2011-12-08,7.25,7.36,7.09,7.31,7.24,3024872.0,21895303.0,3193008000.0,3193008000.0
sh600288,大恒科技,2011-12-09,7.2,7.3,7.14,7.18,7.31,1649537.0,11879166.0,3136224000.0,3136224000.0
sh600288,大恒科技,2011-12-12,7.18,7.19,6.98,7.0,7.18,2042255.0,14490494.0,3057600000.0,3057600000.0
sh600288,大恒科技,2011-12-13,6.98,6.98,6.51,6.56,7.0,3242376.0,21684820.0,2865408000.0,2865408000.0
sh600288,大恒科技,2011-12-15,6.41,6.41,6.1,6.11,6.56,4433458.0,27612472.0,2668848000.0,2668848000.0
sh600288,大恒科技,2011-12-16,6.1,6.35,6.1,6.3,6.11,2601963.0,16151901.0,2751840000.0,2751840000.0
sh600288,大恒科技,2011-12-19,6.22,6.31,6.0,6.29,6.3,2226406.0,13771165.0,2747472000.0,2747472000.0
sh600288,大恒科技,2011-12-20,6.23,6.34,6.18,6.2,6.29,2566812.0,16071222.0,2708160000.0,2708160000.0
sh600288,大恒科技,2011-12-21,6.25,6.34,6.0,6.05,6.2,3207872.0,19953857.0,2642640000.0,2642640000.0
sh600288,大恒科技,2011-12-22,5.99,6.01,5.66,5.79,6.05,3011767.0,17524147.0,2529072000.0,2529072000.0
sh600288,大恒科技,2011-12-23,5.84,5.93,5.76,5.83,5.79,3253466.0,19041468.0,2546544000.0,2546544000.0
sh600288,大恒科技,2011-12-26,5.86,6.07,5.82,5.91,5.83,2816122.0,16816984.0,2581488000.0,2581488000.0
sh600288,大恒科技,2011-12-27,5.85,5.95,5.72,5.73,5.91,1878593.0,10948127.0,2502864000.0,2502864000.0
sh600288,大恒科技,2011-12-28,5.71,5.74,5.49,5.66,5.73,2157160.0,12108793.0,2472288000.0,2472288000.0
sh600288,大恒科技,2011-12-29,5.67,5.82,5.62,5.77,5.66,2916431.0,16746267.0,2520336000.0,2520336000.0
sh600288,大恒科技,2011-12-30,5.78,5.92,5.77,5.9,5.77,3442227.0,20130974.0,2577120000.0,2577120000.0
sh600288,大恒科技,2012-01-04,5.95,6.01,5.58,5.61,5.9,3692998.0,21397829.0,2450448000.0,2450448000.0
sh600288,大恒科技,2012-01-05,5.57,5.67,5.05,5.18,5.61,6196090.0,32876263.0,2262624000.0,2262624000.0
sh600288,大恒科技,2012-01-06,5.15,5.25,5.02,5.22,5.18,2762993.0,14152109.0,2280096000.0,2280096000.0
sh600288,大恒科技,2012-01-09,5.2,5.49,5.12,5.47,5.22,3022338.0,16211726.0,2389296000.0,2389296000.0
sh600288,大恒科技,2012-01-10,5.47,5.79,5.47,5.78,5.47,5802523.0,32843653.0,2524704000.0,2524704000.0
sh600288,大恒科技,2012-01-11,5.74,6.12,5.7,6.0,5.78,11825548.0,70806926.0,2620800000.0,2620800000.0
sh600288,大恒科技,2012-01-12,5.96,6.07,5.91,5.95,6.0,4759466.0,28423891.0,2598960000.0,2598960000.0
sh600288,大恒科技,2012-01-13,5.93,5.95,5.65,5.67,5.95,6055377.0,34705807.0,2476656000.0,2476656000.0
sh600288,大恒科技,2012-01-16,5.6,5.64,5.46,5.57,5.67,3354438.0,18615012.0,2432976000.0,2432976000.0
sh600288,大恒科技,2012-01-17,5.53,5.88,5.53,5.84,5.57,3786957.0,21707892.0,2550912000.0,2550912000.0
sh600288,大恒科技,2012-01-18,5.85,5.96,5.68,5.71,5.84,3387457.0,19701220.0,2494128000.0,2494128000.0
sh600288,大恒科技,2012-01-19,5.71,6.0,5.67,5.97,5.71,4030994.0,23636710.0,2607696000.0,2607696000.0
sh600288,大恒科技,2012-01-20,5.97,6.04,5.92,5.95,5.97,2962880.0,17726013.0,2598960000.0,2598960000.0
sh600288,大恒科技,2012-01-30,5.95,5.97,5.85,5.87,5.95,1945439.0,11495549.0,2564016000.0,2564016000.0
sh600288,大恒科技,2012-01-31,5.9,5.92,5.75,5.88,5.87,1826695.0,10633249.0,2568384000.0,2568384000.0
sh600288,大恒科技,2012-02-01,5.88,5.93,5.72,5.77,5.88,2080754.0,12097928.0,2520336000.0,2520336000.0
sh600288,大恒科技,2012-02-02,5.79,5.87,5.76,5.87,5.77,2168882.0,12610906.0,2564016000.0,2564016000.0
sh600288,大恒科技,2012-02-03,5.87,6.06,5.85,6.01,5.87,5638223.0,33684187.0,2625168000.0,2625168000.0
sh600288,大恒科技,2012-02-06,6.02,6.08,5.97,6.04,6.01,3702571.0,22337968.0,2638272000.0,2638272000.0
sh600288,大恒科技,2012-02-07,6.04,6.04,5.82,5.88,6.04,2609367.0,15389572.0,2568384000.0,2568384000.0
sh600288,大恒科技,2012-02-08,5.87,6.08,5.87,6.07,5.88,3368860.0,20177534.0,2651376000.0,2651376000.0
sh600288,大恒科技,2012-02-09,6.07,6.48,6.03,6.35,6.07,10272946.0,64500576.0,2773680000.0,2773680000.0
sh600288,大恒科技,2012-02-10,6.3,6.46,6.23,6.33,6.35,4695806.0,29727720.0,2764944000.0,2764944000.0
sh600288,大恒科技,2012-02-13,6.3,6.5,6.23,6.41,6.33,7098065.0,45301415.0,2799888000.0,2799888000.0
sh600288,大恒科技,2012-02-14,6.4,6.56,6.31,6.43,6.41,5683795.0,36628873.0,2808624000.0,2808624000.0
sh600288,大恒科技,2012-02-15,6.37,6.84,6.34,6.68,6.43,8958609.0,59218102.0,2917824000.0,2917824000.0
sh600288,大恒科技,2012-02-16,6.61,6.85,6.52,6.59,6.68,7208294.0,48019390.0,2878512000.0,2878512000.0
sh600288,大恒科技,2012-02-17,6.59,6.66,6.4,6.49,6.59,4195000.0,27280708.0,2834832000.0,2834832000.0
sh600288,大恒科技,2012-02-20,6.65,6.68,6.49,6.5,6.49,4705550.0,31005427.0,2839200000.0,2839200000.0
sh600288,大恒科技,2012-02-21,6.44,6.73,6.43,6.7,6.5,6320774.0,41845600.0,2926560000.0,2926560000.0
sh600288,大恒科技,2012-02-22,6.67,7.03,6.63,6.92,6.7,11852619.0,81626813.0,3022656000.0,3022656000.0
sh600288,大恒科技,2012-02-23,6.97,6.97,6.76,6.87,6.92,5630399.0,38676882.0,3000816000.0,3000816000.0
sh600288,大恒科技,2012-02-24,6.86,7.02,6.86,6.94,6.87,5994260.0,41531837.0,3031392000.0,3031392000.0
sh600288,大恒科技,2012-02-27,7.03,7.13,6.92,6.94,6.94,9151213.0,64304682.0,3031392000.0,3031392000.0
sh600288,大恒科技,2012-02-28,6.9,6.93,6.74,6.84,6.94,6158143.0,42120154.0,2987712000.0,2987712000.0
sh600288,大恒科技,2012-02-29,6.78,6.89,6.71,6.73,6.84,3584026.0,24355455.0,2939664000.0,2939664000.0
sh600288,大恒科技,2012-03-01,6.69,7.05,6.68,6.9,6.73,6080711.0,42046190.0,3013920000.0,3013920000.0
sh600288,大恒科技,2012-03-02,6.88,7.0,6.87,6.96,6.9,4992631.0,34617952.0,3040128000.0,3040128000.0
sh600288,大恒科技,2012-03-05,6.99,7.07,6.91,6.95,6.96,4358090.0,30427053.0,3035760000.0,3035760000.0
sh600288,大恒科技,2012-03-06,6.94,6.98,6.69,6.9,6.95,7411254.0,50455738.0,3013920000.0,3013920000.0
sh600288,大恒科技,2012-03-07,6.76,7.05,6.72,7.01,6.9,8367081.0,58045258.0,3061968000.0,3061968000.0
sh600288,大恒科技,2012-03-08,7.04,7.35,7.0,7.23,7.01,13630237.0,98236238.0,3158064000.0,3158064000.0
sh600288,大恒科技,2012-03-09,7.25,7.54,7.16,7.38,7.23,14584459.0,106921104.0,3223584000.0,3223584000.0
sh600288,大恒科技,2012-03-12,7.3,7.62,7.23,7.29,7.38,8448926.0,62067470.0,3184272000.0,3184272000.0
sh600288,大恒科技,2012-03-13,7.29,7.34,7.16,7.32,7.29,6296676.0,45564581.0,3197376000.0,3197376000.0
sh600288,大恒科技,2012-03-14,7.34,7.37,6.81,6.92,7.32,9278912.0,66509264.0,3022656000.0,3022656000.0
sh600288,大恒科技,2012-03-15,6.88,6.93,6.56,6.67,6.92,4388436.0,29532703.0,2913456000.0,2913456000.0
sh600288,大恒科技,2012-03-16,6.68,6.84,6.64,6.81,6.67,4608424.0,31083175.0,2974608000.0,2974608000.0
sh600288,大恒科技,2012-03-19,6.8,6.89,6.64,6.87,6.81,6654770.0,45000772.0,3000816000.0,3000816000.0
sh600288,大恒科技,2012-03-20,6.83,6.83,6.62,6.63,6.87,4260424.0,28549409.0,2895984000.0,2895984000.0
sh600288,大恒科技,2012-03-21,6.65,6.73,6.54,6.71,6.63,3866452.0,25686616.0,2930928000.0,2930928000.0
sh600288,大恒科技,2012-03-22,6.69,6.75,6.61,6.72,6.71,2970996.0,19875866.0,2935296000.0,2935296000.0
sh600288,大恒科技,2012-03-23,6.68,6.68,6.42,6.5,6.72,3129526.0,20551286.0,2839200000.0,2839200000.0
sh600288,大恒科技,2012-03-26,6.5,6.56,6.43,6.52,6.5,2246954.0,14581632.0,2847936000.0,2847936000.0
sh600288,大恒科技,2012-03-27,6.56,6.58,6.49,6.51,6.52,2033495.0,13304086.0,2843568000.0,2843568000.0
sh600288,大恒科技,2012-03-28,6.48,6.48,6.01,6.05,6.51,3755507.0,23450670.0,2642640000.0,2642640000.0
sh600288,大恒科技,2012-03-29,6.0,6.1,5.84,6.01,6.05,3954313.0,23592448.0,2625168000.0,2625168000.0
sh600288,大恒科技,2012-03-30,5.96,6.16,5.96,6.06,6.01,5206845.0,31594166.0,2647008000.0,2647008000.0
sh600288,大恒科技,2012-04-05,6.07,6.25,6.03,6.23,6.06,3734645.0,22971333.0,2721264000.0,2721264000.0
sh600288,大恒科技,2012-04-06,6.24,6.49,6.18,6.48,6.23,6666089.0,42279271.0,2830464000.0,2830464000.0
sh600288,大恒科技,2012-04-09,6.41,6.66,6.41,6.51,6.48,9397171.0,61525859.0,2843568000.0,2843568000.0
sh600288,大恒科技,2012-04-10,6.47,6.48,6.1,6.47,6.51,6739249.0,42530006.0,2826096000.0,2826096000.0
sh600288,大恒科技,2012-04-11,6.29,6.47,6.25,6.37,6.47,3700905.0,23599617.0,2782416000.0,2782416000.0
sh600288,大恒科技,2012-04-12,6.33,6.64,6.33,6.58,6.37,6079630.0,39621966.0,2874144000.0,2874144000.0
sh600288,大恒科技,2012-04-13,6.59,6.73,6.53,6.68,6.58,4814529.0,32016755.0,2917824000.0,2917824000.0
sh600288,大恒科技,2012-04-16,6.66,6.96,6.6,6.87,6.68,8973394.0,61363257.0,3000816000.0,3000816000.0
sh600288,大恒科技,2012-04-17,6.8,6.89,6.73,6.74,6.87,5619186.0,38253676.0,2944032000.0,2944032000.0
sh600288,大恒科技,2012-04-18,6.81,6.92,6.7,6.87,6.74,6750647.0,46061638.0,3000816000.0,3000816000.0
sh600288,大恒科技,2012-04-19,6.86,6.96,6.81,6.85,6.87,6325186.0,43560766.0,2992080000.0,2992080000.0
sh600288,大恒科技,2012-04-20,6.86,7.27,6.86,7.13,6.85,15603174.0,110581401.0,3114384000.0,3114384000.0
sh600288,大恒科技,2012-04-23,7.19,7.68,7.08,7.21,7.13,24948409.0,184723884.0,3149328000.0,3149328000.0
sh600288,大恒科技,2012-04-24,7.17,7.49,6.65,7.15,7.21,16013737.0,113565554.0,3123120000.0,3123120000.0
sh600288,大恒科技,2012-04-25,7.2,7.69,7.15,7.48,7.15,23135067.0,172404709.0,3267264000.0,3267264000.0
sh600288,大恒科技,2012-04-26,7.44,7.45,7.21,7.35,7.48,11519629.0,84540026.0,3210480000.0,3210480000.0
sh600288,大恒科技,2012-04-27,7.35,7.38,7.05,7.13,7.35,8974193.0,64152277.0,3114384000.0,3114384000.0
sh600288,大恒科技,2012-05-02,7.33,7.37,7.11,7.14,7.13,8574981.0,61776867.0,3118752000.0,3118752000.0
sh600288,大恒科技,2012-05-03,7.07,7.14,6.85,7.0,7.14,12095088.0,84588085.0,3057600000.0,3057600000.0
sh600288,大恒科技,2012-05-04,7.02,7.09,6.92,7.01,7.0,7183676.0,50321350.0,3061968000.0,3061968000.0
sh600288,大恒科技,2012-05-07,6.95,7.09,6.94,7.08,7.01,7047537.0,49527629.0,3092544000.0,3092544000.0
sh600288,大恒科技,2012-05-08,7.08,7.14,6.99,7.09,7.08,6654221.0,47105033.0,3096912000.0,3096912000.0
sh600288,大恒科技,2012-05-09,7.0,7.05,6.84,6.85,7.09,5301803.0,36773481.0,2992080000.0,2992080000.0
sh600288,大恒科技,2012-05-10,6.78,6.92,6.78,6.84,6.85,3979760.0,27324594.0,2987712000.0,2987712000.0
sh600288,大恒科技,2012-05-11,6.85,7.02,6.85,6.87,6.84,4383672.0,30397062.0,3000816000.0,3000816000.0
sh600288,大恒科技,2012-05-14,6.95,7.09,6.83,6.99,6.87,6775599.0,47411759.0,3053232000.0,3053232000.0
sh600288,大恒科技,2012-05-15,6.94,7.1,6.86,7.07,6.99,6908904.0,48439012.0,3088176000.0,3088176000.0
sh600288,大恒科技,2012-05-16,7.04,7.06,6.85,6.86,7.07,5176622.0,36120917.0,2996448000.0,2996448000.0
sh600288,大恒科技,2012-05-17,6.85,7.05,6.85,7.04,6.86,5099672.0,35520805.0,3075072000.0,3075072000.0
sh600288,大恒科技,2012-05-18,6.99,7.08,6.86,6.89,7.04,4664130.0,32449578.0,3009552000.0,3009552000.0
sh600288,大恒科技,2012-05-21,6.86,6.95,6.69,6.73,6.89,4602941.0,31184198.0,2939664000.0,2939664000.0
sh600288,大恒科技,2012-05-22,6.76,6.88,6.74,6.81,6.73,4190972.0,28459197.0,2974608000.0,2974608000.0
sh600288,大恒科技,2012-05-23,6.8,6.8,6.58,6.61,6.81,6200411.0,41330490.0,2887248000.0,2887248000.0
sh600288,大恒科技,2012-05-24,6.59,6.67,6.46,6.52,6.61,4570581.0,30049313.0,2847936000.0,2847936000.0
sh600288,大恒科技,2012-05-25,6.38,6.53,6.35,6.41,6.52,3211592.0,20633336.0,2799888000.0,2799888000.0
sh600288,大恒科技,2012-05-28,6.4,6.55,6.28,6.54,6.41,3287297.0,21154359.0,2856672000.0,2856672000.0
sh600288,大恒科技,2012-05-29,6.54,6.71,6.51,6.69,6.54,4920105.0,32683801.0,2922192000.0,2922192000.0
sh600288,大恒科技,2012-05-30,6.65,6.75,6.63,6.74,6.69,4701753.0,31451120.0,2944032000.0,2944032000.0
sh600288,大恒科技,2012-05-31,6.7,6.89,6.65,6.79,6.74,6450840.0,43808202.0,2965872000.0,2965872000.0
sh600288,大恒科技,2012-06-01,6.75,6.85,6.67,6.7,6.79,4705351.0,31809521.0,2926560000.0,2926560000.0
sh600288,大恒科技,2012-06-04,6.61,6.69,6.36,6.37,6.7,3000985.0,19618171.0,2782416000.0,2782416000.0
sh600288,大恒科技,2012-06-05,6.46,6.66,6.34,6.55,6.37,6131380.0,39923131.0,2861040000.0,2861040000.0
sh600288,大恒科技,2012-06-06,6.5,6.7,6.46,6.65,6.55,8272400.0,54375617.0,2904720000.0,2904720000.0
sh600288,大恒科技,2012-06-07,6.72,6.91,6.68,6.81,6.65,12744786.0,86716278.0,2974608000.0,2974608000.0
sh600288,大恒科技,2012-06-08,6.82,6.83,6.67,6.79,6.81,8527604.0,57570864.0,2965872000.0,2965872000.0
sh600288,大恒科技,2012-06-11,6.83,6.92,6.76,6.89,6.79,9352721.0,64180538.0,3009552000.0,3009552000.0
sh600288,大恒科技,2012-06-12,6.9,7.01,6.81,6.83,6.89,13809109.0,95337293.0,2983344000.0,2983344000.0
sh600288,大恒科技,2012-06-13,6.84,6.91,6.74,6.83,6.83,9336481.0,63683284.0,2983344000.0,2983344000.0
sh600288,大恒科技,2012-06-14,6.82,6.85,6.7,6.7,6.83,3981221.0,27007320.0,2926560000.0,2926560000.0
sh600288,大恒科技,2012-06-15,6.74,6.82,6.49,6.6,6.7,4807603.0,32005666.0,2882880000.0,2882880000.0
sh600288,大恒科技,2012-06-18,6.62,6.73,6.62,6.69,6.6,2180274.0,14568143.0,2922192000.0,2922192000.0
sh600288,大恒科技,2012-06-19,6.65,6.73,6.48,6.5,6.69,4242500.0,27809975.0,2839200000.0,2839200000.0
sh600288,大恒科技,2012-06-20,6.55,6.57,6.47,6.48,6.5,2902539.0,18876832.0,2830464000.0,2830464000.0
sh600288,大恒科技,2012-06-21,6.51,6.54,6.37,6.4,6.48,2412117.0,15542677.0,2795520000.0,2795520000.0
sh600288,大恒科技,2012-06-25,6.32,6.42,6.21,6.22,6.4,2550681.0,16134495.0,2716896000.0,2716896000.0
sh600288,大恒科技,2012-06-26,6.22,6.3,6.15,6.26,6.22,1652847.0,10303853.0,2734368000.0,2734368000.0
sh600288,大恒科技,2012-06-27,6.25,6.31,6.15,6.26,6.26,2774643.0,17306288.0,2734368000.0,2734368000.0
sh600288,大恒科技,2012-06-28,6.22,6.37,6.06,6.28,6.26,2126091.0,13221336.0,2743104000.0,2743104000.0
sh600288,大恒科技,2012-07-02,6.32,6.34,6.26,6.3,6.28,2237842.0,14092285.0,2751840000.0,2751840000.0
sh600288,大恒科技,2012-07-03,6.28,6.35,6.18,6.27,6.3,2552632.0,16020401.0,2738736000.0,2738736000.0
sh600288,大恒科技,2012-07-04,6.28,6.28,6.1,6.15,6.27,2080802.0,12872144.0,2686320000.0,2686320000.0
sh600288,大恒科技,2012-07-05,6.15,6.15,5.84,5.87,6.15,2951186.0,17509841.0,2564016000.0,2564016000.0
sh600288,大恒科技,2012-07-06,5.92,5.95,5.71,5.91,5.87,3054124.0,17864582.0,2581488000.0,2581488000.0
sh600288,大恒科技,2012-07-09,5.85,5.88,5.67,5.7,5.91,1718149.0,9945313.0,2489760000.0,2489760000.0
sh600288,大恒科技,2012-07-10,5.69,5.75,5.6,5.75,5.7,1988381.0,11327466.0,2511600000.0,2511600000.0
sh600288,大恒科技,2012-07-11,5.73,5.81,5.7,5.77,5.75,1535732.0,8842056.0,2520336000.0,2520336000.0
sh600288,大恒科技,2012-07-12,5.79,5.87,5.67,5.84,5.77,2522045.0,14581249.0,2550912000.0,2550912000.0
sh600288,大恒科技,2012-07-13,5.79,5.88,5.74,5.84,5.84,2028575.0,11805876.0,2550912000.0,2550912000.0
sh600288,大恒科技,2012-07-16,5.86,5.86,5.55,5.55,5.84,1802901.0,10210855.0,2424240000.0,2424240000.0
sh600288,大恒科技,2012-07-17,5.56,5.61,5.47,5.6,5.55,1428515.0,7925515.0,2446080000.0,2446080000.0
sh600288,大恒科技,2012-07-18,5.57,5.72,5.48,5.7,5.6,2184323.0,12236279.0,2489760000.0,2489760000.0
sh600288,大恒科技,2012-07-19,5.7,5.95,5.65,5.68,5.7,3480590.0,20172370.0,2481024000.0,2481024000.0
sh600288,大恒科技,2012-07-20,5.68,5.8,5.64,5.68,5.68,3186748.0,18251500.0,2481024000.0,2481024000.0
sh600288,大恒科技,2012-07-23,5.6,5.67,5.5,5.64,5.68,1389456.0,7784227.0,2463552000.0,2463552000.0
sh600288,大恒科技,2012-07-24,5.58,5.8,5.54,5.58,5.64,3797957.0,21603828.0,2437344000.0,2437344000.0
sh600288,大恒科技,2012-07-25,5.6,5.76,5.56,5.66,5.58,3550204.0,20118306.0,2472288000.0,2472288000.0
sh600288,大恒科技,2012-07-26,5.62,5.72,5.54,5.55,5.66,1779574.0,10027631.0,2424240000.0,2424240000.0
sh600288,大恒科技,2012-07-27,5.58,5.73,5.53,5.69,5.55,2822152.0,15908199.0,2485392000.0,2485392000.0
sh600288,大恒科技,2012-07-30,5.69,5.76,5.5,5.54,5.69,3300242.0,18584466.0,2419872000.0,2419872000.0
sh600288,大恒科技,2012-07-31,5.54,5.54,5.21,5.36,5.54,3818283.0,20437484.0,2341248000.0,2341248000.0
sh600288,大恒科技,2012-08-01,5.36,5.6,5.29,5.5,5.36,4898760.0,26824034.0,2402400000.0,2402400000.0
sh600288,大恒科技,2012-08-02,5.5,5.5,5.32,5.36,5.5,2266980.0,12243167.0,2341248000.0,2341248000.0
sh600288,大恒科技,2012-08-03,5.36,5.48,5.3,5.47,5.36,2766948.0,14928329.0,2389296000.0,2389296000.0
sh600288,大恒科技,2012-08-06,5.42,5.65,5.42,5.59,5.47,5799614.0,32359980.0,2441712000.0,2441712000.0
sh600288,大恒科技,2012-08-07,5.58,5.68,5.57,5.6,5.59,5825645.0,32706538.0,2446080000.0,2446080000.0
sh600288,大恒科技,2012-08-08,5.58,5.7,5.56,5.67,5.6,4097340.0,23127294.0,2476656000.0,2476656000.0
sh600288,大恒科技,2012-08-09,5.69,5.76,5.61,5.72,5.67,4099315.0,23328399.0,2498496000.0,2498496000.0
sh600288,大恒科技,2012-08-10,5.68,5.76,5.62,5.73,5.72,3613658.0,20564285.0,2502864000.0,2502864000.0
sh600288,大恒科技,2012-08-13,5.7,5.71,5.51,5.54,5.73,2260218.0,12733300.0,2419872000.0,2419872000.0
sh600288,大恒科技,2012-08-14,5.55,5.74,5.47,5.73,5.54,3821442.0,21433510.0,2502864000.0,2502864000.0
sh600288,XD大恒科,2012-08-15,5.62,5.65,5.48,5.5,5.65,2033707.0,11310009.0,2402400000.0,2402400000.0
sh600288,大恒科技,2012-08-16,5.48,5.55,5.45,5.55,5.5,1595870.0,8804245.0,2424240000.0,2424240000.0
sh600288,大恒科技,2012-08-17,5.56,5.7,5.54,5.68,5.55,3051677.0,17222784.0,2481024000.0,2481024000.0
sh600288,大恒科技,2012-08-20,5.64,5.81,5.6,5.8,5.68,5537865.0,31786441.0,2533440000.0,2533440000.0
sh600288,大恒科技,2012-08-21,5.8,5.91,5.74,5.78,5.8,5330920.0,31034571.0,2524704000.0,2524704000.0
sh600288,大恒科技,2012-08-22,5.74,5.87,5.66,5.85,5.78,3427366.0,19816651.0,2555280000.0,2555280000.0
sh600288,大恒科技,2012-08-23,5.82,5.88,5.75,5.84,5.85,2330750.0,13587520.0,2550912000.0,2550912000.0
sh600288,大恒科技,2012-08-24,5.82,5.82,5.65,5.71,5.84,3893342.0,22234119.0,2494128000.0,2494128000.0
sh600288,大恒科技,2012-08-27,5.65,5.68,5.33,5.43,5.71,3505471.0,19217649.0,2371824000.0,2371824000.0
sh600288,大恒科技,2012-08-28,5.39,5.51,5.38,5.43,5.43,1814338.0,9878975.0,2371824000.0,2371824000.0
sh600288,大恒科技,2012-08-29,5.43,5.97,5.43,5.97,5.43,18291761.0,108430227.0,2607696000.0,2607696000.0
sh600288,大恒科技,2012-08-30,5.95,6.0,5.62,5.85,5.97,17432825.0,100823477.0,2555280000.0,2555280000.0
sh600288,大恒科技,2012-08-31,5.74,5.81,5.68,5.73,5.85,8889186.0,50910385.0,2502864000.0,2502864000.0
sh600288,大恒科技,2012-09-03,5.69,5.94,5.67,5.79,5.73,10329322.0,60080366.0,2529072000.0,2529072000.0
sh600288,大恒科技,2012-09-04,5.75,5.87,5.69,5.78,5.79,6660235.0,38474154.0,2524704000.0,2524704000.0
sh600288,大恒科技,2012-09-05,5.75,5.94,5.71,5.85,5.78,10806250.0,63286437.0,2555280000.0,2555280000.0
sh600288,大恒科技,2012-09-06,5.86,6.1,5.8,6.05,5.85,14972887.0,89541069.0,2642640000.0,2642640000.0
sh600288,大恒科技,2012-09-07,6.05,6.31,5.97,6.11,6.05,15613696.0,95802693.0,2668848000.0,2668848000.0
sh600288,大恒科技,2012-09-10,6.08,6.18,6.04,6.1,6.11,8271065.0,50541783.0,2664480000.0,2664480000.0
sh600288,大恒科技,2012-09-11,6.08,6.16,6.03,6.15,6.1,7948752.0,48403938.0,2686320000.0,2686320000.0
sh600288,大恒科技,2012-09-12,6.19,6.19,6.05,6.15,6.15,5554410.0,33905291.0,2686320000.0,2686320000.0
sh600288,大恒科技,2012-09-13,6.13,6.15,5.92,6.0,6.15,6354677.0,38492164.0,2620800000.0,2620800000.0
sh600288,大恒科技,2012-09-14,6.1,6.1,5.84,5.92,6.0,5474747.0,32539697.0,2585856000.0,2585856000.0
sh600288,大恒科技,2012-09-17,5.9,5.94,5.67,5.68,5.92,4049678.0,23508562.0,2481024000.0,2481024000.0
sh600288,大恒科技,2012-09-18,5.65,5.74,5.62,5.66,5.68,2400747.0,13664949.0,2472288000.0,2472288000.0
sh600288,大恒科技,2012-09-19,5.7,5.88,5.67,5.81,5.66,4714342.0,27361333.0,2537808000.0,2537808000.0
sh600288,大恒科技,2012-09-20,5.77,5.81,5.48,5.52,5.81,3887451.0,21867695.0,2411136000.0,2411136000.0
sh600288,大恒科技,2012-09-21,5.53,5.58,5.45,5.52,5.52,1927043.0,10639655.0,2411136000.0,2411136000.0
sh600288,大恒科技,2012-09-24,5.49,5.58,5.38,5.54,5.52,2267350.0,12426395.0,2419872000.0,2419872000.0
sh600288,大恒科技,2012-09-25,5.51,5.57,5.44,5.47,5.54,1463568.0,8048570.0,2389296000.0,2389296000.0
sh600288,大恒科技,2012-09-26,5.46,5.5,5.27,5.28,5.47,2543337.0,13582208.0,2306304000.0,2306304000.0
sh600288,大恒科技,2012-09-27,5.25,5.46,5.25,5.45,5.28,3101214.0,16647198.0,2380560000.0,2380560000.0
sh600288,大恒科技,2012-09-28,5.39,5.5,5.39,5.49,5.45,2402457.0,13118582.0,2398032000.0,2398032000.0
sh600288,大恒科技,2012-10-08,5.52,5.53,5.39,5.43,5.49,1836121.0,9993254.0,2371824000.0,2371824000.0
sh600288,大恒科技,2012-10-09,5.45,5.66,5.43,5.63,5.43,4104384.0,22866265.0,2459184000.0,2459184000.0
sh600288,大恒科技,2012-10-10,5.6,5.76,5.58,5.71,5.63,3789545.0,21588324.0,2494128000.0,2494128000.0
sh600288,大恒科技,2012-10-11,5.69,5.72,5.57,5.58,5.71,2957042.0,16667766.0,2437344000.0,2437344000.0
sh600288,大恒科技,2012-10-12,5.61,5.67,5.52,5.6,5.58,1861592.0,10397639.0,2446080000.0,2446080000.0
sh600288,大恒科技,2012-10-15,5.59,5.62,5.46,5.54,5.6,1577562.0,8713385.0,2419872000.0,2419872000.0
sh600288,大恒科技,2012-10-16,5.54,5.6,5.47,5.51,5.54,1537155.0,8521751.0,2406768000.0,2406768000.0
sh600288,大恒科技,2012-10-17,5.5,5.6,5.5,5.56,5.51,1744487.0,9685549.0,2428608000.0,2428608000.0
sh600288,大恒科技,2012-10-18,5.57,5.68,5.53,5.64,5.56,2870225.0,16174612.0,2463552000.0,2463552000.0
sh600288,大恒科技,2012-10-19,5.66,5.72,5.61,5.65,5.64,3071745.0,17394811.0,2467920000.0,2467920000.0
sh600288,大恒科技,2012-10-22,5.62,5.67,5.57,5.66,5.65,1930108.0,10864626.0,2472288000.0,2472288000.0
sh600288,大恒科技,2012-10-23,5.64,5.68,5.58,5.58,5.66,2337441.0,13155918.0,2437344000.0,2437344000.0
sh600288,大恒科技,2012-10-24,6.14,6.14,6.14,6.14,5.58,9166139.0,56280093.0,2681952000.0,2681952000.0
sh600288,大恒科技,2012-10-25,6.75,6.75,6.75,6.75,6.14,10546173.0,71186668.0,2948400000.0,2948400000.0
sh600288,大恒科技,2012-10-26,7.43,7.43,6.62,6.68,6.75,59601514.0,410300388.0,2917824000.0,2917824000.0
sh600288,大恒科技,2012-10-29,6.47,7.35,6.43,7.35,6.68,70566240.0,501128691.0,3210480000.0,3210480000.0
sh600288,大恒科技,2012-10-30,7.3,7.38,6.62,6.62,7.35,42506661.0,296026400.0,2891616000.0,2891616000.0
sh600288,大恒科技,2012-10-31,6.4,6.49,6.23,6.42,6.62,34977706.0,222391320.0,2804256000.0,2804256000.0
sh600288,大恒科技,2012-11-01,6.34,6.51,6.23,6.39,6.42,24690130.0,157998155.0,2791152000.0,2791152000.0
sh600288,大恒科技,2012-11-02,6.3,6.6,6.3,6.39,6.39,21033141.0,135114345.0,2791152000.0,2791152000.0
sh600288,大恒科技,2012-11-05,6.35,6.75,6.33,6.7,6.39,29659788.0,195741200.0,2926560000.0,2926560000.0
sh600288,大恒科技,2012-11-06,6.62,6.65,6.1,6.27,6.7,24069618.0,151833416.0,2738736000.0,2738736000.0
sh600288,大恒科技,2012-11-07,6.25,6.29,6.06,6.13,6.27,16108752.0,99420253.0,2677584000.0,2677584000.0
sh600288,大恒科技,2012-11-08,6.0,6.13,5.94,6.02,6.13,10656930.0,64250419.0,2629536000.0,2629536000.0
sh600288,大恒科技,2012-11-09,6.0,6.1,5.97,6.09,6.02,8301641.0,50195518.0,2660112000.0,2660112000.0
sh600288,大恒科技,2012-11-12,6.08,6.11,5.89,6.0,6.09,8270834.0,49678526.0,2620800000.0,2620800000.0
sh600288,大恒科技,2012-11-13,5.97,6.0,5.7,5.72,6.0,11180970.0,64938073.0,2498496000.0,2498496000.0
sh600288,大恒科技,2012-11-14,5.74,5.78,5.6,5.77,5.72,9374385.0,53294204.0,2520336000.0,2520336000.0
sh600288,大恒科技,2012-11-15,5.72,5.75,5.56,5.58,5.77,5909887.0,33512554.0,2437344000.0,2437344000.0
sh600288,大恒科技,2012-11-16,5.5,5.78,5.49,5.66,5.58,8788047.0,49685017.0,2472288000.0,2472288000.0
sh600288,大恒科技,2012-11-19,5.66,5.85,5.55,5.78,5.66,11328151.0,64790836.0,2524704000.0,2524704000.0
sh600288,大恒科技,2012-11-20,5.83,5.87,5.62,5.64,5.78,8209422.0,47224042.0,2463552000.0,2463552000.0
sh600288,大恒科技,2012-11-21,5.57,5.66,5.49,5.64,5.64,7821133.0,43706155.0,2463552000.0,2463552000.0
sh600288,大恒科技,2012-11-22,5.65,5.79,5.58,5.61,5.64,6972224.0,39594237.0,2450448000.0,2450448000.0
sh600288,大恒科技,2012-11-23,5.6,5.63,5.43,5.52,5.61,6587761.0,36407639.0,2411136000.0,2411136000.0
sh600288,大恒科技,2012-11-26,5.53,5.55,5.45,5.46,5.52,3642836.0,19994182.0,2384928000.0,2384928000.0
sh600288,大恒科技,2012-11-27,5.41,5.44,5.06,5.09,5.46,6699035.0,35146528.0,2223312000.0,2223312000.0
sh600288,大恒科技,2012-11-28,5.05,5.15,5.01,5.09,5.09,3564603.0,18105008.0,2223312000.0,2223312000.0
sh600288,大恒科技,2012-11-29,5.14,5.14,4.84,4.87,5.09,4712931.0,23527008.0,2127216000.0,2127216000.0
sh600288,大恒科技,2012-11-30,4.87,4.96,4.86,4.94,4.87,4193229.0,20601082.0,2157792000.0,2157792000.0
sh600288,大恒科技,2012-12-03,4.91,5.0,4.66,4.68,4.94,5054485.0,24545352.0,2044224000.0,2044224000.0
sh600288,大恒科技,2012-12-04,4.68,4.81,4.54,4.77,4.68,5401957.0,25171780.0,2083536000.0,2083536000.0
sh600288,大恒科技,2012-12-05,4.76,5.04,4.71,5.0,4.77,9357128.0,46257568.0,2184000000.0,2184000000.0
sh600288,大恒科技,2012-12-06,4.98,5.03,4.92,4.95,5.0,4039731.0,20067218.0,2162160000.0,2162160000.0
sh600288,大恒科技,2012-12-07,5.45,5.45,5.45,5.45,4.95,2218672.0,12091762.0,2380560000.0,2380560000.0
sh600288,大恒科技,2012-12-10,6.0,6.0,6.0,6.0,5.45,2586606.0,15519636.0,2620800000.0,2620800000.0
sh600288,大恒科技,2012-12-11,6.6,6.6,6.38,6.6,6.0,59733295.0,391016933.0,2882880000.0,2882880000.0
sh600288,大恒科技,2012-12-12,6.67,6.87,6.26,6.5,6.6,30154504.0,194233323.0,2839200000.0,2839200000.0
sh600288,大恒科技,2012-12-13,6.4,6.61,6.26,6.35,6.5,23366869.0,149987127.0,2773680000.0,2773680000.0
sh600288,大恒科技,2012-12-14,6.3,6.56,6.13,6.46,6.35,34692491.0,222114543.0,2821728000.0,2821728000.0
sh600288,大恒科技,2012-12-17,6.4,6.73,6.27,6.5,6.46,29705034.0,192512945.0,2839200000.0,2839200000.0
sh600288,大恒科技,2012-12-18,6.41,6.6,6.31,6.5,6.5,21511023.0,138837396.0,2839200000.0,2839200000.0
sh600288,大恒科技,2012-12-19,6.51,6.66,6.4,6.55,6.5,25897390.0,169704050.0,2861040000.0,2861040000.0
sh600288,大恒科技,2012-12-20,6.54,6.54,6.11,6.28,6.55,26882031.0,168523136.0,2743104000.0,2743104000.0
sh600288,大恒科技,2012-12-21,6.28,6.37,6.15,6.23,6.28,15234524.0,95041704.0,2721264000.0,2721264000.0
sh600288,大恒科技,2012-12-24,6.23,6.32,6.14,6.29,6.23,13015906.0,81195561.0,2747472000.0,2747472000.0
sh600288,大恒科技,2012-12-25,6.25,6.45,6.19,6.38,6.29,19243360.0,121985425.0,2786784000.0,2786784000.0
sh600288,大恒科技,2012-12-26,6.34,6.6,6.33,6.43,6.38,19067935.0,122957840.0,2808624000.0,2808624000.0
sh600288,大恒科技,2012-12-27,6.45,6.48,6.16,6.19,6.43,17171297.0,108210858.0,2703792000.0,2703792000.0
sh600288,大恒科技,2012-12-28,6.19,6.34,6.18,6.24,6.19,11043332.0,68964700.0,2725632000.0,2725632000.0
sh600288,大恒科技,2012-12-31,6.26,6.49,6.22,6.47,6.24,19777169.0,126228320.0,2826096000.0,2826096000.0
sh600288,大恒科技,2013-01-04,6.5,6.68,6.38,6.51,6.47,24057862.0,157235769.0,2843568000.0,2843568000.0
sh600288,大恒科技,2013-01-07,6.45,6.65,6.39,6.56,6.51,16158603.0,105473748.0,2865408000.0,2865408000.0
sh600288,大恒科技,2013-01-08,6.56,6.87,6.42,6.67,6.56,27846737.0,186332285.0,2913456000.0,2913456000.0
sh600288,大恒科技,2013-01-09,6.6,6.64,6.38,6.47,6.67,17354079.0,113146937.0,2826096000.0,2826096000.0
sh600288,大恒科技,2013-01-10,6.44,6.51,6.33,6.41,6.47,10380106.0,66617532.0,2799888000.0,2799888000.0
sh600288,大恒科技,2013-01-11,6.42,6.63,6.3,6.32,6.41,13298187.0,85949370.0,2760576000.0,2760576000.0
sh600288,大恒科技,2013-01-14,6.25,6.55,6.19,6.51,6.32,12458603.0,79836512.0,2843568000.0,2843568000.0
sh600288,大恒科技,2013-01-15,6.5,6.77,6.47,6.72,6.51,20773924.0,138174688.0,2935296000.0,2935296000.0
sh600288,大恒科技,2013-01-16,6.73,6.98,6.57,6.76,6.72,21715151.0,147342686.0,2952768000.0,2952768000.0
sh600288,大恒科技,2013-01-17,6.8,6.96,6.62,6.7,6.76,12314837.0,83186011.0,2926560000.0,2926560000.0
sh600288,大恒科技,2013-01-18,6.83,7.37,6.83,7.37,6.7,40733237.0,291268705.0,3219216000.0,3219216000.0
sh600288,大恒科技,2013-01-21,7.4,7.44,7.05,7.15,7.37,35356996.0,253409906.0,3123120000.0,3123120000.0
sh600288,大恒科技,2013-01-22,7.04,7.1,6.72,6.83,7.15,19517432.0,134757106.0,2983344000.0,2983344000.0
sh600288,大恒科技,2013-01-23,6.8,7.0,6.76,6.95,6.83,13682508.0,94522118.0,3035760000.0,3035760000.0
sh600288,大恒科技,2013-01-24,6.9,6.93,6.53,6.6,6.95,16402921.0,110456864.0,2882880000.0,2882880000.0
sh600288,大恒科技,2013-01-25,6.55,6.79,6.5,6.52,6.6,7905722.0,52288551.0,2847936000.0,2847936000.0
sh600288,大恒科技,2013-01-28,6.51,6.69,6.47,6.65,6.52,6975757.0,46020630.0,2904720000.0,2904720000.0
sh600288,大恒科技,2013-01-29,6.65,6.94,6.61,6.8,6.65,11349335.0,77359526.0,2970240000.0,2970240000.0
sh600288,大恒科技,2013-01-30,6.75,6.95,6.72,6.79,6.8,9910224.0,67670748.0,2965872000.0,2965872000.0
sh600288,大恒科技,2013-01-31,6.78,6.84,6.66,6.69,6.79,7531617.0,50469913.0,2922192000.0,2922192000.0
sh600288,大恒科技,2013-02-01,6.73,7.1,6.67,6.93,6.69,14691032.0,101694573.0,3027024000.0,3027024000.0
sh600288,大恒科技,2013-02-04,6.87,7.08,6.78,6.86,6.93,9977746.0,68844467.0,2996448000.0,2996448000.0
sh600288,大恒科技,2013-02-05,6.8,6.92,6.73,6.9,6.86,6639886.0,45419158.0,3013920000.0,3013920000.0
sh600288,大恒科技,2013-02-06,6.88,6.95,6.8,6.83,6.9,5307846.0,36361815.0,2983344000.0,2983344000.0
sh600288,大恒科技,2013-02-07,6.85,6.98,6.82,6.95,6.83,8336803.0,57714065.0,3035760000.0,3035760000.0
sh600288,大恒科技,2013-02-08,6.96,7.05,6.9,6.91,6.95,7144069.0,49630611.0,3018288000.0,3018288000.0
sh600288,大恒科技,2013-02-18,6.94,6.98,6.85,6.92,6.91,6726465.0,46380546.0,3022656000.0,3022656000.0
sh600288,大恒科技,2013-02-19,6.91,6.98,6.78,6.78,6.92,6864167.0,47088884.0,2961504000.0,2961504000.0
sh600288,大恒科技,2013-02-20,6.78,6.83,6.66,6.82,6.78,7217396.0,48750273.0,2978976000.0,2978976000.0
sh600288,大恒科技,2013-02-21,6.8,6.8,6.49,6.52,6.82,8269071.0,54552837.0,2847936000.0,2847936000.0
sh600288,大恒科技,2013-02-22,6.55,6.61,6.49,6.53,6.52,4487976.0,29414448.0,2852304000.0,2852304000.0
sh600288,大恒科技,2013-02-25,6.55,6.94,6.54,6.93,6.53,14861635.0,101180163.0,3027024000.0,3027024000.0
sh600288,大恒科技,2013-02-26,6.87,6.98,6.77,6.85,6.93,10618599.0,72844041.0,2992080000.0,2992080000.0
sh600288,大恒科技,2013-02-27,7.0,7.12,6.84,7.06,6.85,17018570.0,118577157.0,3083808000.0,3083808000.0
sh600288,大恒科技,2013-02-28,7.0,7.77,6.96,7.54,7.06,44262585.0,331869634.0,3293472000.0,3293472000.0
sh600288,大恒科技,2013-03-01,7.42,7.83,7.25,7.71,7.54,33877320.0,254190563.0,3367728000.0,3367728000.0
sh600288,大恒科技,2013-03-04,7.71,7.92,7.47,7.66,7.71,28330374.0,217557391.0,3345888000.0,3345888000.0
sh600288,大恒科技,2013-03-05,7.6,7.93,7.42,7.9,7.66,23018531.0,177852578.0,3450720000.0,3450720000.0
sh600288,大恒科技,2013-03-06,7.9,8.12,7.7,7.77,7.9,20966248.0,164487223.0,3393936000.0,3393936000.0
sh600288,大恒科技,2013-03-07,7.7,7.71,7.43,7.46,7.77,14062580.0,105962449.0,3258528000.0,3258528000.0
sh600288,大恒科技,2013-03-08,7.75,8.21,7.71,8.21,7.46,24045895.0,193495210.0,3586128000.0,3586128000.0
sh600288,大恒科技,2013-03-11,8.4,8.95,8.21,8.27,8.21,62154291.0,529004157.0,3612336000.0,3612336000.0
sh600288,大恒科技,2013-03-12,8.05,8.1,7.6,7.76,8.27,36480816.0,287643571.0,3389568000.0,3389568000.0
sh600288,大恒科技,2013-03-13,7.66,7.7,7.38,7.54,7.76,20769680.0,156337399.0,3293472000.0,3293472000.0
sh600288,大恒科技,2013-03-14,7.51,7.76,7.45,7.73,7.54,16396766.0,125282213.0,3376464000.0,3376464000.0
sh600288,大恒科技,2013-03-15,7.64,7.89,7.45,7.65,7.73,18278848.0,139794353.0,3341520000.0,3341520000.0
sh600288,大恒科技,2013-03-18,7.52,7.69,7.39,7.4,7.65,12589554.0,94577213.0,3232320000.0,3232320000.0
sh600288,大恒科技,2013-03-19,7.39,7.55,7.24,7.41,7.4,9035731.0,66860770.0,3236688000.0,3236688000.0
sh600288,大恒科技,2013-03-20,7.42,7.64,7.34,7.6,7.41,11749523.0,88414516.0,3319680000.0,3319680000.0
sh600288,大恒科技,2013-03-21,7.62,7.84,7.54,7.8,7.6,16413000.0,126586934.0,3407040000.0,3407040000.0
sh600288,大恒科技,2013-03-22,7.81,7.84,7.7,7.75,7.8,9541593.0,74098890.0,3385200000.0,3385200000.0
sh600288,大恒科技,2013-03-25,7.75,7.75,7.43,7.53,7.75,12961859.0,97805673.0,3289104000.0,3289104000.0
sh600288,大恒科技,2013-03-26,7.5,7.77,7.41,7.75,7.53,13422002.0,102426209.0,3385200000.0,3385200000.0
sh600288,大恒科技,2013-03-27,7.75,8.04,7.6,7.68,7.75,14133086.0,110533411.0,3354624000.0,3354624000.0
sh600288,大恒科技,2013-03-28,7.6,7.6,7.11,7.13,7.68,15643904.0,114028641.0,3114384000.0,3114384000.0
sh600288,大恒科技,2013-03-29,7.23,7.32,7.12,7.27,7.13,6838509.0,49421461.0,3175536000.0,3175536000.0
sh600288,大恒科技,2013-04-01,7.21,7.34,7.11,7.25,7.27,5956057.0,43067514.0,3166800000.0,3166800000.0
sh600288,大恒科技,2013-04-02,7.22,7.3,6.98,6.99,7.25,6893487.0,49214375.0,3053232000.0,3053232000.0
sh600288,大恒科技,2013-04-03,6.99,7.08,6.76,6.8,6.99,7741177.0,53033542.0,2970240000.0,2970240000.0
sh600288,大恒科技,2013-04-08,6.67,6.92,6.53,6.91,6.8,6199733.0,41888478.0,3018288000.0,3018288000.0
sh600288,大恒科技,2013-04-09,6.89,7.01,6.88,6.96,6.91,4843426.0,33629735.0,3040128000.0,3040128000.0
sh600288,大恒科技,2013-04-10,6.96,6.96,6.74,6.85,6.96,4722509.0,32308297.0,2992080000.0,2992080000.0
sh600288,大恒科技,2013-04-11,6.86,6.99,6.81,6.83,6.85,4055513.0,28021532.0,2983344000.0,2983344000.0
sh600288,大恒科技,2013-04-12,6.78,6.94,6.71,6.81,6.83,3231042.0,22094626.0,2974608000.0,2974608000.0
sh600288,大恒科技,2013-04-15,6.75,6.82,6.64,6.7,6.81,2637232.0,17658078.0,2926560000.0,2926560000.0
sh600288,大恒科技,2013-04-16,6.67,6.97,6.6,6.95,6.7,5478336.0,37318542.0,3035760000.0,3035760000.0
sh600288,大恒科技,2013-04-17,6.93,6.97,6.83,6.95,6.95,3935715.0,27206821.0,3035760000.0,3035760000.0
sh600288,大恒科技,2013-04-18,6.9,7.0,6.85,6.97,6.95,4099314.0,28468425.0,3044496000.0,3044496000.0
sh600288,大恒科技,2013-04-19,7.01,7.27,7.01,7.21,6.97,10586514.0,75969119.0,3149328000.0,3149328000.0
sh600288,大恒科技,2013-04-22,7.16,7.34,7.09,7.3,7.21,8888151.0,64351096.0,3188640000.0,3188640000.0
sh600288,大恒科技,2013-04-23,7.34,7.35,6.91,6.93,7.3,9142787.0,64819443.0,3027024000.0,3027024000.0
sh600288,大恒科技,2013-04-24,6.96,7.3,6.96,7.28,6.93,10193096.0,73465254.0,3179904000.0,3179904000.0
sh600288,大恒科技,2013-04-25,7.16,7.23,7.0,7.04,7.28,8225114.0,58495442.0,3075072000.0,3075072000.0
sh600288,大恒科技,2013-04-26,7.01,7.14,6.65,6.71,7.04,7780660.0,52890989.0,2930928000.0,2930928000.0
sh600288,大恒科技,2013-05-02,6.7,6.79,6.63,6.72,6.71,2869738.0,19299410.0,2935296000.0,2935296000.0
sh600288,大恒科技,2013-05-03,6.73,6.97,6.73,6.9,6.72,4876279.0,33670483.0,3013920000.0,3013920000.0
sh600288,大恒科技,2013-05-06,7.08,7.44,7.07,7.35,6.9,13491924.0,97970032.0,3210480000.0,3210480000.0
sh600288,大恒科技,2013-05-07,7.29,7.4,7.23,7.37,7.35,8571106.0,62455845.0,3219216000.0,3219216000.0
sh600288,大恒科技,2013-05-08,7.38,7.54,7.27,7.48,7.37,11940190.0,88897870.0,3267264000.0,3267264000.0
sh600288,大恒科技,2013-05-09,7.5,7.73,7.4,7.71,7.48,19870234.0,150579782.0,3367728000.0,3367728000.0
sh600288,大恒科技,2013-05-10,7.65,7.83,7.49,7.54,7.71,12466847.0,94911428.0,3293472000.0,3293472000.0
sh600288,大恒科技,2013-05-13,7.52,7.62,7.38,7.59,7.54,9488823.0,71273248.0,3315312000.0,3315312000.0
sh600288,大恒科技,2013-05-14,7.58,7.65,7.36,7.45,7.59,8973845.0,66785558.0,3254160000.0,3254160000.0
sh600288,大恒科技,2013-05-15,7.42,7.73,7.41,7.69,7.45,16193203.0,123880398.0,3358992000.0,3358992000.0
sh600288,大恒科技,2013-05-16,7.64,7.89,7.61,7.69,7.69,19583903.0,152513064.0,3358992000.0,3358992000.0
sh600288,大恒科技,2013-05-17,7.69,8.08,7.65,7.95,7.69,18543385.0,147126571.0,3472560000.0,3472560000.0
sh600288,大恒科技,2013-05-20,8.18,8.29,7.96,8.21,7.95,22401650.0,182224343.0,3586128000.0,3586128000.0
sh600288,大恒科技,2013-05-21,8.14,8.47,8.06,8.41,8.21,22849122.0,188626630.0,3673488000.0,3673488000.0
sh600288,大恒科技,2013-05-22,8.34,8.47,8.02,8.09,8.41,18663548.0,153714993.0,3533712000.0,3533712000.0
sh600288,大恒科技,2013-05-23,8.06,8.74,8.0,8.41,8.09,26299377.0,221508603.0,3673488000.0,3673488000.0
sh600288,大恒科技,2013-05-24,8.38,8.68,8.37,8.48,8.41,21004751.0,179202810.0,3704064000.0,3704064000.0
sh600288,大恒科技,2013-05-27,8.48,8.66,8.33,8.46,8.48,14242263.0,120347346.0,3695328000.0,3695328000.0
sh600288,大恒科技,2013-05-28,8.45,8.45,8.17,8.28,8.46,12654593.0,104788500.0,3616704000.0,3616704000.0
sh600288,大恒科技,2013-05-29,8.3,8.5,8.24,8.29,8.28,11201730.0,93705627.0,3621072000.0,3621072000.0
sh600288,大恒科技,2013-05-30,8.26,8.45,8.2,8.39,8.29,11922096.0,99476586.0,3664752000.0,3664752000.0
sh600288,大恒科技,2013-05-31,8.4,8.47,8.1,8.11,8.39,13454583.0,110814670.0,3542448000.0,3542448000.0
sh600288,大恒科技,2013-06-03,8.12,8.26,8.03,8.14,8.11,8393937.0,68353040.0,3555552000.0,3555552000.0
sh600288,大恒科技,2013-06-04,8.12,8.2,7.75,7.83,8.14,13755777.0,109188191.0,3420144000.0,3420144000.0
sh600288,大恒科技,2013-06-05,7.83,7.91,7.73,7.81,7.83,7155588.0,55934275.0,3411408000.0,3411408000.0
sh600288,大恒科技,2013-06-06,7.8,7.88,7.7,7.79,7.81,7581868.0,58975223.0,3402672000.0,3402672000.0
sh600288,大恒科技,2013-06-07,8.08,8.23,7.8,7.85,7.79,18966275.0,152202721.0,3428880000.0,3428880000.0
sh600288,大恒科技,2013-06-13,7.5,7.5,7.07,7.2,7.85,13409024.0,96584096.0,3144960000.0,3144960000.0
sh600288,大恒科技,2013-06-14,7.16,7.49,7.15,7.4,7.2,10850268.0,79670662.0,3232320000.0,3232320000.0
sh600288,大恒科技,2013-06-17,7.45,7.52,7.32,7.39,7.4,6372876.0,47285755.0,3227952000.0,3227952000.0
sh600288,大恒科技,2013-06-18,7.39,7.64,7.3,7.61,7.39,11048587.0,82713133.0,3324048000.0,3324048000.0
sh600288,大恒科技,2013-06-19,7.52,7.66,7.4,7.53,7.61,9330797.0,70301819.0,3289104000.0,3289104000.0
sh600288,大恒科技,2013-06-20,7.49,7.49,7.08,7.11,7.53,8330113.0,60782253.0,3105648000.0,3105648000.0
sh600288,大恒科技,2013-06-21,6.99,7.06,6.84,6.99,7.11,5796360.0,40381330.0,3053232000.0,3053232000.0
sh600288,大恒科技,2013-06-24,6.99,6.99,6.29,6.29,6.99,13033556.0,85097933.0,2747472000.0,2747472000.0
sh600288,大恒科技,2013-06-25,6.27,6.28,5.66,6.17,6.29,10996564.0,66316998.0,2695056000.0,2695056000.0
sh600288,大恒科技,2013-06-26,6.16,6.33,6.11,6.32,6.17,8122220.0,50559598.0,2760576000.0,2760576000.0
sh600288,大恒科技,2013-06-27,6.35,6.42,6.09,6.11,6.32,10712764.0,67471024.0,2668848000.0,2668848000.0
sh600288,大恒科技,2013-06-28,5.97,6.23,5.85,6.07,6.11,7061598.0,42829079.0,2651376000.0,2651376000.0
sh600288,大恒科技,2013-07-01,6.09,6.35,6.04,6.34,6.07,7233071.0,44885683.0,2769312000.0,2769312000.0
sh600288,大恒科技,2013-07-02,6.43,6.64,6.26,6.61,6.34,14082138.0,90621143.0,2887248000.0,2887248000.0
sh600288,大恒科技,2013-07-03,6.58,6.98,6.38,6.72,6.61,18533504.0,124695143.0,2935296000.0,2935296000.0
sh600288,大恒科技,2013-07-04,6.58,6.82,6.51,6.64,6.72,12044083.0,80138316.0,2900352000.0,2900352000.0
sh600288,大恒科技,2013-07-05,6.64,6.74,6.57,6.58,6.64,6709744.0,44672216.0,2874144000.0,2874144000.0
sh600288,大恒科技,2013-07-08,6.49,6.49,6.14,6.19,6.58,10583137.0,66307310.0,2703792000.0,2703792000.0
sh600288,大恒科技,2013-07-09,6.17,6.32,6.07,6.3,6.19,6162677.0,38169933.0,2751840000.0,2751840000.0
sh600288,大恒科技,2013-07-10,6.29,6.57,6.23,6.56,6.3,9728099.0,62455633.0,2865408000.0,2865408000.0
sh600288,大恒科技,2013-07-11,6.64,6.84,6.56,6.74,6.56,11896332.0,79773457.0,2944032000.0,2944032000.0
sh600288,大恒科技,2013-07-12,6.73,6.88,6.6,6.63,6.74,10428145.0,70472195.0,2895984000.0,2895984000.0
sh600288,大恒科技,2013-07-15,6.64,6.89,6.64,6.84,6.63,9760932.0,66349579.0,2987712000.0,2987712000.0
sh600288,大恒科技,2013-07-16,6.82,7.52,6.71,7.52,6.84,17395417.0,125422680.0,3284736000.0,3284736000.0
sh600288,大恒科技,2013-07-17,7.88,8.2,7.71,8.02,7.52,53942558.0,427994310.0,3503136000.0,3503136000.0
sh600288,大恒科技,2013-07-18,7.92,8.57,7.89,8.14,8.02,48106353.0,395857562.0,3555552000.0,3555552000.0
sh600288,大恒科技,2013-07-19,8.03,8.24,7.82,7.87,8.14,29561812.0,236543151.0,3437616000.0,3437616000.0
sh600288,大恒科技,2013-07-22,7.75,8.16,7.68,8.06,7.87,23292282.0,185885866.0,3520608000.0,3520608000.0
sh600288,大恒科技,2013-07-23,8.06,8.33,7.93,8.3,8.06,29292647.0,238990945.0,3625440000.0,3625440000.0
sh600288,大恒科技,2013-07-24,8.2,8.3,7.98,8.17,8.3,23020898.0,187692501.0,3568656000.0,3568656000.0
sh600288,大恒科技,2013-07-25,8.21,8.25,7.6,7.63,8.17,22335101.0,176259432.0,3332784000.0,3332784000.0
sh600288,大恒科技,2013-07-26,7.56,7.87,7.48,7.77,7.63,12839195.0,98875084.0,3393936000.0,3393936000.0
sh600288,XD大恒科,2013-07-29,7.61,7.89,7.57,7.59,7.72,9588841.0,74097667.0,3315312000.0,3315312000.0
sh600288,大恒科技,2013-07-30,7.63,7.71,7.16,7.5,7.59,10810290.0,80367033.0,3276000000.0,3276000000.0
sh600288,大恒科技,2013-07-31,7.5,7.75,7.46,7.69,7.5,9802911.0,74802957.0,3358992000.0,3358992000.0
sh600288,大恒科技,2013-08-01,7.7,8.16,7.67,8.09,7.69,16182489.0,128643693.0,3533712000.0,3533712000.0
sh600288,大恒科技,2013-08-02,8.09,8.19,7.95,8.01,8.09,15463745.0,124977444.0,3498768000.0,3498768000.0
sh600288,大恒科技,2013-08-05,8.12,8.37,8.05,8.18,8.01,16368510.0,134686124.0,3573024000.0,3573024000.0
sh600288,大恒科技,2013-08-06,8.1,8.2,7.98,8.13,8.18,13274589.0,107240732.0,3551184000.0,3551184000.0
sh600288,大恒科技,2013-08-07,8.12,8.24,7.89,7.91,8.13,11313071.0,90831410.0,3455088000.0,3455088000.0
sh600288,大恒科技,2013-08-08,7.87,8.7,7.85,8.3,7.91,33343193.0,281000517.0,3625440000.0,3625440000.0
sh600288,大恒科技,2013-08-09,8.3,8.42,8.07,8.12,8.3,17773579.0,146067297.0,3546816000.0,3546816000.0
sh600288,大恒科技,2013-08-12,8.11,8.57,8.11,8.35,8.12,18520770.0,154577895.0,3647280000.0,3647280000.0
sh600288,大恒科技,2013-08-13,8.26,8.51,8.17,8.5,8.35,18328723.0,153074943.0,3712800000.0,3712800000.0
sh600288,大恒科技,2013-08-14,8.5,8.76,8.37,8.54,8.5,23543621.0,201488983.0,3730272000.0,3730272000.0
sh600288,大恒科技,2013-08-15,8.51,8.51,8.15,8.16,8.54,18262560.0,151774560.0,3564288000.0,3564288000.0
sh600288,大恒科技,2013-08-16,8.14,8.38,7.8,7.81,8.16,19445722.0,158228478.0,3411408000.0,3411408000.0
sh600288,大恒科技,2013-08-19,7.8,8.1,7.75,8.09,7.81,9557834.0,76333357.0,3533712000.0,3533712000.0
sh600288,大恒科技,2013-08-20,8.07,8.26,8.03,8.16,8.09,10934876.0,89132717.0,3564288000.0,3564288000.0
sh600288,大恒科技,2013-08-21,8.12,8.49,8.11,8.45,8.16,18768017.0,156530363.0,3690960000.0,3690960000.0
sh600288,大恒科技,2013-08-22,8.37,8.49,8.24,8.3,8.45,14423086.0,120379569.0,3625440000.0,3625440000.0
sh600288,大恒科技,2013-08-23,8.41,9.13,8.35,8.87,8.3,57811833.0,513493551.0,3874416000.0,3874416000.0
sh600288,大恒科技,2013-08-26,8.77,9.0,8.63,8.98,8.87,34296846.0,300942732.0,3922464000.0,3922464000.0
sh600288,大恒科技,2013-08-27,8.82,8.89,8.66,8.79,8.98,21974928.0,192521225.0,3839472000.0,3839472000.0
sh600288,大恒科技,2013-08-28,8.65,8.71,8.45,8.5,8.79,21845373.0,186906713.0,3712800000.0,3712800000.0
sh600288,大恒科技,2013-08-29,8.47,8.7,8.38,8.5,8.5,11667979.0,99573152.0,3712800000.0,3712800000.0
sh600288,大恒科技,2013-08-30,8.49,8.64,7.92,7.94,8.5,25784065.0,213530418.0,3468192000.0,3468192000.0
sh600288,大恒科技,2013-09-02,8.0,8.15,7.94,8.02,7.94,12756431.0,102472319.0,3503136000.0,3503136000.0
sh600288,大恒科技,2013-09-03,8.0,8.28,7.96,8.25,8.02,11061933.0,90194516.0,3603600000.0,3603600000.0
sh600288,大恒科技,2013-09-04,8.19,8.28,8.02,8.14,8.25,10450983.0,84958126.0,3555552000.0,3555552000.0
sh600288,大恒科技,2013-09-05,8.14,8.26,8.04,8.17,8.14,9616034.0,78287390.0,3568656000.0,3568656000.0
sh600288,大恒科技,2013-09-06,8.1,8.22,7.96,8.13,8.17,11534417.0,93634698.0,3551184000.0,3551184000.0
sh600288,大恒科技,2013-09-09,8.11,8.22,8.03,8.22,8.13,9950097.0,81056159.0,3590496000.0,3590496000.0
sh600288,大恒科技,2013-09-10,8.22,8.49,8.14,8.47,8.22,16000589.0,134169620.0,3699696000.0,3699696000.0
sh600288,大恒科技,2013-09-11,8.92,9.3,8.51,8.51,8.47,29604357.0,259276224.0,3717168000.0,3717168000.0
sh600288,大恒科技,2013-09-12,8.53,8.88,8.49,8.55,8.51,16934866.0,146654253.0,3734640000.0,3734640000.0
sh600288,大恒科技,2013-09-13,8.5,8.58,8.24,8.37,8.55,11292271.0,94448141.0,3656016000.0,3656016000.0
sh600288,大恒科技,2013-09-16,8.36,8.44,8.27,8.35,8.37,7123723.0,59506784.0,3647280000.0,3647280000.0
sh600288,大恒科技,2013-09-17,8.34,8.36,8.04,8.08,8.35,8732558.0,71118403.0,3529344000.0,3529344000.0
sh600288,大恒科技,2013-09-18,8.1,8.23,8.0,8.18,8.08,5088317.0,41377702.0,3573024000.0,3573024000.0
sh600288,大恒科技,2013-09-23,8.16,8.38,8.16,8.37,8.18,6256169.0,51784463.0,3656016000.0,3656016000.0
sh600288,大恒科技,2013-09-24,8.34,8.44,8.27,8.41,8.37,7941379.0,66503994.0,3673488000.0,3673488000.0
sh600288,大恒科技,2013-09-25,8.4,8.48,8.18,8.24,8.41,7702945.0,64298453.0,3599232000.0,3599232000.0
sh600288,大恒科技,2013-09-26,8.23,8.23,7.98,8.03,8.24,8303757.0,66919108.0,3507504000.0,3507504000.0
sh600288,大恒科技,2013-09-27,8.03,8.31,8.0,8.18,8.03,6753521.0,55192948.0,3573024000.0,3573024000.0
sh600288,大恒科技,2013-09-30,8.0,8.48,8.0,8.29,8.18,8114977.0,66945804.0,3621072000.0,3621072000.0
sh600288,大恒科技,2013-10-08,8.25,8.51,8.23,8.5,8.29,11205169.0,94410397.0,3712800000.0,3712800000.0
sh600288,大恒科技,2013-10-09,8.44,8.58,8.39,8.55,8.5,12519130.0,106421375.0,3734640000.0,3734640000.0
sh600288,大恒科技,2013-10-10,8.58,8.92,8.55,8.66,8.55,24844429.0,217479547.0,3782688000.0,3782688000.0
sh600288,大恒科技,2013-10-11,8.84,9.15,8.58,9.03,8.66,28064397.0,250080466.0,3944304000.0,3944304000.0
sh600288,大恒科技,2013-10-14,9.24,9.35,8.78,9.02,9.03,22936618.0,206067611.0,3939936000.0,3939936000.0
sh600288,大恒科技,2013-10-15,8.96,9.07,8.77,8.88,9.02,12451602.0,110707031.0,3878784000.0,3878784000.0
sh600288,大恒科技,2013-10-16,8.6,8.6,7.99,8.05,8.88,25485338.0,209814834.0,3516240000.0,3516240000.0
sh600288,大恒科技,2013-10-17,8.1,8.2,7.87,7.9,8.05,11181270.0,90046436.0,3450720000.0,3450720000.0
sh600288,大恒科技,2013-10-18,7.9,8.03,7.83,7.95,7.9,6134803.0,48787898.0,3472560000.0,3472560000.0
sh600288,大恒科技,2013-10-21,8.0,8.22,7.95,8.15,7.95,10237013.0,82962656.0,3559920000.0,3559920000.0
sh600288,大恒科技,2013-10-22,8.16,8.16,7.91,8.04,8.15,9420973.0,75562842.0,3511872000.0,3511872000.0
sh600288,大恒科技,2013-10-23,8.07,8.07,7.69,7.69,8.04,9323455.0,73101218.0,3358992000.0,3358992000.0
sh600288,大恒科技,2013-10-24,7.69,7.77,7.41,7.57,7.69,5809641.0,44367649.0,3306576000.0,3306576000.0
sh600288,大恒科技,2013-10-25,7.61,7.73,7.32,7.41,7.57,6149462.0,46462644.0,3236688000.0,3236688000.0
sh600288,大恒科技,2013-10-28,7.46,7.56,7.35,7.49,7.41,4119187.0,30753309.0,3271632000.0,3271632000.0
sh600288,大恒科技,2013-10-29,7.5,7.55,7.05,7.2,7.49,6350183.0,46199019.0,3144960000.0,3144960000.0
sh600288,大恒科技,2013-10-30,7.19,7.37,7.18,7.37,7.2,4041304.0,29450232.0,3219216000.0,3219216000.0
sh600288,大恒科技,2013-10-31,7.4,7.48,7.33,7.37,7.37,3788259.0,28012861.0,3219216000.0,3219216000.0
sh600288,大恒科技,2013-11-01,7.46,7.75,7.31,7.63,7.37,8693690.0,65705544.0,3332784000.0,3332784000.0
sh600288,大恒科技,2013-11-04,7.78,7.78,7.47,7.56,7.63,7202579.0,54877550.0,3302208000.0,3302208000.0
sh600288,大恒科技,2013-11-05,7.58,7.64,7.4,7.58,7.56,5161571.0,38907649.0,3310944000.0,3310944000.0
sh600288,大恒科技,2013-11-06,7.65,7.73,7.5,7.52,7.58,4620171.0,35293604.0,3284736000.0,3284736000.0
sh600288,大恒科技,2013-11-07,7.43,7.54,7.32,7.33,7.52,3623064.0,26906708.0,3201744000.0,3201744000.0
sh600288,大恒科技,2013-11-08,7.3,7.35,7.09,7.1,7.33,4057014.0,29237349.0,3101280000.0,3101280000.0
sh600288,大恒科技,2013-11-11,7.08,7.25,7.05,7.22,7.1,2147411.0,15337816.0,3153696000.0,3153696000.0
sh600288,大恒科技,2013-11-12,7.22,7.34,7.2,7.28,7.22,2450000.0,17842098.0,3179904000.0,3179904000.0
sh600288,大恒科技,2013-11-13,7.3,7.3,6.97,6.99,7.28,4010601.0,28447268.0,3053232000.0,3053232000.0
sh600288,大恒科技,2013-11-14,6.9,7.15,6.9,7.14,6.99,3164934.0,22337940.0,3118752000.0,3118752000.0
sh600288,大恒科技,2013-11-15,7.2,7.56,7.13,7.44,7.14,8126499.0,60083210.0,3249792000.0,3249792000.0
sh600288,大恒科技,2013-11-18,7.51,7.57,7.38,7.56,7.44,7472243.0,55979484.0,3302208000.0,3302208000.0
sh600288,大恒科技,2013-11-19,7.6,7.68,7.51,7.58,7.56,6195195.0,47083338.0,3310944000.0,3310944000.0
sh600288,大恒科技,2013-11-20,7.66,7.74,7.55,7.7,7.58,7430317.0,56852607.0,3363360000.0,3363360000.0
sh600288,大恒科技,2013-11-21,7.68,7.68,7.5,7.57,7.7,7425688.0,56155288.0,3306576000.0,3306576000.0
sh600288,大恒科技,2013-11-22,7.57,7.68,7.5,7.53,7.57,4017195.0,30448646.0,3289104000.0,3289104000.0
sh600288,大恒科技,2013-11-25,7.52,7.58,7.44,7.5,7.53,3097182.0,23279786.0,3276000000.0,3276000000.0
sh600288,大恒科技,2013-11-26,7.5,7.84,7.48,7.75,7.5,7894299.0,60645952.0,3385200000.0,3385200000.0
sh600288,大恒科技,2013-11-27,7.7,8.0,7.56,7.9,7.75,15049984.0,117847337.0,3450720000.0,3450720000.0
sh600288,大恒科技,2013-11-28,7.84,7.91,7.76,7.78,7.9,10140239.0,79364097.0,3398304000.0,3398304000.0
sh600288,大恒科技,2013-11-29,7.77,7.85,7.68,7.79,7.78,7264458.0,56353386.0,3402672000.0,3402672000.0
sh600288,大恒科技,2013-12-02,7.66,7.72,7.23,7.31,7.79,8273826.0,61811643.0,3193008000.0,3193008000.0
sh600288,大恒科技,2013-12-03,7.26,7.49,7.25,7.45,7.31,5167526.0,38145698.0,3254160000.0,3254160000.0
sh600288,大恒科技,2013-12-04,7.45,7.58,7.37,7.52,7.45,6262323.0,47120026.0,3284736000.0,3284736000.0
sh600288,大恒科技,2013-12-05,7.46,7.54,7.44,7.48,7.52,3593150.0,26903703.0,3267264000.0,3267264000.0
sh600288,大恒科技,2013-12-06,7.49,7.66,7.49,7.58,7.48,5045217.0,38302483.0,3310944000.0,3310944000.0
sh600288,大恒科技,2013-12-09,7.61,7.67,7.57,7.61,7.58,3712774.0,28296190.0,3324048000.0,3324048000.0
sh600288,大恒科技,2013-12-10,7.61,7.68,7.5,7.55,7.61,4567018.0,34556022.0,3297840000.0,3297840000.0
sh600288,大恒科技,2013-12-11,7.59,7.61,7.26,7.41,7.55,6082009.0,45252359.0,3236688000.0,3236688000.0
sh600288,大恒科技,2013-12-12,7.39,7.55,7.37,7.55,7.41,4436482.0,33118729.0,3297840000.0,3297840000.0
sh600288,大恒科技,2013-12-13,7.4,7.52,7.4,7.45,7.55,3255948.0,24291659.0,3254160000.0,3254160000.0
sh600288,大恒科技,2013-12-16,7.44,7.56,7.29,7.33,7.45,3804793.0,28268173.0,3201744000.0,3201744000.0
sh600288,大恒科技,2013-12-17,7.34,7.37,7.13,7.16,7.33,4675750.0,33709409.0,3127488000.0,3127488000.0
sh600288,大恒科技,2013-12-18,7.2,7.25,7.17,7.2,7.16,2210274.0,15919244.0,3144960000.0,3144960000.0
sh600288,大恒科技,2013-12-19,7.22,7.26,7.08,7.08,7.2,2709203.0,19440341.0,3092544000.0,3092544000.0
sh600288,大恒科技,2013-12-20,7.1,7.13,6.9,6.96,7.08,3416028.0,23902245.0,3040128000.0,3040128000.0
sh600288,大恒科技,2013-12-23,6.96,7.03,6.9,6.97,6.96,2092464.0,14589045.0,3044496000.0,3044496000.0
sh600288,大恒科技,2013-12-24,7.0,7.05,6.96,7.01,6.97,2094803.0,14666612.0,3061968000.0,3061968000.0
sh600288,大恒科技,2013-12-25,7.13,7.17,7.05,7.16,7.01,4344155.0,30954123.0,3127488000.0,3127488000.0
sh600288,大恒科技,2013-12-26,7.11,7.17,6.97,6.98,7.16,3508223.0,24786939.0,3048864000.0,3048864000.0
sh600288,大恒科技,2013-12-27,6.98,7.25,6.95,7.19,6.98,4232707.0,30241409.0,3140592000.0,3140592000.0
sh600288,大恒科技,2013-12-30,7.29,7.55,7.21,7.42,7.19,8561090.0,63202305.0,3241056000.0,3241056000.0
sh600288,大恒科技,2013-12-31,7.36,7.38,7.25,7.31,7.42,5116583.0,37417169.0,3193008000.0,3193008000.0
sh600288,大恒科技,2014-01-02,7.29,7.38,7.24,7.32,7.31,3650305.0,26738865.0,3197376000.0,3197376000.0
sh600288,大恒科技,2014-01-03,7.33,7.49,7.28,7.38,7.32,5457317.0,40233726.0,3223584000.0,3223584000.0
sh600288,大恒科技,2014-01-06,7.33,7.33,6.96,6.99,7.38,6646432.0,47045440.0,3053232000.0,3053232000.0
sh600288,大恒科技,2014-01-07,7.0,7.07,6.98,7.04,6.99,2118480.0,14891519.0,3075072000.0,3075072000.0
sh600288,大恒科技,2014-01-08,7.04,7.09,6.91,6.94,7.04,3832023.0,26757853.0,3031392000.0,3031392000.0
sh600288,大恒科技,2014-01-09,6.94,7.13,6.9,6.98,6.94,5672535.0,39944390.0,3048864000.0,3048864000.0
sh600288,大恒科技,2014-01-10,6.94,7.01,6.73,6.83,6.98,4460096.0,30646207.0,2983344000.0,2983344000.0
sh600288,大恒科技,2014-01-13,6.84,6.86,6.59,6.62,6.83,4219052.0,28182097.0,2891616000.0,2891616000.0
sh600288,大恒科技,2014-01-14,6.62,6.74,6.53,6.73,6.62,2668168.0,17812346.0,2939664000.0,2939664000.0
sh600288,大恒科技,2014-01-15,6.7,6.89,6.62,6.77,6.73,3788631.0,25735203.0,2957136000.0,2957136000.0
sh600288,大恒科技,2014-01-16,6.75,6.86,6.74,6.78,6.77,2307044.0,15703018.0,2961504000.0,2961504000.0
sh600288,大恒科技,2014-01-17,6.71,6.76,6.62,6.67,6.78,2550387.0,17015318.0,2913456000.0,2913456000.0
sh600288,大恒科技,2014-01-20,6.67,6.83,6.61,6.73,6.67,2407746.0,16194466.0,2939664000.0,2939664000.0
sh600288,大恒科技,2014-01-21,6.73,6.9,6.7,6.88,6.73,3775398.0,25847611.0,3005184000.0,3005184000.0
sh600288,大恒科技,2014-01-22,6.89,7.03,6.84,6.98,6.88,3865421.0,26928644.0,3048864000.0,3048864000.0
sh600288,大恒科技,2014-01-23,6.97,7.02,6.92,6.96,6.98,3431549.0,23930357.0,3040128000.0,3040128000.0
sh600288,大恒科技,2014-01-24,6.95,7.12,6.94,7.03,6.96,4589599.0,32293792.0,3070704000.0,3070704000.0
sh600288,大恒科技,2014-01-27,7.0,7.11,6.93,7.05,7.03,4844343.0,34031747.0,3079440000.0,3079440000.0
sh600288,大恒科技,2014-01-28,7.03,7.14,6.96,7.13,7.05,4534381.0,32039446.0,3114384000.0,3114384000.0
sh600288,大恒科技,2014-01-29,7.1,7.16,7.07,7.15,7.13,4469032.0,31811046.0,3123120000.0,3123120000.0
sh600288,大恒科技,2014-01-30,7.15,7.15,7.04,7.07,7.15,3001886.0,21245784.0,3088176000.0,3088176000.0
sh600288,大恒科技,2014-02-07,7.01,7.23,7.0,7.21,7.07,6608418.0,47267211.0,3149328000.0,3149328000.0
sh600288,大恒科技,2014-02-10,7.25,7.53,7.22,7.47,7.21,9380838.0,69434921.0,3262896000.0,3262896000.0
sh600288,大恒科技,2014-02-11,7.58,7.75,7.43,7.55,7.47,11494025.0,87145533.0,3297840000.0,3297840000.0
sh600288,大恒科技,2014-02-12,7.54,7.64,7.42,7.6,7.55,7420944.0,56062192.0,3319680000.0,3319680000.0
sh600288,大恒科技,2014-02-13,7.59,7.78,7.46,7.48,7.6,9149005.0,70012408.0,3267264000.0,3267264000.0
sh600288,大恒科技,2014-02-14,7.5,7.73,7.5,7.69,7.48,6386854.0,48789392.0,3358992000.0,3358992000.0
sh600288,大恒科技,2014-02-17,7.73,7.93,7.66,7.89,7.69,11816860.0,92790932.0,3446352000.0,3446352000.0
sh600288,大恒科技,2014-02-18,7.85,7.97,7.75,7.85,7.89,8559245.0,67194762.0,3428880000.0,3428880000.0
sh600288,大恒科技,2014-02-19,7.86,8.05,7.77,7.94,7.85,11270847.0,89368962.0,3468192000.0,3468192000.0
sh600288,大恒科技,2014-02-20,7.91,7.96,7.66,7.68,7.94,8936998.0,69399310.0,3354624000.0,3354624000.0
sh600288,大恒科技,2014-02-21,7.71,7.83,7.52,7.65,7.68,6950154.0,53424727.0,3341520000.0,3341520000.0
sh600288,大恒科技,2014-02-24,7.62,8.24,7.55,8.06,7.65,12682781.0,99720677.0,3520608000.0,3520608000.0
sh600288,大恒科技,2014-02-25,8.02,8.08,7.48,7.55,8.06,13338323.0,104489206.0,3297840000.0,3297840000.0
sh600288,大恒科技,2014-02-26,7.54,7.77,7.45,7.74,7.55,7895834.0,60191047.0,3380832000.0,3380832000.0
sh600288,大恒科技,2014-02-27,7.77,7.97,7.55,7.64,7.74,10278307.0,80183829.0,3337152000.0,3337152000.0
sh600288,大恒科技,2014-02-28,7.65,7.88,7.46,7.81,7.64,7669005.0,58935838.0,3411408000.0,3411408000.0
sh600288,大恒科技,2014-03-03,7.75,8.15,7.73,8.05,7.81,13571507.0,108822543.0,3516240000.0,3516240000.0
sh600288,大恒科技,2014-03-04,7.97,8.16,7.92,8.09,8.05,11902830.0,95893069.0,3533712000.0,3533712000.0
sh600288,大恒科技,2014-03-05,8.08,8.28,7.96,8.0,8.09,13326654.0,108415212.0,3494400000.0,3494400000.0
sh600288,大恒科技,2014-03-06,8.0,8.09,7.79,7.89,8.0,8323862.0,65782755.0,3446352000.0,3446352000.0
sh600288,大恒科技,2014-03-07,7.86,8.05,7.8,7.93,7.89,7675292.0,60868470.0,3463824000.0,3463824000.0
sh600288,大恒科技,2014-03-10,7.9,8.24,7.78,8.07,7.93,21801642.0,176415656.0,3524976000.0,3524976000.0
sh600288,大恒科技,2014-03-11,8.01,8.04,7.6,7.98,8.07,17214995.0,133957222.0,3485664000.0,3485664000.0
sh600288,大恒科技,2014-03-12,7.83,7.94,7.47,7.58,7.98,11286587.0,86982911.0,3310944000.0,3310944000.0
sh600288,大恒科技,2014-03-13,7.58,7.73,7.52,7.69,7.58,5138548.0,39366252.0,3358992000.0,3358992000.0
sh600288,大恒科技,2014-03-14,7.64,7.66,7.38,7.46,7.69,7478303.0,56098784.0,3258528000.0,3258528000.0
sh600288,大恒科技,2014-03-17,7.5,7.7,7.43,7.69,7.46,6347509.0,48120601.0,3358992000.0,3358992000.0
sh600288,大恒科技,2014-03-18,7.65,7.81,7.63,7.68,7.69,6112214.0,47168527.0,3354624000.0,3354624000.0
sh600288,大恒科技,2014-03-19,7.67,8.02,7.62,7.93,7.68,10862169.0,85542514.0,3463824000.0,3463824000.0
sh600288,大恒科技,2014-03-20,7.9,8.07,7.72,7.74,7.93,10684222.0,84513881.0,3380832000.0,3380832000.0
sh600288,大恒科技,2014-03-21,7.7,7.91,7.52,7.89,7.74,8708194.0,67096932.0,3446352000.0,3446352000.0
sh600288,大恒科技,2014-03-24,7.89,8.04,7.86,7.91,7.89,8791546.0,69907594.0,3455088000.0,3455088000.0
sh600288,大恒科技,2014-03-25,7.93,8.06,7.8,7.93,7.91,7891288.0,62613126.0,3463824000.0,3463824000.0
sh600288,大恒科技,2014-03-26,7.93,8.07,7.84,7.95,7.93,7799700.0,62096191.0,3472560000.0,3472560000.0
sh600288,大恒科技,2014-03-27,7.9,8.21,7.84,8.01,7.95,16804504.0,136176812.0,3498768000.0,3498768000.0
sh600288,大恒科技,2014-03-28,7.99,8.06,7.5,7.59,8.01,14966806.0,115937716.0,3315312000.0,3315312000.0
sh600288,大恒科技,2014-03-31,7.54,7.72,7.5,7.59,7.59,4567499.0,34753091.0,3315312000.0,3315312000.0
sh600288,大恒科技,2014-04-01,7.57,7.74,7.52,7.71,7.59,5173095.0,39646425.0,3367728000.0,3367728000.0
sh600288,大恒科技,2014-04-02,7.71,7.71,7.57,7.61,7.71,4256283.0,32478242.0,3324048000.0,3324048000.0
sh600288,大恒科技,2014-04-03,7.6,7.76,7.6,7.62,7.61,4755058.0,36493299.0,3328416000.0,3328416000.0
sh600288,大恒科技,2014-04-04,7.6,7.86,7.52,7.83,7.62,6679204.0,51617092.0,3420144000.0,3420144000.0
sh600288,大恒科技,2014-04-08,8.0,8.15,7.86,8.01,7.83,18488964.0,148444482.0,3498768000.0,3498768000.0
sh600288,大恒科技,2014-04-09,7.97,8.24,7.96,8.09,8.01,11866211.0,95889046.0,3533712000.0,3533712000.0
sh600288,大恒科技,2014-04-10,8.05,8.13,7.95,8.12,8.09,10549226.0,84788245.0,3546816000.0,3546816000.0
sh600288,大恒科技,2014-04-11,8.04,8.1,7.94,8.08,8.12,7386489.0,59285088.0,3529344000.0,3529344000.0
sh600288,大恒科技,2014-04-14,8.06,8.35,8.02,8.2,8.08,15741240.0,129284169.0,3581760000.0,3581760000.0
sh600288,大恒科技,2014-04-15,8.03,8.06,7.88,7.99,8.2,15404752.0,123118956.0,3490032000.0,3490032000.0
sh600288,大恒科技,2014-04-16,7.93,8.04,7.93,8.02,7.99,4714600.0,37720216.0,3503136000.0,3503136000.0
sh600288,大恒科技,2014-04-17,8.01,8.32,7.94,8.22,8.02,16870778.0,137942272.0,3590496000.0,3590496000.0
sh600288,大恒科技,2014-04-18,8.21,8.31,8.15,8.26,8.22,9725872.0,80082217.0,3607968000.0,3607968000.0
sh600288,大恒科技,2014-04-21,8.16,8.25,7.97,7.99,8.26,8640710.0,70114201.0,3490032000.0,3490032000.0
sh600288,大恒科技,2014-04-22,7.92,8.11,7.78,7.99,7.99,8311087.0,65933591.0,3490032000.0,3490032000.0
sh600288,大恒科技,2014-04-23,7.91,8.05,7.8,7.93,7.99,6558865.0,51812318.0,3463824000.0,3463824000.0
sh600288,大恒科技,2014-04-24,7.92,7.92,7.7,7.71,7.93,5271015.0,41169759.0,3367728000.0,3367728000.0
sh600288,大恒科技,2014-04-25,7.73,7.83,7.56,7.6,7.71,5560924.0,42698548.0,3319680000.0,3319680000.0
sh600288,大恒科技,2014-04-28,7.59,7.71,7.18,7.24,7.6,6081505.0,45309474.0,3162432000.0,3162432000.0
sh600288,大恒科技,2014-04-29,7.24,7.35,7.17,7.33,7.24,3787031.0,27570455.0,3201744000.0,3201744000.0
sh600288,大恒科技,2014-04-30,7.32,7.44,7.29,7.32,7.33,2663327.0,19575834.0,3197376000.0,3197376000.0
sh600288,大恒科技,2014-05-05,7.3,7.45,7.25,7.43,7.32,2926335.0,21530538.0,3245424000.0,3245424000.0
sh600288,大恒科技,2014-05-06,7.44,7.55,7.43,7.51,7.43,2868555.0,21517523.0,3280368000.0,3280368000.0
sh600288,大恒科技,2014-05-07,7.45,7.54,7.36,7.38,7.51,3048704.0,22738473.0,3223584000.0,3223584000.0
sh600288,大恒科技,2014-05-08,7.45,7.52,7.25,7.42,7.38,3427287.0,25454478.0,3241056000.0,3241056000.0
sh600288,大恒科技,2014-05-09,7.43,7.5,7.29,7.33,7.42,1968870.0,14490941.0,3201744000.0,3201744000.0
sh600288,大恒科技,2014-05-12,7.4,7.52,7.36,7.51,7.33,4017214.0,29993759.0,3280368000.0,3280368000.0
sh600288,大恒科技,2014-05-13,7.51,8.02,7.48,7.9,7.51,15781465.0,123181715.0,3450720000.0,3450720000.0
sh600288,大恒科技,2014-05-14,7.82,7.97,7.73,7.94,7.9,10415588.0,81819430.0,3468192000.0,3468192000.0
sh600288,大恒科技,2014-05-15,7.9,7.96,7.66,7.92,7.94,12433362.0,97408016.0,3459456000.0,3459456000.0
sh600288,大恒科技,2014-05-16,7.81,7.95,7.69,7.7,7.92,8701857.0,67875201.0,3363360000.0,3363360000.0
sh600288,大恒科技,2014-05-19,7.67,7.67,7.53,7.58,7.7,4855299.0,36800088.0,3310944000.0,3310944000.0
sh600288,大恒科技,2014-05-20,7.63,7.75,7.58,7.62,7.58,4176488.0,31987749.0,3328416000.0,3328416000.0
sh600288,大恒科技,2014-05-21,7.6,7.7,7.53,7.7,7.62,3230597.0,24626813.0,3363360000.0,3363360000.0
sh600288,大恒科技,2014-05-22,7.69,7.77,7.6,7.61,7.7,3825034.0,29455083.0,3324048000.0,3324048000.0
sh600288,大恒科技,2014-05-23,7.69,7.74,7.58,7.73,7.61,2820059.0,21604518.0,3376464000.0,3376464000.0
sh600288,大恒科技,2014-05-26,7.76,7.85,7.72,7.83,7.73,4244218.0,33128040.0,3420144000.0,3420144000.0
sh600288,大恒科技,2014-05-27,7.83,7.92,7.77,7.84,7.83,5194094.0,40674524.0,3424512000.0,3424512000.0
sh600288,大恒科技,2014-05-28,7.84,8.05,7.82,8.0,7.84,8962265.0,71351944.0,3494400000.0,3494400000.0
sh600288,大恒科技,2014-05-29,8.0,8.03,7.87,7.89,8.0,6227946.0,49379487.0,3446352000.0,3446352000.0
sh600288,大恒科技,2014-05-30,7.88,8.02,7.81,7.98,7.89,5019022.0,39939652.0,3485664000.0,3485664000.0
sh600288,大恒科技,2014-06-03,8.0,8.01,7.8,7.81,7.98,4255941.0,33599628.0,3411408000.0,3411408000.0
sh600288,大恒科技,2014-06-04,7.82,7.89,7.66,7.83,7.81,4479190.0,34721481.0,3420144000.0,3420144000.0
sh600288,大恒科技,2014-06-05,7.83,7.95,7.75,7.94,7.83,3640302.0,28688438.0,3468192000.0,3468192000.0
sh600288,大恒科技,2014-06-06,7.94,8.09,7.89,7.98,7.94,8064288.0,64554022.0,3485664000.0,3485664000.0
sh600288,大恒科技,2014-06-09,7.98,8.16,7.96,8.02,7.98,7704171.0,62191974.0,3503136000.0,3503136000.0
sh600288,大恒科技,2014-06-10,8.01,8.1,7.85,8.06,8.02,6830653.0,54728778.0,3520608000.0,3520608000.0
sh600288,大恒科技,2014-06-11,8.06,8.18,8.02,8.15,8.06,6532192.0,52995741.0,3559920000.0,3559920000.0
sh600288,大恒科技,2014-06-12,8.15,8.15,8.0,8.07,8.15,6823358.0,55071942.0,3524976000.0,3524976000.0
sh600288,大恒科技,2014-06-13,8.08,8.33,8.04,8.26,8.07,14383964.0,118787905.0,3607968000.0,3607968000.0
sh600288,大恒科技,2014-06-16,8.28,8.34,8.21,8.29,8.26,8188583.0,67704591.0,3621072000.0,3621072000.0
sh600288,大恒科技,2014-06-17,8.21,8.21,7.96,8.05,8.29,11548224.0,93352046.0,3516240000.0,3516240000.0
sh600288,大恒科技,2014-06-18,8.02,8.1,7.98,8.05,8.05,5431503.0,43690001.0,3516240000.0,3516240000.0
sh600288,大恒科技,2014-06-19,8.26,8.48,7.77,7.86,8.05,14408779.0,117642271.0,3433248000.0,3433248000.0
sh600288,大恒科技,2014-06-20,7.8,7.88,7.61,7.83,7.86,7134638.0,55442685.0,3420144000.0,3420144000.0
sh600288,大恒科技,2014-06-23,7.83,7.97,7.79,7.91,7.83,6610976.0,52231338.0,3455088000.0,3455088000.0
sh600288,大恒科技,2014-06-24,7.9,7.94,7.85,7.93,7.91,4752296.0,37515925.0,3463824000.0,3463824000.0
sh600288,大恒科技,2014-06-25,8.06,8.24,7.96,8.18,7.93,13883711.0,112639419.0,3573024000.0,3573024000.0
sh600288,大恒科技,2014-06-26,8.09,8.28,8.09,8.23,8.18,12561015.0,103040051.0,3594864000.0,3594864000.0
sh600288,大恒科技,2014-06-27,8.24,8.33,8.14,8.27,8.23,10518935.0,86950957.0,3612336000.0,3612336000.0
sh600288,大恒科技,2014-06-30,8.2,8.38,8.17,8.35,8.27,8464625.0,70092891.0,3647280000.0,3647280000.0
sh600288,大恒科技,2014-07-01,8.32,8.38,8.22,8.33,8.35,7234898.0,59963435.0,3638544000.0,3638544000.0
sh600288,大恒科技,2014-07-02,8.35,8.35,8.16,8.26,8.33,8724666.0,71898966.0,3607968000.0,3607968000.0
sh600288,大恒科技,2014-07-03,8.32,8.47,8.29,8.37,8.26,13252612.0,111077045.0,3656016000.0,3656016000.0
sh600288,大恒科技,2014-07-04,8.35,8.37,8.2,8.26,8.37,8677344.0,71664379.0,3607968000.0,3607968000.0
sh600288,大恒科技,2014-07-07,8.26,8.59,8.21,8.52,8.26,18021596.0,152120398.0,3721536000.0,3721536000.0
sh600288,大恒科技,2014-07-08,8.5,8.55,8.38,8.49,8.52,11279787.0,95314198.0,3708432000.0,3708432000.0
sh600288,大恒科技,2014-07-09,8.46,8.5,8.13,8.15,8.49,12833978.0,106642331.0,3559920000.0,3559920000.0
sh600288,大恒科技,2014-07-10,8.15,8.28,8.05,8.18,8.15,7883906.0,64439147.0,3573024000.0,3573024000.0
sh600288,大恒科技,2014-07-11,8.36,9.0,8.31,9.0,8.18,13751188.0,121671215.0,3931200000.0,3931200000.0
sh600288,大恒科技,2014-07-14,9.77,9.9,9.51,9.89,9.0,98671402.0,968618288.0,4319952000.0,4319952000.0
sh600288,大恒科技,2014-07-15,9.6,9.93,9.43,9.85,9.89,59311677.0,576189675.0,4302480000.0,4302480000.0
sh600288,大恒科技,2014-07-16,9.7,10.05,9.45,9.64,9.85,47807381.0,466309118.0,4210752000.0,4210752000.0
sh600288,大恒科技,2014-07-17,9.36,9.76,9.01,9.25,9.64,40138105.0,377805802.0,4040400000.0,4040400000.0
sh600288,大恒科技,2014-07-18,9.21,9.78,9.1,9.54,9.25,39014578.0,368515815.0,4167072000.0,4167072000.0
sh600288,大恒科技,2014-07-21,9.39,9.48,9.17,9.19,9.54,21411709.0,199749482.0,4014192000.0,4014192000.0
sh600288,大恒科技,2014-07-22,9.1,9.64,9.06,9.42,9.19,26678918.0,249640737.0,4114656000.0,4114656000.0
sh600288,大恒科技,2014-07-23,9.37,9.68,9.19,9.24,9.42,20523865.0,193139231.0,4036032000.0,4036032000.0
sh600288,大恒科技,2014-07-24,9.15,9.31,8.97,9.22,9.24,16800627.0,153546980.0,4027296000.0,4027296000.0
sh600288,大恒科技,2014-07-25,9.12,9.5,9.12,9.26,9.22,17392716.0,162029554.0,4044768000.0,4044768000.0
sh600288,大恒科技,2014-07-28,9.38,9.59,9.14,9.46,9.26,21552026.0,202443933.0,4132128000.0,4132128000.0
sh600288,大恒科技,2014-07-29,9.4,9.73,9.33,9.61,9.46,29969526.0,285940985.0,4197648000.0,4197648000.0
sh600288,大恒科技,2014-07-30,9.51,9.66,9.39,9.43,9.61,17877852.0,169603460.0,4119024000.0,4119024000.0
sh600288,大恒科技,2014-07-31,9.38,9.55,9.32,9.47,9.43,15374262.0,145069605.0,4136496000.0,4136496000.0
sh600288,大恒科技,2014-08-01,9.43,9.43,8.98,9.01,9.47,22256761.0,205286251.0,3935568000.0,3935568000.0
sh600288,大恒科技,2014-08-04,9.03,9.16,9.01,9.15,9.01,13632383.0,123854841.0,3996720000.0,3996720000.0
sh600288,大恒科技,2014-08-05,9.15,9.42,9.11,9.39,9.15,16638637.0,154806997.0,4101552000.0,4101552000.0
sh600288,大恒科技,2014-08-06,9.33,9.34,9.15,9.28,9.39,11328116.0,104622431.0,4053504000.0,4053504000.0
sh600288,大恒科技,2014-08-07,9.27,9.59,9.2,9.38,9.28,16795823.0,158169296.0,4097184000.0,4097184000.0
sh600288,XD大恒科,2014-08-08,9.33,9.39,9.27,9.35,9.35,7580232.0,70790312.0,4084080000.0,4084080000.0
sh600288,大恒科技,2014-08-11,9.39,9.64,9.36,9.53,9.35,17860866.0,170259448.0,4162704000.0,4162704000.0
sh600288,大恒科技,2014-08-12,9.5,9.79,9.41,9.69,9.53,19967462.0,192038147.0,4232592000.0,4232592000.0
sh600288,大恒科技,2014-08-13,9.64,9.74,9.42,9.62,9.69,14384026.0,137814644.0,4202016000.0,4202016000.0
sh600288,大恒科技,2014-08-14,9.53,9.6,9.32,9.38,9.62,13248484.0,125767171.0,4097184000.0,4097184000.0
sh600288,大恒科技,2014-08-15,9.35,10.32,9.35,10.32,9.38,33162906.0,338461821.0,4507776000.0,4507776000.0
sh600288,大恒科技,2014-08-18,10.73,11.29,10.6,11.06,10.32,68507830.0,746689376.0,4831008000.0,4831008000.0
sh600288,大恒科技,2014-08-19,10.9,10.92,10.46,10.55,11.06,42602957.0,455480654.0,4608240000.0,4608240000.0
sh600288,大恒科技,2014-08-20,10.51,10.79,10.44,10.53,10.55,23565460.0,250040555.0,4599504000.0,4599504000.0
sh600288,大恒科技,2014-08-21,10.48,10.6,10.21,10.37,10.53,22478686.0,231941463.0,4529616000.0,4529616000.0
sh600288,大恒科技,2014-08-22,10.39,10.58,10.25,10.4,10.37,18880829.0,196837219.0,4542720000.0,4542720000.0
sh600288,大恒科技,2014-08-25,10.37,10.39,10.09,10.2,10.4,13832462.0,141348003.0,4455360000.0,4455360000.0
sh600288,大恒科技,2014-08-26,10.18,10.69,10.14,10.44,10.2,24951118.0,260536194.0,4560192000.0,4560192000.0
sh600288,大恒科技,2014-08-27,10.36,10.57,10.22,10.4,10.44,14560389.0,151647569.0,4542720000.0,4542720000.0
sh600288,大恒科技,2014-08-28,10.4,10.83,10.34,10.4,10.4,19627848.0,207904079.0,4542720000.0,4542720000.0
sh600288,大恒科技,2014-08-29,10.4,10.97,10.38,10.78,10.4,28948419.0,311525984.0,4708704000.0,4708704000.0
sh600288,大恒科技,2014-09-01,10.62,10.95,10.6,10.83,10.78,21099955.0,226787924.0,4730544000.0,4730544000.0
sh600288,大恒科技,2014-09-02,10.75,10.93,10.61,10.88,10.83,23786354.0,256209372.0,4752384000.0,4752384000.0
sh600288,大恒科技,2014-09-03,10.81,11.17,10.75,11.02,10.88,30174993.0,330751992.0,4813536000.0,4813536000.0
sh600288,大恒科技,2014-09-04,11.06,11.09,10.72,10.84,11.02,21537243.0,233818604.0,4734912000.0,4734912000.0
sh600288,大恒科技,2014-09-05,10.83,10.88,10.69,10.77,10.84,13502078.0,145431999.0,4704336000.0,4704336000.0
sh600288,大恒科技,2014-09-09,11.05,11.2,10.7,10.73,10.77,21238580.0,229977560.0,4686864000.0,4686864000.0
sh600288,大恒科技,2014-09-10,10.6,10.65,10.45,10.56,10.73,19908471.0,209929695.0,4612608000.0,4612608000.0
sh600288,大恒科技,2014-09-11,10.5,10.73,10.46,10.56,10.56,15418554.0,163316607.0,4612608000.0,4612608000.0
sh600288,大恒科技,2014-09-12,10.52,10.8,10.5,10.71,10.56,10418743.0,111220162.0,4678128000.0,4678128000.0
sh600288,大恒科技,2014-09-15,10.71,10.94,10.58,10.85,10.71,16159877.0,174902409.0,4739280000.0,4739280000.0
sh600288,大恒科技,2014-09-16,10.8,10.86,10.18,10.24,10.85,19013668.0,199660155.0,4472832000.0,4472832000.0
sh600288,大恒科技,2014-09-17,10.21,10.42,10.14,10.41,10.24,8179216.0,84241925.0,4547088000.0,4547088000.0
sh600288,大恒科技,2014-09-18,10.4,10.49,10.12,10.22,10.41,12433814.0,127834647.0,4464096000.0,4464096000.0
sh600288,大恒科技,2014-09-19,10.18,10.28,10.08,10.24,10.22,9490181.0,96648154.0,4472832000.0,4472832000.0
sh600288,大恒科技,2014-09-22,10.23,10.23,9.94,10.0,10.24,8556594.0,85988715.0,4368000000.0,4368000000.0
sh600288,大恒科技,2014-09-23,10.0,10.29,9.99,10.28,10.0,7872454.0,79950743.0,4490304000.0,4490304000.0
sh600288,大恒科技,2014-09-24,10.28,10.46,10.24,10.38,10.28,9548974.0,99134422.0,4533984000.0,4533984000.0
sh600288,大恒科技,2014-09-25,10.37,10.83,10.32,10.65,10.38,18659417.0,196944120.0,4651920000.0,4651920000.0
sh600288,大恒科技,2014-09-26,10.59,10.69,10.5,10.55,10.65,8378432.0,88607386.0,4608240000.0,4608240000.0
sh600288,大恒科技,2014-09-29,10.61,10.75,10.52,10.65,10.55,10161754.0,108095662.0,4651920000.0,4651920000.0
sh600288,大恒科技,2014-09-30,10.7,10.73,10.5,10.51,10.65,9113368.0,96477292.0,4590768000.0,4590768000.0
sh600288,大恒科技,2014-10-08,10.55,10.91,10.53,10.88,10.51,16411839.0,176962276.0,4752384000.0,4752384000.0
sh600288,大恒科技,2014-10-09,10.85,10.97,10.67,10.86,10.88,13718160.0,148456550.0,4743648000.0,4743648000.0
sh600288,大恒科技,2014-10-10,10.87,10.98,10.66,10.7,10.86,14685729.0,159024191.0,4673760000.0,4673760000.0
sh600288,大恒科技,2014-10-13,10.7,10.7,10.39,10.59,10.7,10090047.0,106489985.0,4625712000.0,4625712000.0
sh600288,大恒科技,2014-10-14,10.61,11.33,10.61,11.1,10.59,27503546.0,303235479.0,4848480000.0,4848480000.0
sh600288,大恒科技,2014-10-15,10.99,11.65,10.95,11.33,11.1,31147658.0,353075256.0,4948944000.0,4948944000.0
sh600288,大恒科技,2014-10-16,11.35,11.76,11.02,11.04,11.33,23372252.0,267678927.0,4822272000.0,4822272000.0
sh600288,大恒科技,2014-10-17,10.8,11.01,10.39,10.71,11.04,18259364.0,195117437.0,4678128000.0,4678128000.0
sh600288,大恒科技,2014-10-20,10.63,10.89,10.63,10.86,10.71,7320562.0,79065900.0,4743648000.0,4743648000.0
sh600288,大恒科技,2014-10-21,10.86,10.97,10.48,10.49,10.86,12167249.0,129963084.0,4582032000.0,4582032000.0
sh600288,大恒科技,2014-10-22,10.5,10.68,10.31,10.4,10.49,8847165.0,92914580.0,4542720000.0,4542720000.0
sh600288,大恒科技,2014-10-23,10.4,10.5,10.21,10.3,10.4,7186185.0,74458013.0,4499040000.0,4499040000.0
sh600288,大恒科技,2015-01-16,11.33,11.33,11.33,11.33,10.3,934171.0,10584157.0,4948944000.0,4948944000.0
sh600288,大恒科技,2015-01-19,12.46,12.46,12.46,12.46,11.33,1335894.0,16645239.0,5442528000.0,5442528000.0
sh600288,大恒科技,2015-01-20,13.71,13.71,13.71,13.71,12.46,1058619.0,14513666.0,5988528000.0,5988528000.0
sh600288,大恒科技,2015-01-21,15.08,15.08,15.08,15.08,13.71,1276472.0,19249198.0,6586944000.0,6586944000.0
sh600288,大恒科技,2015-01-22,16.59,16.59,16.59,16.59,15.08,1514589.0,25127032.0,7246512000.0,7246512000.0
sh600288,大恒科技,2015-01-23,18.25,18.25,16.63,16.84,16.59,104542500.0,1819545239.0,7355712000.0,7355712000.0
sh600288,大恒科技,2015-01-26,16.77,17.31,16.22,16.98,16.84,45525407.0,768792151.0,7416864000.0,7416864000.0
sh600288,大恒科技,2015-01-27,17.3,17.8,17.0,17.23,16.98,30967095.0,536202543.0,7526064000.0,7526064000.0
sh600288,大恒科技,2015-01-28,16.9,17.23,16.5,16.72,17.23,24063995.0,406039885.0,7303296000.0,7303296000.0
sh600288,大恒科技,2015-01-29,16.6,17.33,16.6,16.93,16.72,18877376.0,321354891.0,7395024000.0,7395024000.0
sh600288,大恒科技,2015-01-30,17.03,17.73,16.8,17.12,16.93,25027324.0,433836330.0,7478016000.0,7478016000.0
sh600288,大恒科技,2015-02-02,16.73,17.68,16.52,17.65,17.12,25469975.0,442284276.0,7709520000.0,7709520000.0
sh600288,大恒科技,2015-02-03,17.55,19.34,17.4,18.61,17.65,45547704.0,838545883.0,8128848000.0,8128848000.0
sh600288,大恒科技,2015-02-04,18.58,18.59,17.1,17.35,18.61,41156801.0,735014005.0,7578480000.0,7578480000.0
sh600288,大恒科技,2015-02-05,17.35,17.64,16.7,16.77,17.35,24216627.0,412731154.0,7325136000.0,7325136000.0
sh600288,大恒科技,2015-02-06,16.66,17.3,16.52,17.05,16.77,19308603.0,328482476.0,7447440000.0,7447440000.0
sh600288,大恒科技,2015-02-09,17.08,17.08,15.72,15.82,17.05,16681505.0,273186599.0,6910176000.0,6910176000.0
sh600288,大恒科技,2015-02-10,15.85,16.34,15.62,16.32,15.82,8713493.0,139461478.0,7128576000.0,7128576000.0
sh600288,大恒科技,2015-02-11,16.47,16.85,16.38,16.5,16.32,9113453.0,151358283.0,7207200000.0,7207200000.0
sh600288,大恒科技,2015-02-12,16.52,16.56,16.0,16.27,16.5,10559658.0,171464763.0,7106736000.0,7106736000.0
sh600288,大恒科技,2015-02-13,16.31,16.59,16.24,16.37,16.27,12011913.0,196879921.0,7150416000.0,7150416000.0
sh600288,大恒科技,2015-02-16,16.38,16.83,16.3,16.49,16.37,17513409.0,290035734.0,7202832000.0,7202832000.0
sh600288,大恒科技,2015-02-17,16.4,16.6,16.34,16.4,16.49,8719216.0,143363543.0,7163520000.0,7163520000.0
sh600288,大恒科技,2015-02-25,16.57,16.9,16.35,16.83,16.4,16995423.0,283856007.0,7351344000.0,7351344000.0
sh600288,大恒科技,2015-02-26,16.8,16.83,16.51,16.68,16.83,9839445.0,163833681.0,7285824000.0,7285824000.0
sh600288,大恒科技,2015-02-27,16.7,17.09,16.65,16.83,16.68,13619408.0,229264655.0,7351344000.0,7351344000.0
sh600288,大恒科技,2015-03-02,16.8,17.65,16.7,17.37,16.83,29810957.0,517166208.0,7587216000.0,7587216000.0
sh600288,大恒科技,2015-03-03,17.3,17.75,17.02,17.13,17.37,19660199.0,340932738.0,7482384000.0,7482384000.0
sh600288,大恒科技,2015-03-04,17.08,17.32,17.07,17.17,17.13,12310308.0,211398427.0,7499856000.0,7499856000.0
sh600288,大恒科技,2015-03-05,17.2,18.27,17.12,17.83,17.17,25908639.0,459853200.0,7788144000.0,7788144000.0
sh600288,大恒科技,2015-03-06,18.25,19.61,18.02,19.61,17.83,47534019.0,916545379.0,8565648000.0,8565648000.0
sh600288,大恒科技,2015-03-09,19.62,20.2,19.14,19.65,19.61,37178322.0,732795653.0,8583120000.0,8583120000.0
sh600288,大恒科技,2015-03-10,19.8,20.34,19.17,19.29,19.65,26669255.0,522693565.0,8425872000.0,8425872000.0
sh600288,大恒科技,2015-03-11,19.29,19.46,18.18,18.34,19.29,29771916.0,554337308.0,8010912000.0,8010912000.0
sh600288,大恒科技,2015-03-12,18.19,18.59,17.89,18.32,18.34,16129637.0,293877871.0,8002176000.0,8002176000.0
sh600288,大恒科技,2015-03-13,18.31,18.39,18.03,18.13,18.32,12890015.0,233960709.0,7919184000.0,7919184000.0
sh600288,大恒科技,2015-03-16,18.16,18.68,18.15,18.58,18.13,22022711.0,407152572.0,8115744000.0,8115744000.0
sh600288,大恒科技,2015-03-17,18.64,19.14,18.42,18.91,18.58,24684503.0,465083513.0,8259888000.0,8259888000.0
sh600288,大恒科技,2015-03-18,18.87,20.27,18.66,20.21,18.91,29305345.0,577063406.0,8827728000.0,8827728000.0
sh600288,大恒科技,2015-03-19,20.26,20.36,19.6,19.74,20.21,24717631.0,491115824.0,8622432000.0,8622432000.0
sh600288,大恒科技,2015-03-20,19.78,20.7,19.6,20.67,19.74,25818390.0,521046216.0,9028656000.0,9028656000.0
sh600288,大恒科技,2015-03-23,20.98,21.19,20.38,20.75,20.67,23490513.0,485017407.0,9063600000.0,9063600000.0
sh600288,大恒科技,2015-03-24,20.75,20.8,19.53,20.11,20.75,28509271.0,572582877.0,8784048000.0,8784048000.0
sh600288,大恒科技,2015-03-25,20.1,22.12,19.81,22.12,20.11,41158482.0,894043872.0,9662016000.0,9662016000.0
sh600288,大恒科技,2015-03-26,22.3,22.49,21.35,21.68,22.12,30701516.0,672685425.0,9469824000.0,9469824000.0
sh600288,大恒科技,2015-03-27,20.85,21.49,20.38,21.16,21.68,23249540.0,486498087.0,9242688000.0,9242688000.0
sh600288,大恒科技,2015-03-30,20.95,21.98,20.71,21.64,21.16,18849976.0,402759770.0,9452352000.0,9452352000.0
sh600288,大恒科技,2015-03-31,21.73,22.8,21.6,21.88,21.64,21619877.0,478870479.0,9557184000.0,9557184000.0
sh600288,大恒科技,2015-04-01,21.61,22.1,21.55,21.83,21.88,13855076.0,303053645.0,9535344000.0,9535344000.0
sh600288,大恒科技,2015-04-02,21.88,23.55,21.6,23.17,21.83,27730494.0,630794788.0,10120656000.0,10120656000.0
sh600288,大恒科技,2015-04-03,22.79,23.5,22.6,23.23,23.17,20047404.0,463939531.0,10146864000.0,10146864000.0
sh600288,大恒科技,2015-04-07,23.33,25.55,23.02,25.44,23.23,27318501.0,675446920.0,11112192000.0,11112192000.0
sh600288,大恒科技,2015-04-08,25.44,27.98,25.13,27.98,25.44,35337503.0,957300282.0,12221664000.0,12221664000.0
sh600288,大恒科技,2015-04-09,28.1,30.76,28.08,29.91,27.98,36991004.0,1097718679.0,13064688000.0,13064688000.0
sh600288,大恒科技,2015-04-10,29.91,32.9,28.5,32.9,29.91,34730909.0,1070970804.0,14370720000.0,14370720000.0
sh600288,大恒科技,2015-04-13,34.47,36.19,33.8,36.19,32.9,38181483.0,1357247235.0,15807792000.0,15807792000.0
sh600288,大恒科技,2015-04-14,36.35,38.72,32.99,33.83,36.19,50488832.0,1793029755.0,14776944000.0,14776944000.0
sh600288,大恒科技,2015-04-15,32.05,32.35,30.45,30.45,33.83,30117485.0,936164124.0,13300560000.0,13300560000.0
sh600288,大恒科技,2015-04-16,28.0,29.98,28.0,29.47,30.45,38859391.0,1126507620.0,12872496000.0,12872496000.0
sh600288,大恒科技,2015-04-17,29.47,30.5,28.59,28.64,29.47,28455221.0,839017225.0,12509952000.0,12509952000.0
sh600288,大恒科技,2015-04-20,28.35,30.0,27.36,29.5,28.64,37243440.0,1055578742.0,12885600000.0,12885600000.0
sh600288,大恒科技,2015-04-21,28.89,30.81,28.88,30.41,29.5,26004502.0,779981864.0,13283088000.0,13283088000.0
sh600288,大恒科技,2015-04-22,30.21,31.65,29.9,30.48,30.41,25992630.0,796403249.0,13313664000.0,13313664000.0
sh600288,大恒科技,2015-04-23,30.48,30.49,29.34,29.52,30.48,21178221.0,632339133.0,12894336000.0,12894336000.0
sh600288,大恒科技,2015-04-24,29.0,29.55,28.74,28.84,29.52,15770677.0,457162145.0,12597312000.0,12597312000.0
sh600288,大恒科技,2015-04-27,28.77,29.82,28.73,29.07,28.84,14097125.0,413329519.0,12697776000.0,12697776000.0
sh600288,大恒科技,2015-04-28,29.26,29.67,27.17,27.22,29.07,21432677.0,608815530.0,11889696000.0,11889696000.0
sh600288,大恒科技,2015-04-29,27.15,28.56,27.12,28.03,27.22,13544436.0,379269959.0,12243504000.0,12243504000.0
sh600288,大恒科技,2015-04-30,28.17,29.25,27.71,28.43,28.03,14638613.0,417929754.0,12418224000.0,12418224000.0
sh600288,大恒科技,2015-05-04,28.86,29.26,28.3,28.99,28.43,13647148.0,394249875.0,12662832000.0,12662832000.0
sh600288,大恒科技,2015-05-05,28.99,29.78,28.48,28.86,28.99,16694636.0,487337018.0,12606048000.0,12606048000.0
sh600288,大恒科技,2015-05-06,28.9,29.3,27.83,27.97,28.86,11986190.0,342964925.0,12217296000.0,12217296000.0
sh600288,大恒科技,2015-05-07,26.99,27.74,25.2,25.35,27.97,18798027.0,493438023.0,11072880000.0,11072880000.0
sh600288,XD大恒科,2015-05-08,25.96,26.32,25.59,26.14,25.33,11467323.0,297673608.0,11417952000.0,11417952000.0
sh600288,大恒科技,2015-05-11,26.42,28.75,26.15,28.75,26.14,15847890.0,435672680.0,12558000000.0,12558000000.0
sh600288,大恒科技,2015-05-12,29.38,31.59,29.37,31.06,28.75,34224524.0,1050584268.0,13567008000.0,13567008000.0
sh600288,大恒科技,2015-05-13,30.5,31.46,29.51,30.67,31.06,20371475.0,621088018.0,13396656000.0,13396656000.0
sh600288,大恒科技,2015-05-14,30.67,32.66,30.58,31.8,30.67,25466776.0,807619739.0,13890240000.0,13890240000.0
sh600288,大恒科技,2015-05-15,31.75,31.77,29.78,30.35,31.8,18404719.0,562452424.0,13256880000.0,13256880000.0
sh600288,大恒科技,2015-05-18,29.87,31.2,29.66,30.5,30.35,14003363.0,426738902.0,13322400000.0,13322400000.0
sh600288,大恒科技,2015-05-19,30.52,31.67,30.51,31.49,30.5,16519316.0,515160664.0,13754832000.0,13754832000.0
sh600288,大恒科技,2015-05-20,31.66,34.64,31.66,33.99,31.49,26962501.0,911561928.0,14846832000.0,14846832000.0
sh600288,大恒科技,2015-05-21,34.0,35.52,33.0,34.48,33.99,24496517.0,848010354.0,15060864000.0,15060864000.0
sh600288,大恒科技,2015-05-22,34.71,35.4,33.34,33.99,34.48,22270904.0,757459968.0,14846832000.0,14846832000.0
sh600288,大恒科技,2015-05-25,33.2,33.96,31.9,33.87,33.99,21127348.0,703070876.0,14794416000.0,14794416000.0
sh600288,大恒科技,2015-05-26,34.01,36.0,33.99,35.97,33.87,26803278.0,933283719.0,15711696000.0,15711696000.0
sh600288,大恒科技,2015-05-27,35.97,36.27,34.54,34.79,35.97,21598596.0,758032703.0,15196272000.0,15196272000.0
sh600288,大恒科技,2015-05-28,34.83,35.0,31.31,31.31,34.79,24407491.0,806738928.0,13676208000.0,13676208000.0
sh600288,大恒科技,2015-05-29,31.02,32.26,29.3,30.72,31.31,19446545.0,600829234.0,13418496000.0,13418496000.0
sh600288,大恒科技,2015-06-01,30.5,32.26,30.38,32.13,30.72,14289778.0,452733992.0,14034384000.0,14034384000.0
sh600288,大恒科技,2015-06-02,32.13,33.95,32.13,33.9,32.13,18075311.0,599260199.0,14807520000.0,14807520000.0
sh600288,大恒科技,2015-06-03,33.88,33.88,32.33,32.88,33.9,14891029.0,490513733.0,14361984000.0,14361984000.0
sh600288,大恒科技,2015-06-04,33.0,33.85,30.65,33.32,32.88,16627849.0,540554288.0,14554176000.0,14554176000.0
sh600288,大恒科技,2015-06-05,33.3,34.79,33.1,33.96,33.32,24224290.0,823041294.0,14833728000.0,14833728000.0
sh600288,大恒科技,2015-06-08,34.01,34.3,32.78,33.28,33.96,17340256.0,581491846.0,14536704000.0,14536704000.0
sh600288,大恒科技,2015-06-09,33.48,34.98,33.0,34.25,33.28,20784921.0,710058675.0,14960400000.0,14960400000.0
sh600288,大恒科技,2015-06-10,34.1,35.11,32.9,34.52,34.25,21474418.0,737134667.0,15078336000.0,15078336000.0
sh600288,大恒科技,2015-06-11,34.69,37.97,34.68,37.97,34.52,27526415.0,1019442157.0,16585296000.0,16585296000.0
sh600288,大恒科技,2015-06-12,39.61,39.79,37.01,37.22,37.97,32522097.0,1241761891.0,16257696000.0,16257696000.0
sh600288,大恒科技,2015-06-15,37.0,38.25,36.48,36.69,37.22,17667699.0,660024752.0,16026192000.0,16026192000.0
sh600288,大恒科技,2015-06-16,35.76,36.0,33.02,33.42,36.69,20205216.0,694095013.0,14597856000.0,14597856000.0
sh600288,大恒科技,2015-06-17,32.7,34.36,32.0,34.09,33.42,14037666.0,467249173.0,14890512000.0,14890512000.0
sh600288,大恒科技,2015-06-18,34.49,35.45,33.05,33.22,34.09,12700171.0,436398008.0,14510496000.0,14510496000.0
sh600288,大恒科技,2015-06-19,32.11,32.78,30.03,30.15,33.22,13684762.0,427949285.0,13169520000.0,13169520000.0
sh600288,大恒科技,2015-06-23,30.2,30.99,27.4,29.94,30.15,12682271.0,374493489.0,13077792000.0,13077792000.0
sh600288,大恒科技,2015-06-24,30.35,32.29,30.35,31.39,29.94,14897476.0,465491317.0,13711152000.0,13711152000.0
sh600288,大恒科技,2015-06-25,32.0,32.24,29.9,30.12,31.39,17271687.0,538517730.0,13156416000.0,13156416000.0
sh600288,大恒科技,2015-06-26,29.0,29.49,27.11,27.11,30.12,12762653.0,356130828.0,11841648000.0,11841648000.0
sh600288,大恒科技,2015-06-29,27.0,27.97,24.4,24.4,27.11,20228673.0,507804877.0,10657920000.0,10657920000.0
sh600288,大恒科技,2015-06-30,22.7,25.38,21.96,24.94,24.4,25355060.0,594034871.0,10893792000.0,10893792000.0
sh600288,大恒科技,2015-07-01,24.21,25.09,22.45,22.45,24.94,24544016.0,578987442.0,9806160000.0,9806160000.0
sh600288,大恒科技,2015-07-02,21.35,22.0,20.21,20.21,22.45,16913732.0,346033983.0,8827728000.0,8827728000.0
sh600288,大恒科技,2015-07-03,18.51,19.5,18.19,18.19,20.21,17493278.0,321264299.0,7945392000.0,7945392000.0
sh600288,大恒科技,2015-07-06,19.01,19.5,16.37,16.37,18.19,15344282.0,272055643.0,7150416000.0,7150416000.0
sh600288,大恒科技,2015-07-07,14.73,14.73,14.73,14.73,16.37,889900.0,13108227.0,6434064000.0,6434064000.0
sh600288,大恒科技,2015-07-08,13.26,13.26,13.26,13.26,14.73,620400.0,8226504.0,5791968000.0,5791968000.0
sh600288,大恒科技,2015-07-09,12.01,14.59,12.01,14.59,13.26,57595371.0,762174351.0,6372912000.0,6372912000.0
sh600288,大恒科技,2015-07-10,15.0,16.05,14.7,16.05,14.59,13862927.0,218793475.0,7010640000.0,7010640000.0
sh600288,大恒科技,2015-07-13,17.2,17.66,16.5,17.66,16.05,20120201.0,351105288.0,7713888000.0,7713888000.0
sh600288,大恒科技,2015-07-14,18.5,19.43,17.67,18.41,17.66,53406178.0,998713432.0,8041488000.0,8041488000.0
sh600288,大恒科技,2015-07-15,17.8,18.0,16.57,16.57,18.41,22010186.0,376683621.0,7237776000.0,7237776000.0
sh600288,大恒科技,2015-07-16,14.91,17.35,14.91,16.14,16.57,32001807.0,512681300.0,7049952000.0,7049952000.0
sh600288,大恒科技,2015-07-17,16.51,17.75,16.51,17.75,16.14,30830880.0,538043372.0,7753200000.0,7753200000.0
sh600288,大恒科技,2015-07-20,18.2,19.2,17.85,19.06,17.75,51793862.0,960699852.0,8325408000.0,8325408000.0
sh600288,大恒科技,2015-07-21,18.5,19.87,18.11,19.15,19.06,34570071.0,666401487.0,8364720000.0,8364720000.0
sh600288,大恒科技,2015-07-22,18.98,21.0,18.63,20.34,19.15,35384838.0,690375982.0,8884512000.0,8884512000.0
sh600288,大恒科技,2015-07-23,19.9,21.3,19.8,20.8,20.34,30114273.0,616547417.0,9085440000.0,9085440000.0
sh600288,大恒科技,2015-07-24,20.9,21.8,19.85,20.32,20.8,32566972.0,683334019.0,8875776000.0,8875776000.0
sh600288,大恒科技,2015-07-27,19.59,20.59,18.29,18.29,20.32,27668510.0,538106740.0,7989072000.0,7989072000.0
sh600288,大恒科技,2015-07-28,17.1,18.6,16.46,16.72,18.29,34488089.0,588412844.0,7303296000.0,7303296000.0
sh600288,大恒科技,2015-07-29,17.15,17.99,16.2,17.85,16.72,26251136.0,446435118.0,7796880000.0,7796880000.0
sh600288,大恒科技,2015-07-30,17.9,18.44,17.01,17.14,17.85,26488341.0,474742941.0,7486752000.0,7486752000.0
sh600288,大恒科技,2015-07-31,16.6,17.35,16.15,16.57,17.14,18219506.0,305250193.0,7237776000.0,7237776000.0
sh600288,大恒科技,2015-08-03,16.36,16.49,14.91,14.91,16.57,21216199.0,328501508.0,6512688000.0,6512688000.0
sh600288,大恒科技,2015-08-04,15.0,16.4,15.0,16.4,14.91,23574374.0,375105807.0,7163520000.0,7163520000.0
sh600288,大恒科技,2015-08-05,16.55,17.89,16.31,17.47,16.4,36260945.0,618857123.0,7630896000.0,7630896000.0
sh600288,大恒科技,2015-08-06,16.85,18.1,16.61,18.02,17.47,28772890.0,503949821.0,7871136000.0,7871136000.0
sh600288,大恒科技,2015-08-07,18.07,19.49,18.07,19.22,18.02,31762909.0,593122671.0,8395296000.0,8395296000.0
sh600288,大恒科技,2015-08-10,19.36,20.49,18.88,20.12,19.22,32457565.0,634482732.0,8788416000.0,8788416000.0
sh600288,大恒科技,2015-08-11,19.98,20.48,19.45,19.67,20.12,27815708.0,554857609.0,8591856000.0,8591856000.0
sh600288,大恒科技,2015-08-12,19.3,19.66,18.7,18.84,19.67,22773630.0,434910470.0,8229312000.0,8229312000.0
sh600288,大恒科技,2015-08-13,18.66,20.47,18.66,20.43,18.84,29856980.0,583628863.0,8923824000.0,8923824000.0
sh600288,大恒科技,2015-08-14,20.36,21.49,20.15,20.97,20.43,34534380.0,718907133.0,9159696000.0,9159696000.0
sh600288,大恒科技,2015-08-17,20.55,20.99,20.03,20.78,20.97,24367708.0,498234511.0,9076704000.0,9076704000.0
sh600288,大恒科技,2015-08-18,20.55,20.76,18.7,18.7,20.78,26046151.0,513873490.0,8168160000.0,8168160000.0
sh600288,大恒科技,2015-08-19,17.58,19.65,16.9,19.36,18.7,24195583.0,439834064.0,8456448000.0,8456448000.0
sh600288,大恒科技,2015-08-20,18.89,19.61,18.08,18.12,19.36,23800057.0,450209851.0,7914816000.0,7914816000.0
sh600288,大恒科技,2015-08-21,17.44,18.65,17.16,17.53,18.12,21413014.0,380647484.0,7657104000.0,7657104000.0
sh600288,大恒科技,2015-08-24,16.6,17.01,15.78,15.78,17.53,18431424.0,295329748.0,6892704000.0,6892704000.0
sh600288,大恒科技,2015-08-25,14.2,14.55,14.2,14.2,15.78,20391320.0,290405302.0,6202560000.0,6202560000.0
sh600288,大恒科技,2015-08-26,14.2,14.76,12.78,12.79,14.2,32260545.0,441172338.0,5586672000.0,5586672000.0
sh600288,大恒科技,2015-08-27,13.24,13.66,11.81,13.58,12.79,28257130.0,364912726.0,5931744000.0,5931744000.0
sh600288,大恒科技,2015-08-28,13.69,14.83,13.36,14.78,13.58,30583564.0,427844301.0,6455904000.0,6455904000.0
sh600288,大恒科技,2015-08-31,14.78,14.78,13.6,13.62,14.78,21393295.0,301608403.0,5949216000.0,5949216000.0
sh600288,大恒科技,2015-09-01,13.44,13.44,12.26,12.27,13.62,22655385.0,283684360.0,5359536000.0,5359536000.0
sh600288,大恒科技,2015-09-02,11.5,12.88,11.21,11.32,12.27,21725918.0,259870926.0,4944576000.0,4944576000.0
sh600288,大恒科技,2015-09-07,11.69,12.45,11.5,12.45,11.32,31153976.0,381583727.0,5438160000.0,5438160000.0
sh600288,大恒科技,2015-09-08,12.21,13.6,12.1,13.55,12.45,25025488.0,319391806.0,5918640000.0,5918640000.0
sh600288,大恒科技,2015-09-09,13.59,14.91,13.39,14.91,13.55,37999814.0,551895860.0,6512688000.0,6512688000.0
sh600288,大恒科技,2015-09-10,14.65,15.4,14.44,14.5,14.91,40337212.0,600860165.0,6333600000.0,6333600000.0
sh600288,大恒科技,2015-09-11,14.35,15.26,14.35,15.16,14.5,33197960.0,494588427.0,6621888000.0,6621888000.0
sh600288,大恒科技,2015-09-14,14.92,15.11,13.64,13.64,15.16,31028997.0,437110086.0,5957952000.0,5957952000.0
sh600288,大恒科技,2015-09-15,12.9,13.44,12.28,12.28,13.64,26646431.0,338980703.0,5363904000.0,5363904000.0
sh600288,大恒科技,2015-09-16,12.64,13.51,12.45,13.51,12.28,26402811.0,343325069.0,5901168000.0,5901168000.0
sh600288,大恒科技,2015-09-17,14.02,14.64,13.51,13.56,13.51,35303149.0,497966550.0,5923008000.0,5923008000.0
sh600288,大恒科技,2015-09-18,13.95,14.92,13.65,14.92,13.56,39310163.0,565246833.0,6517056000.0,6517056000.0
sh600288,大恒科技,2015-09-21,14.57,15.6,14.38,15.46,14.92,44875528.0,672493169.0,6752928000.0,6752928000.0
sh600288,大恒科技,2015-09-22,15.3,15.85,14.8,15.38,15.46,35760013.0,546965243.0,6717984000.0,6717984000.0
sh600288,大恒科技,2015-09-23,15.06,15.8,14.92,15.39,15.38,34564485.0,535126294.0,6722352000.0,6722352000.0
sh600288,大恒科技,2015-09-24,15.42,15.93,15.35,15.68,15.39,25809899.0,403231451.0,6849024000.0,6849024000.0
sh600288,大恒科技,2015-09-25,15.73,15.88,14.12,14.43,15.68,29498492.0,442171805.0,6303024000.0,6303024000.0
sh600288,大恒科技,2015-09-28,14.59,15.25,14.12,15.22,14.43,18276477.0,269726215.0,6648096000.0,6648096000.0
sh600288,大恒科技,2015-09-29,14.99,15.75,14.62,15.44,15.22,26239020.0,398325882.0,6744192000.0,6744192000.0
sh600288,大恒科技,2015-09-30,15.46,15.67,15.08,15.24,15.44,16458738.0,253191466.0,6656832000.0,6656832000.0
sh600288,大恒科技,2015-10-08,16.01,16.18,15.62,15.77,15.24,28036000.0,444653297.0,6888336000.0,6888336000.0
sh600288,大恒科技,2015-10-09,15.63,16.09,15.63,15.97,15.77,23388865.0,371600283.0,6975696000.0,6975696000.0
sh600288,大恒科技,2015-10-12,16.15,17.57,16.0,17.42,15.97,40831012.0,694016830.0,7609056000.0,7609056000.0
sh600288,大恒科技,2015-10-13,17.49,17.53,17.02,17.26,17.42,31197233.0,539537195.0,7539168000.0,7539168000.0
sh600288,大恒科技,2015-10-14,17.03,17.58,16.86,17.13,17.26,25436899.0,438457294.0,7482384000.0,7482384000.0
sh600288,大恒科技,2015-10-15,16.95,17.94,16.93,17.85,17.13,27857570.0,489581326.0,7796880000.0,7796880000.0
sh600288,大恒科技,2015-10-16,17.85,18.15,17.38,17.9,17.85,31452616.0,557652699.0,7818720000.0,7818720000.0
sh600288,大恒科技,2015-10-19,18.13,18.46,17.26,17.57,17.9,31236052.0,558582096.0,7674576000.0,7674576000.0
sh600288,大恒科技,2015-10-20,17.44,19.33,17.18,19.09,17.57,47895904.0,890238025.0,8338512000.0,8338512000.0
sh600288,大恒科技,2015-10-21,19.32,19.32,17.18,17.18,19.09,43528613.0,796991423.0,7504224000.0,7504224000.0
sh600288,大恒科技,2015-10-22,17.25,18.38,17.11,18.24,17.18,30351907.0,536825047.0,7967232000.0,7967232000.0
sh600288,大恒科技,2015-10-23,18.23,18.96,18.06,18.71,18.24,30253318.0,561369104.0,8172528000.0,8172528000.0
sh600288,大恒科技,2015-10-26,18.9,19.94,18.8,19.69,18.71,37274022.0,718521974.0,8600592000.0,8600592000.0
sh600288,大恒科技,2015-10-27,19.0,19.74,18.38,19.32,19.69,27438995.0,523055343.0,8438976000.0,8438976000.0
sh600288,大恒科技,2015-10-28,19.4,19.68,18.48,18.53,19.32,23829047.0,450290772.0,8093904000.0,8093904000.0
sh600288,大恒科技,2015-10-29,18.63,19.51,18.57,19.04,18.53,24759732.0,471586121.0,8316672000.0,8316672000.0
sh600288,大恒科技,2015-10-30,19.0,20.94,18.9,20.94,19.04,47622881.0,981074151.0,9146592000.0,9146592000.0
sh600288,大恒科技,2015-11-02,18.85,18.85,18.85,18.85,20.94,2759800.0,52022230.0,8233680000.0,8233680000.0
sh600288,大恒科技,2015-11-03,16.97,16.97,16.97,16.97,18.85,1205700.0,20460729.0,7412496000.0,7412496000.0
sh600288,大恒科技,2015-11-04,15.27,17.99,15.27,17.4,16.97,143833252.0,2301652786.0,7600320000.0,7600320000.0
sh600288,大恒科技,2015-11-05,16.49,16.84,15.86,16.37,17.4,118744900.0,1946733347.0,7150416000.0,7150416000.0
sh600288,大恒科技,2015-11-06,16.12,16.76,16.01,16.48,16.37,69288414.0,1141743784.0,7198464000.0,7198464000.0
sh600288,大恒科技,2015-11-09,16.44,16.59,15.52,16.46,16.48,60279415.0,975683668.0,7189728000.0,7189728000.0
sh600288,大恒科技,2015-11-10,16.85,18.11,16.65,18.11,16.46,119730480.0,2103653111.0,7910448000.0,7910448000.0
sh600288,大恒科技,2015-11-11,17.65,18.12,17.28,17.79,18.11,82178434.0,1453202869.0,7770672000.0,7770672000.0
sh600288,大恒科技,2015-11-12,17.85,17.98,17.0,17.25,17.79,58413807.0,1015945298.0,7534800000.0,7534800000.0
sh600288,大恒科技,2015-11-13,16.93,16.94,16.2,16.38,17.25,43760129.0,723893568.0,7154784000.0,7154784000.0
sh600288,大恒科技,2015-11-16,16.05,17.27,16.02,17.09,16.38,42486574.0,713827491.0,7464912000.0,7464912000.0
sh600288,大恒科技,2015-11-17,17.2,17.45,16.7,16.73,17.09,44752381.0,764448613.0,7307664000.0,7307664000.0
sh600288,大恒科技,2015-11-18,16.65,16.83,16.29,16.36,16.73,26362254.0,435388822.0,7146048000.0,7146048000.0
sh600288,大恒科技,2015-11-19,16.59,17.95,16.41,17.56,16.36,64376749.0,1113372223.0,7670208000.0,7670208000.0
sh600288,大恒科技,2015-11-20,18.05,18.63,17.73,18.23,17.56,83363134.0,1514153948.0,7962864000.0,7962864000.0
sh600288,大恒科技,2015-11-23,18.36,18.37,17.4,17.56,18.23,46896643.0,839734051.0,7670208000.0,7670208000.0
sh600288,大恒科技,2015-11-24,17.64,18.11,17.42,18.04,17.56,34380555.0,613520090.0,7879872000.0,7879872000.0
sh600288,大恒科技,2015-11-25,18.07,19.84,17.72,19.84,18.04,57499500.0,1089584205.0,8666112000.0,8666112000.0
sh600288,大恒科技,2015-11-26,20.6,20.6,19.16,19.66,19.84,73244760.0,1459299199.0,8587488000.0,8587488000.0
sh600288,大恒科技,2015-11-27,19.86,20.1,17.69,17.88,19.66,55426814.0,1053390393.0,7809984000.0,7809984000.0
sh600288,大恒科技,2015-11-30,18.0,18.17,16.13,17.46,17.88,52654047.0,909322673.0,7626528000.0,7626528000.0
sh600288,大恒科技,2015-12-01,17.38,17.49,16.78,17.17,17.46,38436615.0,659326445.0,7499856000.0,7499856000.0
sh600288,大恒科技,2015-12-02,17.25,17.35,16.1,16.92,17.17,27054737.0,453584029.0,7390656000.0,7390656000.0
sh600288,大恒科技,2015-12-03,16.85,17.43,16.84,17.41,16.92,27131211.0,465059699.0,7604688000.0,7604688000.0
sh600288,大恒科技,2015-12-04,17.16,17.5,16.85,17.24,17.41,29377623.0,504593767.0,7530432000.0,7530432000.0
sh600288,大恒科技,2015-12-07,17.7,18.18,17.45,17.89,17.24,41116455.0,731944398.0,7814352000.0,7814352000.0
sh600288,大恒科技,2015-12-08,17.52,17.65,16.97,17.01,17.89,28414290.0,489055461.0,7429968000.0,7429968000.0
sh600288,大恒科技,2015-12-09,16.81,16.9,16.17,16.3,17.01,30090920.0,493570137.0,7119840000.0,7119840000.0
sh600288,大恒科技,2015-12-10,16.18,16.47,16.07,16.34,16.3,18634395.0,303935582.0,7137312000.0,7137312000.0
sh600288,大恒科技,2015-12-11,16.27,16.46,16.13,16.19,16.34,14935929.0,242895188.0,7071792000.0,7071792000.0
sh600288,大恒科技,2015-12-14,15.88,16.43,15.62,16.4,16.19,18631348.0,297560943.0,7163520000.0,7163520000.0
sh600288,大恒科技,2015-12-15,16.39,16.73,16.3,16.52,16.4,18267484.0,301783895.0,7215936000.0,7215936000.0
sh600288,大恒科技,2015-12-16,16.57,16.95,16.47,16.71,16.52,21993240.0,367477815.0,7298928000.0,7298928000.0
sh600288,大恒科技,2015-12-17,16.75,17.18,16.75,17.05,16.71,28978794.0,492360178.0,7447440000.0,7447440000.0
sh600288,大恒科技,2015-12-18,17.06,17.84,16.55,17.56,17.05,41146420.0,705503904.0,7670208000.0,7670208000.0
sh600288,大恒科技,2015-12-21,17.5,17.89,17.2,17.58,17.56,36564813.0,640749117.0,7678944000.0,7678944000.0
sh600288,大恒科技,2015-12-22,17.7,17.86,17.34,17.65,17.58,27743257.0,489186667.0,7709520000.0,7709520000.0
sh600288,大恒科技,2015-12-23,17.73,17.8,17.07,17.12,17.65,25669923.0,447779014.0,7478016000.0,7478016000.0
sh600288,大恒科技,2015-12-24,17.08,17.69,17.07,17.6,17.12,24481642.0,424407964.0,7687680000.0,7687680000.0
sh600288,大恒科技,2015-12-25,18.14,18.48,17.66,17.76,17.6,36136186.0,651252415.0,7757568000.0,7757568000.0
sh600288,大恒科技,2015-12-28,17.75,18.1,17.2,17.22,17.76,30077397.0,531513332.0,7521696000.0,7521696000.0
sh600288,大恒科技,2015-12-29,17.39,17.69,17.11,17.67,17.22,17948610.0,313265317.0,7718256000.0,7718256000.0
sh600288,大恒科技,2015-12-30,17.72,18.14,17.62,18.07,17.67,28408814.0,509216850.0,7892976000.0,7892976000.0
sh600288,大恒科技,2015-12-31,18.13,18.24,17.35,17.49,18.07,24628011.0,439113690.0,7639632000.0,7639632000.0
sh600288,大恒科技,2016-01-04,17.4,17.4,15.74,15.74,17.49,19857555.0,326537036.0,6875232000.0,6875232000.0
sh600288,大恒科技,2016-01-05,14.5,15.38,14.2,14.87,15.74,22748458.0,338550674.0,6495216000.0,6495216000.0
sh600288,大恒科技,2016-01-06,14.95,15.14,14.48,15.11,14.87,17314530.0,258438955.0,6600048000.0,6600048000.0
sh600288,大恒科技,2016-01-07,14.99,14.99,13.6,13.6,15.11,6290879.0,89312578.0,5940480000.0,5940480000.0
sh600288,大恒科技,2016-01-08,13.67,13.94,12.41,13.35,13.6,20455360.0,275227890.0,5831280000.0,5831280000.0
sh600288,大恒科技,2016-01-11,13.0,13.04,12.02,12.02,13.35,18511996.0,232694283.0,5250336000.0,5250336000.0
sh600288,大恒科技,2016-01-12,11.85,12.19,11.5,11.96,12.02,15311508.0,181868267.0,5224128000.0,5224128000.0
sh600288,大恒科技,2016-01-13,12.0,12.17,11.13,11.19,11.96,12664711.0,149339038.0,4887792000.0,4887792000.0
sh600288,大恒科技,2016-01-14,10.11,11.46,10.11,11.3,11.19,26395765.0,283412659.0,4935840000.0,4935840000.0
sh600288,大恒科技,2016-01-15,11.01,11.18,10.29,10.44,11.3,21233759.0,228623512.0,4560192000.0,4560192000.0
sh600288,大恒科技,2016-01-18,10.1,10.9,9.95,10.67,10.44,16568805.0,175413007.0,4660656000.0,4660656000.0
sh600288,大恒科技,2016-01-19,10.63,11.34,10.6,11.31,10.67,22136160.0,243583735.0,4940208000.0,4940208000.0
sh600288,大恒科技,2016-01-20,11.15,11.57,11.12,11.27,11.31,19543721.0,221102423.0,4922736000.0,4922736000.0
sh600288,大恒科技,2016-01-21,11.1,11.55,10.7,10.75,11.27,18278156.0,205377414.0,4695600000.0,4695600000.0
sh600288,大恒科技,2016-01-22,10.9,11.27,10.6,11.22,10.75,13145924.0,143641178.0,4900896000.0,4900896000.0
sh600288,大恒科技,2016-01-25,11.39,11.46,11.11,11.33,11.22,15764689.0,178302149.0,4948944000.0,4948944000.0
sh600288,大恒科技,2016-01-26,11.16,11.16,10.2,10.2,11.33,18694836.0,199311344.0,4455360000.0,4455360000.0
sh600288,大恒科技,2016-01-27,10.05,10.25,9.5,10.1,10.2,13620880.0,135021245.0,4411680000.0,4411680000.0
sh600288,大恒科技,2016-01-28,10.0,10.19,9.62,9.71,10.1,12412701.0,123178513.0,4241328000.0,4241328000.0
sh600288,大恒科技,2016-01-29,9.66,10.35,9.63,10.19,9.71,13767182.0,138698760.0,4450992000.0,4450992000.0
sh600288,大恒科技,2016-02-01,10.1,10.26,9.76,10.0,10.19,9667252.0,97231755.0,4368000000.0,4368000000.0
sh600288,大恒科技,2016-02-02,10.15,10.86,10.11,10.75,10.0,17648420.0,184945939.0,4695600000.0,4695600000.0
sh600288,大恒科技,2016-02-03,10.55,10.74,10.37,10.69,10.75,13069092.0,137580858.0,4669392000.0,4669392000.0
sh600288,大恒科技,2016-02-04,10.7,11.04,10.61,10.91,10.69,15932846.0,173866360.0,4765488000.0,4765488000.0
sh600288,大恒科技,2016-02-05,11.01,11.02,10.53,10.64,10.91,10357050.0,111315136.0,4647552000.0,4647552000.0
sh600288,大恒科技,2016-02-15,10.32,11.7,10.32,11.7,10.64,19577287.0,218324550.0,5110560000.0,5110560000.0
sh600288,大恒科技,2016-02-16,12.3,12.87,12.3,12.87,11.7,13362654.0,168337846.0,5621616000.0,5621616000.0
sh600288,大恒科技,2016-02-17,14.16,14.16,14.16,14.16,12.87,4379765.0,62017472.0,6185088000.0,6185088000.0
sh600288,大恒科技,2016-02-19,15.0,15.58,14.92,15.58,14.16,107768040.0,1663396817.0,6805344000.0,6805344000.0
sh600288,大恒科技,2016-02-22,15.0,17.14,14.88,17.14,15.58,101109719.0,1588923584.0,7486752000.0,7486752000.0
sh600288,大恒科技,2016-02-23,16.5,17.46,15.91,16.23,17.14,106950480.0,1766971113.0,7089264000.0,7089264000.0
sh600288,大恒科技,2016-02-24,16.18,17.03,15.84,16.33,16.23,82765707.0,1354073890.0,7132944000.0,7132944000.0
sh600288,大恒科技,2016-02-25,16.1,16.1,14.7,14.7,16.33,55317408.0,845359018.0,6420960000.0,6420960000.0
sh600288,大恒科技,2016-02-26,14.44,15.09,13.71,14.05,14.7,55614910.0,802320175.0,6137040000.0,6137040000.0
sh600288,大恒科技,2016-02-29,13.51,13.8,12.65,12.65,14.05,19027250.0,247661255.0,5525520000.0,5525520000.0
sh600288,大恒科技,2016-03-01,12.12,13.92,12.0,13.41,12.65,64249469.0,829658555.0,5857488000.0,5857488000.0
sh600288,大恒科技,2016-03-02,13.08,14.22,13.02,14.06,13.41,63212918.0,861394445.0,6141408000.0,6141408000.0
sh600288,大恒科技,2016-03-03,13.68,14.8,13.65,13.75,14.06,59431751.0,843447677.0,6006000000.0,6006000000.0
sh600288,大恒科技,2016-03-04,13.66,14.1,12.38,12.78,13.75,44097221.0,581036329.0,5582304000.0,5582304000.0
sh600288,大恒科技,2016-03-07,12.95,13.72,12.89,13.43,12.78,34142932.0,455066442.0,5866224000.0,5866224000.0
sh600288,大恒科技,2016-03-08,13.3,14.28,12.17,14.01,13.43,50125948.0,664879143.0,6119568000.0,6119568000.0
sh600288,大恒科技,2016-03-09,13.48,13.96,13.11,13.2,14.01,33012770.0,444617218.0,5765760000.0,5765760000.0
sh600288,大恒科技,2016-03-10,13.33,13.69,12.82,13.0,13.2,28668967.0,380458058.0,5678400000.0,5678400000.0
sh600288,大恒科技,2016-03-11,12.8,13.0,12.5,12.58,13.0,22565370.0,287296776.0,5494944000.0,5494944000.0
sh600288,大恒科技,2016-03-14,12.98,13.63,12.88,13.26,12.58,31542804.0,418565057.0,5791968000.0,5791968000.0
sh600288,大恒科技,2016-03-15,13.3,14.38,13.01,13.73,13.26,47812020.0,658588551.0,5997264000.0,5997264000.0
sh600288,大恒科技,2016-03-16,13.73,13.84,13.06,13.4,13.73,33876427.0,457162800.0,5853120000.0,5853120000.0
sh600288,大恒科技,2016-03-17,13.36,14.17,13.36,14.09,13.4,44498392.0,616870629.0,6154512000.0,6154512000.0
sh600288,大恒科技,2016-03-18,14.14,14.8,14.0,14.57,14.09,53258525.0,767242973.0,6364176000.0,6364176000.0
sh600288,大恒科技,2016-03-21,14.79,15.13,14.4,14.97,14.57,50861332.0,750925264.0,6538896000.0,6538896000.0
sh600288,大恒科技,2016-03-22,14.6,14.89,14.48,14.56,14.97,35692985.0,522421020.0,6359808000.0,6359808000.0
sh600288,大恒科技,2016-03-23,14.59,15.16,14.59,14.91,14.56,38418289.0,570903429.0,6512688000.0,6512688000.0
sh600288,大恒科技,2016-03-24,14.68,14.68,14.16,14.19,14.91,31419485.0,452289347.0,6198192000.0,6198192000.0
sh600288,大恒科技,2016-03-25,14.14,14.8,14.1,14.46,14.19,24702272.0,357164952.0,6316128000.0,6316128000.0
sh600288,大恒科技,2016-03-28,14.61,14.77,14.16,14.29,14.46,22749721.0,330054756.0,6241872000.0,6241872000.0
sh600288,大恒科技,2016-03-29,14.26,14.27,13.41,13.65,14.29,21348430.0,294177609.0,5962320000.0,5962320000.0
sh600288,大恒科技,2016-03-30,13.77,14.15,13.67,14.11,13.65,18877315.0,262787652.0,6163248000.0,6163248000.0
sh600288,大恒科技,2016-03-31,14.17,14.5,14.12,14.26,14.11,23005618.0,328787005.0,6228768000.0,6228768000.0
sh600288,大恒科技,2016-04-01,14.1,14.15,13.56,13.91,14.26,19907030.0,274566232.0,6075888000.0,6075888000.0
sh600288,大恒科技,2016-04-05,13.8,14.38,13.71,14.36,13.91,20686476.0,293048054.0,6272448000.0,6272448000.0
sh600288,大恒科技,2016-04-06,14.3,14.76,14.2,14.4,14.36,25487582.0,369272823.0,6289920000.0,6289920000.0
sh600288,大恒科技,2016-04-07,14.4,14.49,13.9,13.93,14.4,19714861.0,278126473.0,6084624000.0,6084624000.0
sh600288,大恒科技,2016-04-08,13.81,13.83,13.48,13.63,13.93,15692264.0,214117460.0,5953584000.0,5953584000.0
sh600288,大恒科技,2016-04-11,13.75,14.31,13.75,14.18,13.63,19692922.0,277821106.0,6193824000.0,6193824000.0
sh600288,大恒科技,2016-04-12,14.12,14.22,13.66,13.91,14.18,16069257.0,222720658.0,6075888000.0,6075888000.0
sh600288,大恒科技,2016-04-13,13.99,14.47,13.91,14.14,13.91,29587666.0,420551951.0,6176352000.0,6176352000.0
sh600288,大恒科技,2016-04-14,14.25,14.33,13.95,14.19,14.14,19470780.0,275058182.0,6198192000.0,6198192000.0
sh600288,大恒科技,2016-04-15,14.15,14.34,13.89,14.27,14.19,22046427.0,311456498.0,6233136000.0,6233136000.0
sh600288,大恒科技,2016-04-18,14.21,14.21,13.57,13.73,14.27,19111734.0,263769524.0,5997264000.0,5997264000.0
sh600288,大恒科技,2016-04-19,13.88,14.01,13.63,13.93,13.73,13690733.0,189622428.0,6084624000.0,6084624000.0
sh600288,大恒科技,2016-04-20,13.83,13.96,12.54,12.65,13.93,29358262.0,383287160.0,5525520000.0,5525520000.0
sh600288,大恒科技,2016-04-21,12.64,12.85,12.35,12.44,12.65,14517014.0,183321634.0,5433792000.0,5433792000.0
sh600288,大恒科技,2016-04-22,12.21,12.58,12.12,12.57,12.44,9831317.0,122322547.0,5490576000.0,5490576000.0
sh600288,大恒科技,2016-04-25,12.5,12.5,12.18,12.35,12.57,8250155.0,101646519.0,5394480000.0,5394480000.0
sh600288,大恒科技,2016-04-26,12.31,12.56,12.28,12.54,12.35,8510891.0,105777752.0,5477472000.0,5477472000.0
sh600288,大恒科技,2016-04-27,12.59,12.76,12.53,12.6,12.54,11253015.0,142396085.0,5503680000.0,5503680000.0
sh600288,大恒科技,2016-04-28,12.55,12.69,12.17,12.44,12.6,9672274.0,119733137.0,5433792000.0,5433792000.0
sh600288,大恒科技,2016-04-29,12.38,12.49,12.3,12.39,12.44,6499627.0,80529938.0,5411952000.0,5411952000.0
sh600288,大恒科技,2016-05-03,12.41,12.82,12.3,12.8,12.39,13044781.0,164938685.0,5591040000.0,5591040000.0
sh600288,大恒科技,2016-05-04,12.78,12.99,12.68,12.78,12.8,12147119.0,155709557.0,5582304000.0,5582304000.0
sh600288,大恒科技,2016-05-05,12.8,13.21,12.65,13.05,12.78,13747419.0,177681514.0,5700240000.0,5700240000.0
sh600288,大恒科技,2016-05-06,13.0,13.17,12.28,12.3,13.05,17649598.0,223901260.0,5372640000.0,5372640000.0
sh600288,大恒科技,2016-05-09,12.2,12.25,11.53,11.65,12.3,11936246.0,141593564.0,5088720000.0,5088720000.0
sh600288,大恒科技,2016-05-10,11.73,12.03,11.66,11.81,11.65,7601750.0,90152535.0,5158608000.0,5158608000.0
sh600288,大恒科技,2016-05-11,11.83,11.98,11.63,11.66,11.81,8228941.0,97146601.0,5093088000.0,5093088000.0
sh600288,大恒科技,2016-05-12,11.5,11.5,11.14,11.4,11.66,9304472.0,105171867.0,4979520000.0,4979520000.0
sh600288,大恒科技,2016-05-13,11.4,11.54,11.31,11.45,11.4,6796767.0,77686742.0,5001360000.0,5001360000.0
sh600288,大恒科技,2016-05-16,11.34,11.69,11.3,11.68,11.45,6102333.0,70406716.0,5101824000.0,5101824000.0
sh600288,大恒科技,2016-05-17,11.7,11.82,11.56,11.72,11.68,7702578.0,90096227.0,5119296000.0,5119296000.0
sh600288,大恒科技,2016-05-18,11.65,11.65,11.08,11.25,11.72,7894029.0,89554631.0,4914000000.0,4914000000.0
sh600288,大恒科技,2016-05-19,11.25,11.6,11.2,11.51,11.25,7954157.0,91408708.0,5027568000.0,5027568000.0
sh600288,大恒科技,2016-05-20,11.43,11.64,11.33,11.63,11.51,7519643.0,86542677.0,5079984000.0,5079984000.0
sh600288,大恒科技,2016-05-23,11.62,11.85,11.5,11.81,11.63,8769534.0,102701770.0,5158608000.0,5158608000.0
sh600288,大恒科技,2016-05-24,11.72,11.8,11.38,11.57,11.81,6823212.0,79099806.0,5053776000.0,5053776000.0
sh600288,大恒科技,2016-05-25,11.7,11.82,11.55,11.59,11.57,6481555.0,75788831.0,5062512000.0,5062512000.0
sh600288,大恒科技,2016-05-26,11.56,11.68,11.23,11.65,11.59,8041007.0,92095035.0,5088720000.0,5088720000.0
sh600288,大恒科技,2016-05-27,11.62,11.79,11.51,11.64,11.65,7052417.0,82296576.0,5084352000.0,5084352000.0
sh600288,大恒科技,2016-05-30,11.56,11.8,11.38,11.67,11.64,6645265.0,77228021.0,5097456000.0,5097456000.0
sh600288,大恒科技,2016-05-31,11.7,12.45,11.66,12.42,11.67,19203389.0,233343602.0,5425056000.0,5425056000.0
sh600288,大恒科技,2016-06-01,12.42,12.72,12.3,12.43,12.42,16861022.0,211298301.0,5429424000.0,5429424000.0
sh600288,大恒科技,2016-06-02,12.5,12.5,12.24,12.48,12.43,13054162.0,161832190.0,5451264000.0,5451264000.0
sh600288,大恒科技,2016-06-03,12.52,12.54,12.29,12.43,12.48,11779925.0,146253005.0,5429424000.0,5429424000.0
sh600288,大恒科技,2016-06-06,12.44,12.84,12.32,12.54,12.43,16199114.0,203632070.0,5477472000.0,5477472000.0
sh600288,大恒科技,2016-06-07,12.52,12.82,12.26,12.79,12.54,17911670.0,224828501.0,5586672000.0,5586672000.0
sh600288,大恒科技,2016-06-08,12.7,13.17,12.4,12.93,12.79,27342603.0,350214292.0,5647824000.0,5647824000.0
sh600288,大恒科技,2016-06-13,12.83,13.66,12.53,12.57,12.93,37027399.0,488710454.0,5490576000.0,5490576000.0
sh600288,大恒科技,2016-06-14,12.41,12.61,11.95,12.23,12.57,18997980.0,232040212.0,5342064000.0,5342064000.0
sh600288,大恒科技,2016-06-15,12.05,12.89,12.0,12.84,12.23,20797575.0,261651008.0,5608512000.0,5608512000.0
sh600288,大恒科技,2016-06-16,12.9,13.18,12.61,12.79,12.84,21210018.0,272926206.0,5586672000.0,5586672000.0
sh600288,大恒科技,2016-06-17,12.81,13.02,12.52,12.72,12.79,17639072.0,225946504.0,5556096000.0,5556096000.0
sh600288,大恒科技,2016-06-20,13.03,13.2,12.71,12.93,12.72,14556981.0,187817879.0,5647824000.0,5647824000.0
sh600288,大恒科技,2016-06-21,12.99,13.02,12.26,12.4,12.93,21418186.0,271197119.0,5416320000.0,5416320000.0
sh600288,大恒科技,2016-06-22,12.3,12.64,12.3,12.62,12.4,11321918.0,141133881.0,5512416000.0,5512416000.0
sh600288,大恒科技,2016-06-23,12.6,13.05,12.55,12.82,12.62,19980736.0,256706076.0,5599776000.0,5599776000.0
sh600288,大恒科技,2016-06-24,12.77,12.89,12.16,12.45,12.82,18875646.0,236560942.0,5438160000.0,5438160000.0
sh600288,大恒科技,2016-06-27,12.38,12.8,12.31,12.78,12.45,12665146.0,159614173.0,5582304000.0,5582304000.0
sh600288,大恒科技,2016-06-28,12.66,13.25,12.62,13.13,12.78,24596312.0,319947379.0,5735184000.0,5735184000.0
sh600288,大恒科技,2016-06-29,13.16,13.2,12.86,12.99,13.13,15674760.0,203206112.0,5674032000.0,5674032000.0
sh600288,大恒科技,2016-06-30,12.92,13.05,12.82,12.94,12.99,10670577.0,137693884.0,5652192000.0,5652192000.0
sh600288,大恒科技,2016-07-01,12.95,13.08,12.72,12.83,12.94,11728960.0,151277680.0,5604144000.0,5604144000.0
sh600288,大恒科技,2016-07-04,12.7,13.07,12.7,13.0,12.83,13863685.0,179353815.0,5678400000.0,5678400000.0
sh600288,大恒科技,2016-07-05,13.02,13.08,12.92,13.02,13.0,14582920.0,189592378.0,5687136000.0,5687136000.0
sh600288,大恒科技,2016-07-06,12.99,13.33,12.93,13.24,13.02,19895474.0,261537582.0,5783232000.0,5783232000.0
sh600288,大恒科技,2016-07-07,13.26,13.33,12.9,13.08,13.24,15565317.0,203425454.0,5713344000.0,5713344000.0
sh600288,大恒科技,2016-07-08,13.09,13.18,12.95,13.0,13.08,9995443.0,130400297.0,5678400000.0,5678400000.0
sh600288,大恒科技,2016-07-11,13.0,13.12,12.84,12.89,13.0,12284348.0,159495000.0,5630352000.0,5630352000.0
sh600288,大恒科技,2016-07-12,12.9,12.97,12.51,12.96,12.89,12432847.0,159098758.0,5660928000.0,5660928000.0
sh600288,大恒科技,2016-07-13,13.0,13.16,12.88,13.09,12.96,13056028.0,170176858.0,5717712000.0,5717712000.0
sh600288,大恒科技,2016-07-14,13.03,13.39,13.0,13.34,13.09,21339235.0,282428438.0,5826912000.0,5826912000.0
sh600288,大恒科技,2016-07-15,13.31,13.31,13.05,13.1,13.34,12084075.0,158778621.0,5722080000.0,5722080000.0
sh600288,大恒科技,2016-07-18,13.08,13.09,12.86,13.01,13.1,8420654.0,109289517.0,5682768000.0,5682768000.0
sh600288,大恒科技,2016-07-19,12.99,13.09,12.84,13.07,13.01,7761271.0,100495291.0,5708976000.0,5708976000.0
sh600288,大恒科技,2016-07-20,13.06,13.99,13.01,13.64,13.07,32742580.0,440118812.0,5957952000.0,5957952000.0
sh600288,大恒科技,2016-07-21,13.64,13.74,13.37,13.5,13.64,26253614.0,356193650.0,5896800000.0,5896800000.0
sh600288,大恒科技,2016-07-22,13.49,13.88,13.27,13.65,13.5,27407647.0,372709038.0,5962320000.0,5962320000.0
sh600288,大恒科技,2016-07-25,13.87,14.3,13.61,13.67,13.65,26229613.0,365098133.0,5971056000.0,5971056000.0
sh600288,大恒科技,2016-07-26,13.54,13.73,13.39,13.7,13.67,19394107.0,262700251.0,5984160000.0,5984160000.0
sh600288,大恒科技,2016-07-27,13.69,13.69,12.61,12.75,13.7,21462137.0,282050579.0,5569200000.0,5569200000.0
sh600288,大恒科技,2016-07-28,12.68,12.7,12.17,12.37,12.75,17220626.0,213847332.0,5403216000.0,5403216000.0
sh600288,大恒科技,2016-07-29,12.37,12.46,12.25,12.27,12.37,7065376.0,87359188.0,5359536000.0,5359536000.0
sh600288,大恒科技,2016-08-01,12.25,12.27,11.81,11.98,12.27,7246769.0,86619731.0,5232864000.0,5232864000.0
sh600288,大恒科技,2016-08-02,12.03,12.1,11.94,12.06,11.98,4525968.0,54411227.0,5267808000.0,5267808000.0
sh600288,大恒科技,2016-08-03,12.04,12.28,11.9,12.18,12.06,6008087.0,72785778.0,5320224000.0,5320224000.0
sh600288,XD大恒科,2016-08-04,12.2,12.25,12.0,12.17,12.16,4693070.0,56976022.0,5315856000.0,5315856000.0
sh600288,大恒科技,2016-08-05,12.12,12.22,12.0,12.08,12.17,5235767.0,63513681.0,5276544000.0,5276544000.0
sh600288,大恒科技,2016-08-08,12.08,12.28,11.85,12.24,12.08,6957686.0,84191122.0,5346432000.0,5346432000.0
sh600288,大恒科技,2016-08-09,12.35,12.5,12.25,12.43,12.24,9395671.0,116620291.0,5429424000.0,5429424000.0
sh600288,大恒科技,2016-08-10,12.49,12.85,12.33,12.78,12.43,18109380.0,228447867.0,5582304000.0,5582304000.0
sh600288,大恒科技,2016-08-11,13.58,14.06,13.58,14.06,12.78,69462542.0,972346181.0,6141408000.0,6141408000.0
sh600288,大恒科技,2016-08-12,13.99,13.99,12.98,13.63,14.06,51707095.0,704793382.0,5953584000.0,5953584000.0
sh600288,大恒科技,2016-08-15,13.54,13.97,13.33,13.66,13.63,42826353.0,584488069.0,5966688000.0,5966688000.0
sh600288,大恒科技,2016-08-16,13.56,13.9,13.56,13.69,13.66,30527719.0,418786499.0,5979792000.0,5979792000.0
sh600288,大恒科技,2016-08-17,13.6,13.68,13.36,13.5,13.69,21289138.0,287387908.0,5896800000.0,5896800000.0
sh600288,大恒科技,2016-08-18,13.41,13.64,13.36,13.45,13.5,16310874.0,219835765.0,5874960000.0,5874960000.0
sh600288,大恒科技,2016-08-19,13.53,13.57,13.38,13.44,13.45,12257048.0,165034004.0,5870592000.0,5870592000.0
sh600288,大恒科技,2016-08-22,13.42,13.65,13.12,13.26,13.44,15367985.0,206318896.0,5791968000.0,5791968000.0
sh600288,大恒科技,2016-08-23,13.25,13.5,13.08,13.49,13.26,16303771.0,216875734.0,5892432000.0,5892432000.0
sh600288,大恒科技,2016-08-24,13.48,13.55,13.3,13.36,13.49,10698743.0,143633831.0,5835648000.0,5835648000.0
sh600288,大恒科技,2016-08-25,13.29,13.29,12.95,13.15,13.36,11883399.0,155764523.0,5743920000.0,5743920000.0
sh600288,大恒科技,2016-08-26,13.19,13.28,13.08,13.13,13.15,8065812.0,106364890.0,5735184000.0,5735184000.0
sh600288,大恒科技,2016-08-29,13.16,13.25,13.11,13.19,13.13,5664410.0,74697954.0,5761392000.0,5761392000.0
sh600288,大恒科技,2016-08-30,13.2,13.35,13.15,13.25,13.19,8265472.0,109536328.0,5787600000.0,5787600000.0
sh600288,大恒科技,2016-08-31,13.21,13.27,12.98,13.1,13.25,8481028.0,111084013.0,5722080000.0,5722080000.0
sh600288,大恒科技,2016-09-01,13.12,13.5,12.96,13.29,13.1,15982751.0,211567808.0,5805072000.0,5805072000.0
sh600288,大恒科技,2016-09-02,13.4,13.72,13.29,13.47,13.29,29038275.0,393013859.0,5883696000.0,5883696000.0
sh600288,大恒科技,2016-09-05,13.4,13.54,13.1,13.16,13.47,16483222.0,218954547.0,5748288000.0,5748288000.0
sh600288,大恒科技,2016-09-06,13.11,13.23,12.86,13.22,13.16,13786486.0,179677937.0,5774496000.0,5774496000.0
sh600288,大恒科技,2016-09-07,13.2,13.23,13.08,13.11,13.22,9280164.0,122247083.0,5726448000.0,5726448000.0
sh600288,大恒科技,2016-09-08,13.12,13.75,13.11,13.71,13.11,25537185.0,345022441.0,5988528000.0,5988528000.0
sh600288,大恒科技,2016-09-09,13.58,13.69,13.33,13.37,13.71,13058410.0,176516564.0,5840016000.0,5840016000.0
sh600288,大恒科技,2016-09-12,13.13,13.18,12.48,12.51,13.37,20516896.0,263038293.0,5464368000.0,5464368000.0
sh600288,大恒科技,2016-09-13,12.61,12.67,12.48,12.56,12.51,6560500.0,82345424.0,5486208000.0,5486208000.0
sh600288,大恒科技,2016-09-14,12.55,12.55,12.37,12.42,12.56,5916518.0,73638598.0,5425056000.0,5425056000.0
sh600288,大恒科技,2016-09-19,12.5,12.73,12.48,12.63,12.42,6760028.0,85377174.0,5516784000.0,5516784000.0
sh600288,大恒科技,2016-09-20,12.66,12.71,12.6,12.66,12.63,4299947.0,54386019.0,5529888000.0,5529888000.0
sh600288,大恒科技,2016-09-21,12.66,13.08,12.63,12.89,12.66,11559318.0,148664947.0,5630352000.0,5630352000.0
sh600288,大恒科技,2016-09-22,12.91,12.97,12.8,12.84,12.89,8265501.0,106483479.0,5608512000.0,5608512000.0
sh600288,大恒科技,2016-09-23,12.88,13.04,12.82,12.86,12.84,7001565.0,90381663.0,5617248000.0,5617248000.0
sh600288,大恒科技,2016-09-26,12.92,12.95,12.38,12.4,12.86,7972866.0,100654115.0,5416320000.0,5416320000.0
sh600288,大恒科技,2016-09-27,12.38,12.58,12.32,12.55,12.4,5413992.0,67301165.0,5481840000.0,5481840000.0
sh600288,大恒科技,2016-09-28,12.6,12.9,12.45,12.73,12.55,8107462.0,102987864.0,5560464000.0,5560464000.0
sh600288,大恒科技,2016-09-29,12.74,12.95,12.65,12.77,12.73,8216241.0,104982327.0,5577936000.0,5577936000.0
sh600288,大恒科技,2016-09-30,12.72,12.89,12.71,12.88,12.77,9313875.0,119256218.0,5625984000.0,5625984000.0
sh600288,大恒科技,2016-10-10,12.78,13.14,12.73,13.09,12.88,13828425.0,178822994.0,5717712000.0,5717712000.0
sh600288,大恒科技,2016-10-11,13.08,13.08,12.94,13.01,13.09,8022763.0,104364435.0,5682768000.0,5682768000.0
sh600288,大恒科技,2016-10-12,12.92,13.12,12.9,13.03,13.01,7412563.0,96535728.0,5691504000.0,5691504000.0
sh600288,大恒科技,2016-10-13,13.03,13.09,12.95,13.0,13.03,7232682.0,94094967.0,5678400000.0,5678400000.0
sh600288,大恒科技,2016-10-14,12.97,13.0,12.78,12.86,13.0,6613018.0,85082199.0,5617248000.0,5617248000.0
sh600288,大恒科技,2016-10-17,12.87,12.95,12.6,12.62,12.86,7764781.0,99250208.0,5512416000.0,5512416000.0
sh600288,大恒科技,2016-10-18,12.62,12.85,12.61,12.84,12.62,6533820.0,83238061.0,5608512000.0,5608512000.0
sh600288,大恒科技,2016-10-19,12.86,12.98,12.75,12.81,12.84,6577872.0,84608317.0,5595408000.0,5595408000.0
sh600288,大恒科技,2016-10-20,12.84,13.04,12.78,12.94,12.81,8208756.0,105803911.0,5652192000.0,5652192000.0
sh600288,大恒科技,2016-10-21,12.96,12.96,12.6,12.76,12.94,8972670.0,114554290.0,5573568000.0,5573568000.0
sh600288,大恒科技,2016-10-24,12.78,12.94,12.71,12.87,12.76,7161596.0,92075257.0,5621616000.0,5621616000.0
sh600288,大恒科技,2016-10-25,12.87,12.97,12.85,12.94,12.87,6459462.0,83349063.0,5652192000.0,5652192000.0
sh600288,大恒科技,2016-10-26,12.97,12.97,12.8,12.9,12.94,6643899.0,85477489.0,5634720000.0,5634720000.0
sh600288,大恒科技,2016-10-27,12.92,13.03,12.82,12.91,12.9,8257102.0,106752645.0,5639088000.0,5639088000.0
sh600288,大恒科技,2016-10-28,12.91,12.94,12.61,12.63,12.91,8943262.0,114028696.0,5516784000.0,5516784000.0
sh600288,大恒科技,2016-10-31,12.65,12.69,12.53,12.65,12.63,4700535.0,59319940.0,5525520000.0,5525520000.0
sh600288,大恒科技,2016-11-01,12.67,12.72,12.62,12.72,12.65,5709377.0,72345495.0,5556096000.0,5556096000.0
sh600288,大恒科技,2016-11-02,12.69,13.25,12.66,13.04,12.72,19996606.0,259395283.0,5695872000.0,5695872000.0
sh600288,大恒科技,2016-11-03,14.34,14.34,14.34,14.34,13.04,17131302.0,245662871.0,6263712000.0,6263712000.0
sh600288,大恒科技,2016-11-04,15.77,15.77,14.68,14.89,14.34,87353583.0,1340087018.0,6503952000.0,6503952000.0
sh600288,大恒科技,2016-11-07,15.19,16.38,15.06,15.46,14.89,93417254.0,1463894938.0,6752928000.0,6752928000.0
sh600288,大恒科技,2016-11-08,15.15,17.01,14.95,17.01,15.46,68154068.0,1103523438.0,7429968000.0,7429968000.0
sh600288,大恒科技,2016-11-09,18.0,18.71,17.81,18.71,17.01,133780726.0,2473870781.0,8172528000.0,8172528000.0
sh600288,大恒科技,2016-11-10,19.33,20.0,18.12,18.73,18.71,132267727.0,2504276196.0,8181264000.0,8181264000.0
sh600288,大恒科技,2016-11-11,18.8,20.6,18.61,19.24,18.73,135111153.0,2663598937.0,8404032000.0,8404032000.0
sh600288,大恒科技,2016-11-14,18.9,18.92,17.32,17.33,19.24,102807586.0,1825173196.0,7569744000.0,7569744000.0
sh600288,大恒科技,2016-11-15,17.26,17.89,17.26,17.57,17.33,65504288.0,1150340063.0,7674576000.0,7674576000.0
sh600288,大恒科技,2016-11-16,17.35,17.71,17.05,17.65,17.57,57631058.0,1004491698.0,7709520000.0,7709520000.0
sh600288,大恒科技,2016-11-17,17.22,17.75,17.0,17.09,17.65,43982764.0,761466509.0,7464912000.0,7464912000.0
sh600288,大恒科技,2016-11-18,17.2,17.46,16.71,17.26,17.09,44496627.0,761198973.0,7539168000.0,7539168000.0
sh600288,大恒科技,2016-11-21,17.08,17.45,16.95,17.17,17.26,31446991.0,540615092.0,7499856000.0,7499856000.0
sh600288,大恒科技,2016-11-22,17.0,17.38,16.9,17.34,17.17,36591376.0,629287559.0,7574112000.0,7574112000.0
sh600288,大恒科技,2016-11-23,17.44,17.63,16.75,16.77,17.34,49538013.0,849253679.0,7325136000.0,7325136000.0
sh600288,大恒科技,2016-11-24,16.78,16.88,16.34,16.46,16.77,31943417.0,529761575.0,7189728000.0,7189728000.0
sh600288,大恒科技,2016-11-25,16.57,16.6,16.1,16.48,16.46,23818743.0,389947994.0,7198464000.0,7198464000.0
sh600288,大恒科技,2016-11-28,16.46,16.54,16.2,16.26,16.48,16495493.0,269901734.0,7102368000.0,7102368000.0
sh600288,大恒科技,2016-11-29,16.36,16.45,15.82,15.83,16.26,21479561.0,346913897.0,6914544000.0,6914544000.0
sh600288,大恒科技,2016-11-30,15.82,16.1,15.63,15.88,15.83,17748009.0,281158991.0,6936384000.0,6936384000.0
sh600288,大恒科技,2016-12-01,15.88,16.08,15.7,15.95,15.88,13790858.0,219115270.0,6966960000.0,6966960000.0
sh600288,大恒科技,2016-12-02,17.05,17.47,16.37,16.8,15.95,63691017.0,1067639215.0,7338240000.0,7338240000.0
sh600288,大恒科技,2016-12-05,16.31,16.5,15.12,15.28,16.8,46384638.0,717068910.0,6674304000.0,6674304000.0
sh600288,大恒科技,2016-12-06,15.29,16.14,15.02,15.69,15.28,38982814.0,606229743.0,6853392000.0,6853392000.0
sh600288,大恒科技,2016-12-07,15.56,15.79,15.23,15.69,15.69,25650605.0,399653071.0,6853392000.0,6853392000.0
sh600288,大恒科技,2016-12-08,15.6,16.15,15.5,15.72,15.69,34015239.0,539493806.0,6866496000.0,6866496000.0
sh600288,大恒科技,2016-12-09,15.55,15.95,15.45,15.7,15.72,22165863.0,348132910.0,6857760000.0,6857760000.0
sh600288,大恒科技,2016-12-12,15.75,15.78,14.28,14.34,15.7,29624515.0,445827980.0,6263712000.0,6263712000.0
sh600288,大恒科技,2016-12-13,14.13,14.55,14.1,14.4,14.34,14786098.0,212450597.0,6289920000.0,6289920000.0
sh600288,大恒科技,2016-12-14,14.35,14.75,14.25,14.52,14.4,18078506.0,262391852.0,6342336000.0,6342336000.0
sh600288,大恒科技,2016-12-15,14.46,14.97,14.36,14.71,14.52,22414265.0,329603267.0,6425328000.0,6425328000.0
sh600288,大恒科技,2016-12-16,14.78,15.45,14.57,15.16,14.71,29773542.0,450589718.0,6621888000.0,6621888000.0
sh600288,大恒科技,2016-12-19,15.1,15.21,14.8,14.87,15.16,16948290.0,254000540.0,6495216000.0,6495216000.0
sh600288,大恒科技,2016-12-20,14.98,15.45,14.81,15.18,14.87,16734587.0,254325418.0,6630624000.0,6630624000.0
sh600288,大恒科技,2016-12-21,15.3,15.35,14.98,15.27,15.18,16667655.0,252892179.0,6669936000.0,6669936000.0
sh600288,大恒科技,2016-12-22,15.33,15.75,15.24,15.49,15.27,24220234.0,375186215.0,6766032000.0,6766032000.0
sh600288,大恒科技,2016-12-23,15.49,15.49,14.81,14.86,15.49,18959958.0,285325672.0,6490848000.0,6490848000.0
sh600288,大恒科技,2016-12-26,14.81,15.19,14.75,15.1,14.86,11422594.0,171219212.0,6595680000.0,6595680000.0
sh600288,大恒科技,2016-12-27,15.01,15.39,14.91,15.2,15.1,19590819.0,296873309.0,6639360000.0,6639360000.0
sh600288,大恒科技,2016-12-28,15.2,15.57,15.11,15.4,15.2,20205270.0,310294633.0,6726720000.0,6726720000.0
sh600288,大恒科技,2016-12-29,15.4,15.65,15.22,15.42,15.4,18470684.0,285855309.0,6735456000.0,6735456000.0
sh600288,大恒科技,2016-12-30,15.3,15.47,14.9,15.01,15.42,17513395.0,265207652.0,6556368000.0,6556368000.0
sh600288,大恒科技,2017-01-03,15.13,15.21,14.97,15.13,15.01,9021600.0,136216815.0,6608784000.0,6608784000.0
sh600288,大恒科技,2017-01-04,15.15,15.59,14.96,15.55,15.13,22813739.0,347624958.0,6792240000.0,6792240000.0
sh600288,大恒科技,2017-01-05,15.4,15.55,15.27,15.35,15.55,14714529.0,226108661.0,6704880000.0,6704880000.0
sh600288,大恒科技,2017-01-06,15.32,15.74,15.25,15.61,15.35,29480497.0,458114203.0,6818448000.0,6818448000.0
sh600288,大恒科技,2017-01-09,15.55,15.94,15.39,15.84,15.61,31505895.0,493070179.0,6918912000.0,6918912000.0
sh600288,大恒科技,2017-01-10,15.7,15.92,15.52,15.53,15.84,21154104.0,332003297.0,6783504000.0,6783504000.0
sh600288,大恒科技,2017-01-11,15.48,15.48,14.8,14.82,15.53,20234652.0,306858680.0,6473376000.0,6473376000.0
sh600288,大恒科技,2017-01-12,14.71,14.89,14.37,14.41,14.82,15337730.0,224327541.0,6294288000.0,6294288000.0
sh600288,大恒科技,2017-01-13,14.37,14.42,13.58,13.6,14.41,19600100.0,273881819.0,5940480000.0,5940480000.0
sh600288,大恒科技,2017-01-16,13.5,13.95,12.7,13.06,13.6,18785906.0,251635231.0,5704608000.0,5704608000.0
sh600288,大恒科技,2017-01-17,13.0,13.35,12.81,13.32,13.06,12259895.0,160914603.0,5818176000.0,5818176000.0
sh600288,大恒科技,2017-01-18,13.21,13.47,13.21,13.29,13.32,8434836.0,112445496.0,5805072000.0,5805072000.0
sh600288,大恒科技,2017-01-19,13.2,13.43,13.08,13.34,13.29,7721692.0,102632140.0,5826912000.0,5826912000.0
sh600288,大恒科技,2017-01-20,13.33,13.75,13.27,13.6,13.34,10257968.0,139085846.0,5940480000.0,5940480000.0
sh600288,大恒科技,2017-01-23,14.4,14.9,13.84,13.86,13.6,25276445.0,359166964.0,6054048000.0,6054048000.0
sh600288,大恒科技,2017-01-24,13.98,14.45,13.56,14.41,13.86,28532769.0,401330521.0,6294288000.0,6294288000.0
sh600288,大恒科技,2017-01-25,14.2,14.36,14.02,14.05,14.41,14572900.0,206141579.0,6137040000.0,6137040000.0
sh600288,大恒科技,2017-01-26,14.06,14.35,14.01,14.07,14.05,8209325.0,115938998.0,6145776000.0,6145776000.0
sh600288,大恒科技,2017-02-03,14.18,14.18,13.85,13.99,14.07,5358462.0,74828542.0,6110832000.0,6110832000.0
sh600288,大恒科技,2017-02-06,14.02,14.12,13.85,14.1,13.99,7705711.0,107876102.0,6158880000.0,6158880000.0
sh600288,大恒科技,2017-02-07,14.05,14.59,13.98,14.28,14.1,16319388.0,233400279.0,6237504000.0,6237504000.0
sh600288,大恒科技,2017-02-08,14.27,14.27,14.03,14.2,14.28,11071079.0,156596089.0,6202560000.0,6202560000.0
sh600288,大恒科技,2017-02-09,14.21,14.24,14.14,14.2,14.2,10595727.0,150322179.0,6202560000.0,6202560000.0
sh600288,大恒科技,2017-02-10,14.2,14.23,13.78,13.87,14.2,15847318.0,221032642.0,6058416000.0,6058416000.0
sh600288,大恒科技,2017-02-13,13.85,14.77,13.74,14.36,13.87,27095574.0,387049352.0,6272448000.0,6272448000.0
sh600288,大恒科技,2017-02-14,14.1,14.24,14.0,14.06,14.36,13525847.0,190764617.0,6141408000.0,6141408000.0
sh600288,大恒科技,2017-02-15,14.09,14.15,13.76,13.81,14.06,11748752.0,163981204.0,6032208000.0,6032208000.0
sh600288,大恒科技,2017-02-16,13.83,13.97,13.77,13.87,13.81,7539033.0,104507517.0,6058416000.0,6058416000.0
sh600288,大恒科技,2017-02-17,13.9,14.15,13.82,14.07,13.87,15466409.0,216539530.0,6145776000.0,6145776000.0
sh600288,大恒科技,2017-02-20,14.02,14.02,13.82,13.98,14.07,8687900.0,120847762.0,6106464000.0,6106464000.0
sh600288,大恒科技,2017-02-21,14.0,14.16,13.94,14.13,13.98,10333457.0,145381111.0,6171984000.0,6171984000.0
sh600288,大恒科技,2017-02-22,14.1,14.15,13.95,14.11,14.13,9102404.0,127884440.0,6163248000.0,6163248000.0
sh600288,大恒科技,2017-02-23,14.11,14.11,13.89,13.98,14.11,8972791.0,125535506.0,6106464000.0,6106464000.0
sh600288,大恒科技,2017-02-24,13.92,14.07,13.85,13.96,13.98,7375502.0,102833345.0,6097728000.0,6097728000.0
sh600288,大恒科技,2017-02-27,13.9,14.05,13.78,13.82,13.96,6940111.0,96384839.0,6036576000.0,6036576000.0
sh600288,大恒科技,2017-02-28,13.82,13.86,13.77,13.82,13.82,4968342.0,68593226.0,6036576000.0,6036576000.0
sh600288,大恒科技,2017-03-01,13.85,14.15,13.76,14.13,13.82,14175592.0,197899407.0,6171984000.0,6171984000.0
sh600288,大恒科技,2017-03-02,14.1,14.12,13.9,13.91,14.13,8689126.0,121497392.0,6075888000.0,6075888000.0
sh600288,大恒科技,2017-03-03,13.85,14.03,13.82,14.01,13.91,7337583.0,102419923.0,6119568000.0,6119568000.0
sh600288,大恒科技,2017-03-06,14.04,14.25,13.96,14.18,14.01,11066513.0,156051081.0,6193824000.0,6193824000.0
sh600288,大恒科技,2017-03-07,14.16,14.2,13.97,14.05,14.18,10244449.0,144013416.0,6137040000.0,6137040000.0
sh600288,大恒科技,2017-03-08,14.09,14.09,13.85,13.92,14.05,7972362.0,111145553.0,6080256000.0,6080256000.0
sh600288,大恒科技,2017-03-09,13.91,13.92,13.76,13.8,13.92,6122794.0,84585037.0,6027840000.0,6027840000.0
sh600288,大恒科技,2017-03-10,13.85,13.94,13.79,13.83,13.8,4440050.0,61487288.0,6040944000.0,6040944000.0
sh600288,大恒科技,2017-03-13,13.87,13.89,13.62,13.84,13.83,5667916.0,77978968.0,6045312000.0,6045312000.0
sh600288,大恒科技,2017-03-14,13.85,14.05,13.83,13.87,13.84,7188330.0,100025851.0,6058416000.0,6058416000.0
sh600288,大恒科技,2017-03-15,13.85,13.85,13.66,13.67,13.87,7142610.0,97990181.0,5971056000.0,5971056000.0
sh600288,大恒科技,2017-03-16,13.67,13.79,13.67,13.76,13.67,5682279.0,78040348.0,6010368000.0,6010368000.0
sh600288,大恒科技,2017-03-17,13.79,13.9,13.66,13.7,13.76,7489801.0,103353102.0,5984160000.0,5984160000.0
sh600288,大恒科技,2017-03-20,13.65,13.76,13.65,13.74,13.7,4514202.0,61809858.0,6001632000.0,6001632000.0
sh600288,大恒科技,2017-03-21,13.73,14.11,13.7,14.07,13.74,14937786.0,208424642.0,6145776000.0,6145776000.0
sh600288,大恒科技,2017-03-22,13.99,13.99,13.75,13.77,14.07,10500798.0,145301291.0,6014736000.0,6014736000.0
sh600288,大恒科技,2017-03-23,13.75,13.86,13.31,13.36,13.77,12488548.0,169063310.0,5835648000.0,5835648000.0
sh600288,大恒科技,2017-03-24,13.4,13.46,13.15,13.25,13.36,8103736.0,107580030.0,5787600000.0,5787600000.0
sh600288,大恒科技,2017-03-27,13.24,13.32,13.21,13.29,13.25,4660420.0,61818824.0,5805072000.0,5805072000.0
sh600288,大恒科技,2017-03-28,13.3,13.34,13.17,13.18,13.29,5874701.0,77760034.0,5757024000.0,5757024000.0
sh600288,大恒科技,2017-03-29,13.23,13.23,12.92,12.96,13.18,8712612.0,114163727.0,5660928000.0,5660928000.0
sh600288,大恒科技,2017-03-30,12.93,12.94,12.1,12.28,12.96,14093588.0,176182572.0,5363904000.0,5363904000.0
sh600288,大恒科技,2017-03-31,12.3,12.4,12.23,12.32,12.28,5472144.0,67341965.0,5381376000.0,5381376000.0
sh600288,大恒科技,2017-04-05,12.37,12.6,12.35,12.56,12.32,6242327.0,78123932.0,5486208000.0,5486208000.0
sh600288,大恒科技,2017-04-06,12.55,12.69,12.49,12.58,12.56,5297810.0,66696702.0,5494944000.0,5494944000.0
sh600288,大恒科技,2017-04-07,12.52,12.65,12.46,12.6,12.58,4981837.0,62614630.0,5503680000.0,5503680000.0
sh600288,大恒科技,2017-04-10,12.5,12.54,12.25,12.27,12.6,6732899.0,83160387.0,5359536000.0,5359536000.0
sh600288,大恒科技,2017-04-11,12.33,13.5,12.23,13.5,12.27,26394524.0,347446942.0,5896800000.0,5896800000.0
sh600288,大恒科技,2017-04-12,13.53,13.55,12.96,13.16,13.5,18524356.0,244913156.0,5748288000.0,5748288000.0
sh600288,大恒科技,2017-04-13,13.18,13.36,13.02,13.07,13.16,10005893.0,131976871.0,5708976000.0,5708976000.0
sh600288,大恒科技,2017-04-14,13.0,13.07,12.75,12.77,13.07,7912349.0,101759282.0,5577936000.0,5577936000.0
sh600288,大恒科技,2017-04-17,12.7,13.1,12.48,12.64,12.77,7976774.0,101970769.0,5521152000.0,5521152000.0
sh600288,大恒科技,2017-04-18,12.64,12.69,12.35,12.44,12.64,6509496.0,81529581.0,5433792000.0,5433792000.0
sh600288,大恒科技,2017-04-19,12.3,12.35,12.01,12.1,12.44,7816258.0,94786543.0,5285280000.0,5285280000.0
sh600288,大恒科技,2017-04-20,12.13,12.19,11.95,12.16,12.1,6577382.0,79414842.0,5311488000.0,5311488000.0
sh600288,大恒科技,2017-04-21,12.18,12.24,12.1,12.15,12.16,3012481.0,36615672.0,5307120000.0,5307120000.0
sh600288,大恒科技,2017-04-24,12.15,12.17,11.25,11.28,12.15,10508506.0,121079052.0,4927104000.0,4927104000.0
sh600288,大恒科技,2017-04-25,11.38,11.53,11.31,11.41,11.28,4854300.0,55478338.0,4983888000.0,4983888000.0
sh600288,大恒科技,2017-04-26,11.45,11.52,11.36,11.4,11.41,3876200.0,44358018.0,4979520000.0,4979520000.0
sh600288,大恒科技,2017-04-27,11.39,11.4,10.9,11.23,11.4,8153712.0,90549381.0,4905264000.0,4905264000.0
sh600288,大恒科技,2017-04-28,11.2,11.38,11.2,11.33,11.23,3393930.0,38325871.0,4948944000.0,4948944000.0
sh600288,大恒科技,2017-05-02,11.27,11.33,11.19,11.26,11.33,3386001.0,38062694.0,4918368000.0,4918368000.0
sh600288,大恒科技,2017-05-03,11.25,11.27,11.0,11.15,11.26,4594455.0,51233888.0,4870320000.0,4870320000.0
sh600288,大恒科技,2017-05-04,11.11,11.37,11.01,11.24,11.15,5187300.0,58261491.0,4909632000.0,4909632000.0
sh600288,大恒科技,2017-05-05,11.2,11.25,11.01,11.05,11.24,4988637.0,55531216.0,4826640000.0,4826640000.0
sh600288,大恒科技,2017-05-08,11.04,11.04,10.56,10.57,11.05,5537708.0,59885675.0,4616976000.0,4616976000.0
sh600288,大恒科技,2017-05-09,10.56,10.74,10.5,10.69,10.57,3478800.0,36972993.0,4669392000.0,4669392000.0
sh600288,大恒科技,2017-05-10,10.69,10.8,10.4,10.4,10.69,4338500.0,46110226.0,4542720000.0,4542720000.0
sh600288,大恒科技,2017-05-11,10.37,10.37,9.91,10.26,10.4,6114311.0,62004499.0,4481568000.0,4481568000.0
sh600288,大恒科技,2017-05-12,10.16,10.38,10.16,10.27,10.26,3460421.0,35533709.0,4485936000.0,4485936000.0
sh600288,大恒科技,2017-05-15,10.23,10.36,10.23,10.3,10.27,2902787.0,29948276.0,4499040000.0,4499040000.0
sh600288,大恒科技,2017-05-16,10.3,10.59,10.12,10.58,10.3,4985042.0,51750316.0,4621344000.0,4621344000.0
sh600288,大恒科技,2017-05-17,10.51,10.78,10.5,10.61,10.58,4525127.0,48169865.0,4634448000.0,4634448000.0
sh600288,大恒科技,2017-05-18,10.5,10.58,10.38,10.49,10.61,4387401.0,46046170.0,4582032000.0,4582032000.0
sh600288,大恒科技,2017-05-19,10.5,10.67,10.43,10.55,10.49,4357436.0,45981823.0,4608240000.0,4608240000.0
sh600288,大恒科技,2017-05-22,10.58,10.58,10.16,10.2,10.55,4132372.0,42816297.0,4455360000.0,4455360000.0
sh600288,大恒科技,2017-05-23,10.2,10.28,9.74,9.82,10.2,6624794.0,66090752.0,4289376000.0,4289376000.0
sh600288,大恒科技,2017-05-24,9.66,9.95,9.62,9.81,9.82,4738809.0,46231044.0,4285008000.0,4285008000.0
sh600288,大恒科技,2017-05-25,9.85,10.04,9.81,10.03,9.81,5044326.0,50182455.0,4381104000.0,4381104000.0
sh600288,大恒科技,2017-05-26,10.06,10.2,9.95,10.19,10.03,4256769.0,42784604.0,4450992000.0,4450992000.0
sh600288,大恒科技,2017-05-31,10.43,10.45,10.0,10.04,10.19,3981021.0,40753395.0,4385472000.0,4385472000.0
sh600288,大恒科技,2017-06-01,10.05,10.2,9.72,9.77,10.04,3957699.0,39454295.0,4267536000.0,4267536000.0
sh600288,大恒科技,2017-06-02,9.74,10.05,9.7,9.99,9.77,3757993.0,37088295.0,4363632000.0,4363632000.0
sh600288,大恒科技,2017-06-05,10.02,10.19,9.97,10.18,9.99,3561855.0,35999386.0,4446624000.0,4446624000.0
sh600288,大恒科技,2017-06-06,10.13,10.28,10.06,10.25,10.18,3641662.0,37137250.0,4477200000.0,4477200000.0
sh600288,大恒科技,2017-06-07,10.57,11.16,10.57,10.77,10.25,18851402.0,203334069.0,4704336000.0,4704336000.0
sh600288,大恒科技,2017-06-08,10.61,10.79,10.58,10.61,10.77,9097979.0,96922570.0,4634448000.0,4634448000.0
sh600288,大恒科技,2017-06-09,10.6,10.66,10.5,10.62,10.61,4857523.0,51415313.0,4638816000.0,4638816000.0
sh600288,大恒科技,2017-06-12,10.61,10.61,10.31,10.35,10.62,4755224.0,49565612.0,4520880000.0,4520880000.0
sh600288,大恒科技,2017-06-13,10.35,10.56,10.3,10.5,10.35,3530922.0,36950534.0,4586400000.0,4586400000.0
sh600288,大恒科技,2017-06-14,10.59,10.87,10.46,10.76,10.5,8941858.0,95573920.0,4699968000.0,4699968000.0
sh600288,大恒科技,2017-06-15,10.76,10.89,10.59,10.81,10.76,7757068.0,83566820.0,4721808000.0,4721808000.0
sh600288,大恒科技,2017-06-16,10.79,10.8,10.63,10.69,10.81,4397181.0,47033957.0,4669392000.0,4669392000.0
sh600288,大恒科技,2017-06-19,10.65,10.76,10.62,10.68,10.69,3270067.0,34967083.0,4665024000.0,4665024000.0
sh600288,大恒科技,2017-06-20,10.7,10.94,10.7,10.72,10.68,6069613.0,65602493.0,4682496000.0,4682496000.0
sh600288,大恒科技,2017-06-21,10.75,10.85,10.61,10.72,10.72,4698574.0,50396382.0,4682496000.0,4682496000.0
sh600288,大恒科技,2017-06-22,10.7,10.82,10.51,10.52,10.72,4314800.0,46136658.0,4595136000.0,4595136000.0
sh600288,大恒科技,2017-06-23,10.52,10.6,10.21,10.37,10.52,5551294.0,57576276.0,4529616000.0,4529616000.0
sh600288,大恒科技,2017-06-26,10.36,10.6,10.31,10.59,10.37,5337620.0,55805067.0,4625712000.0,4625712000.0
sh600288,大恒科技,2017-06-27,10.59,10.75,10.51,10.64,10.59,3903707.0,41644800.0,4647552000.0,4647552000.0
sh600288,大恒科技,2017-06-28,10.6,10.64,10.42,10.45,10.64,3392545.0,35633980.0,4564560000.0,4564560000.0
sh600288,大恒科技,2017-06-29,10.43,10.64,10.42,10.55,10.45,2899445.0,30588389.0,4608240000.0,4608240000.0
sh600288,大恒科技,2017-06-30,10.51,10.66,10.46,10.6,10.55,3086710.0,32650701.0,4630080000.0,4630080000.0
sh600288,大恒科技,2017-07-03,10.6,10.69,10.56,10.68,10.6,2969211.0,31614205.0,4665024000.0,4665024000.0
sh600288,大恒科技,2017-07-04,10.7,10.76,10.55,10.65,10.68,3684797.0,39142956.0,4651920000.0,4651920000.0
sh600288,大恒科技,2017-07-05,10.62,10.98,10.56,10.94,10.65,11294363.0,122551852.0,4778592000.0,4778592000.0
sh600288,大恒科技,2017-07-06,10.94,11.2,10.88,11.04,10.94,13559024.0,150087339.0,4822272000.0,4822272000.0
sh600288,大恒科技,2017-07-07,10.9,11.07,10.9,11.0,11.04,6243775.0,68563752.0,4804800000.0,4804800000.0
sh600288,大恒科技,2017-07-10,11.04,11.12,10.73,10.77,11.0,7882664.0,85929217.0,4704336000.0,4704336000.0
sh600288,大恒科技,2017-07-11,10.74,11.85,10.74,11.54,10.77,41392782.0,481780668.0,5040672000.0,5040672000.0
sh600288,大恒科技,2017-07-12,11.2,11.46,10.95,11.17,11.54,26165691.0,291821282.0,4879056000.0,4879056000.0
sh600288,大恒科技,2017-07-13,11.04,11.3,10.88,11.27,11.17,19870217.0,220003284.0,4922736000.0,4922736000.0
sh600288,大恒科技,2017-07-14,11.15,11.18,10.93,11.01,11.27,8900320.0,98346539.0,4809168000.0,4809168000.0
sh600288,大恒科技,2017-07-17,10.85,10.98,9.92,9.98,11.01,17522880.0,181351769.0,4359264000.0,4359264000.0
sh600288,大恒科技,2017-07-18,9.91,10.15,9.81,10.1,9.98,6333997.0,63212414.0,4411680000.0,4411680000.0
sh600288,大恒科技,2017-07-19,10.09,10.25,9.96,10.2,10.1,5578807.0,56461221.0,4455360000.0,4455360000.0
sh600288,大恒科技,2017-07-20,10.19,10.38,10.12,10.19,10.2,6150705.0,63239081.0,4450992000.0,4450992000.0
sh600288,大恒科技,2017-07-21,10.27,10.51,10.2,10.33,10.19,5796899.0,59965179.0,4512144000.0,4512144000.0
sh600288,大恒科技,2017-07-24,10.3,10.32,10.11,10.25,10.33,4705109.0,48064014.0,4477200000.0,4477200000.0
sh600288,大恒科技,2017-07-25,10.26,10.38,10.08,10.37,10.25,6079818.0,62143046.0,4529616000.0,4529616000.0
sh600288,大恒科技,2017-07-26,10.29,10.49,10.26,10.32,10.37,4524400.0,46907807.0,4507776000.0,4507776000.0
sh600288,大恒科技,2017-07-27,10.32,10.54,10.23,10.51,10.32,6155842.0,64325339.0,4590768000.0,4590768000.0
sh600288,大恒科技,2017-07-28,10.55,10.64,10.4,10.4,10.51,4677078.0,49034732.0,4542720000.0,4542720000.0
sh600288,大恒科技,2017-07-31,10.49,10.57,10.37,10.52,10.4,5602733.0,58650211.0,4595136000.0,4595136000.0
sh600288,XD大恒科,2017-08-01,10.52,10.52,10.35,10.38,10.5,4256770.0,44304531.0,4533984000.0,4533984000.0
sh600288,大恒科技,2017-08-02,10.39,10.51,10.23,10.25,10.38,4986236.0,51635750.0,4477200000.0,4477200000.0
sh600288,大恒科技,2017-08-03,10.21,10.42,10.2,10.31,10.25,4132536.0,42662474.0,4503408000.0,4503408000.0
sh600288,大恒科技,2017-08-04,10.32,10.38,10.25,10.32,10.31,3770349.0,38892663.0,4507776000.0,4507776000.0
sh600288,大恒科技,2017-08-07,10.3,10.36,10.25,10.31,10.32,3090339.0,31816362.0,4503408000.0,4503408000.0
sh600288,大恒科技,2017-08-08,10.3,10.36,10.24,10.31,10.31,2755571.0,28365943.0,4503408000.0,4503408000.0
sh600288,大恒科技,2017-08-09,10.32,10.69,10.26,10.62,10.31,13695134.0,144962826.0,4638816000.0,4638816000.0
sh600288,大恒科技,2017-08-10,10.52,11.13,10.52,10.85,10.62,19645725.0,212468298.0,4739280000.0,4739280000.0
sh600288,大恒科技,2017-08-11,10.75,11.15,10.7,10.8,10.85,12142543.0,132498923.0,4717440000.0,4717440000.0
sh600288,大恒科技,2017-08-14,10.74,10.99,10.73,10.9,10.8,7727693.0,84065371.0,4761120000.0,4761120000.0
sh600288,大恒科技,2017-08-15,10.95,10.95,10.68,10.81,10.9,6325101.0,68369868.0,4721808000.0,4721808000.0
sh600288,大恒科技,2017-08-16,10.81,11.15,10.71,11.02,10.81,12116495.0,133858637.0,4813536000.0,4813536000.0
sh600288,大恒科技,2017-08-17,10.95,11.21,10.8,11.12,11.02,10270538.0,113184705.0,4857216000.0,4857216000.0
sh600288,大恒科技,2017-08-18,11.0,11.2,10.8,11.03,11.12,13213229.0,145147118.0,4817904000.0,4817904000.0
sh600288,大恒科技,2017-08-21,11.02,11.5,10.95,11.16,11.03,11330221.0,127205298.0,4874688000.0,4874688000.0
sh600288,大恒科技,2017-08-22,11.11,11.71,11.08,11.43,11.16,23503447.0,268138097.0,4992624000.0,4992624000.0
sh600288,大恒科技,2017-08-23,11.32,11.46,11.15,11.2,11.43,11305709.0,127473294.0,4892160000.0,4892160000.0
sh600288,大恒科技,2017-08-24,11.16,11.16,10.92,11.07,11.2,9951843.0,109578293.0,4835376000.0,4835376000.0
sh600288,大恒科技,2017-08-25,11.09,11.16,11.01,11.05,11.07,6437873.0,71293682.0,4826640000.0,4826640000.0
sh600288,大恒科技,2017-08-28,11.07,11.25,11.07,11.17,11.05,8074816.0,90117940.0,4879056000.0,4879056000.0
sh600288,大恒科技,2017-08-29,11.24,11.27,10.97,11.01,11.17,6239450.0,69366559.0,4809168000.0,4809168000.0
sh600288,大恒科技,2017-08-30,11.01,11.2,11.0,11.12,11.01,3828604.0,42499404.0,4857216000.0,4857216000.0
sh600288,大恒科技,2017-08-31,11.16,11.16,11.01,11.13,11.12,4041418.0,44812979.0,4861584000.0,4861584000.0
sh600288,大恒科技,2017-09-01,11.35,11.57,11.2,11.4,11.13,16543363.0,188548201.0,4979520000.0,4979520000.0
sh600288,大恒科技,2017-09-04,11.32,11.69,11.25,11.57,11.4,15897687.0,183197036.0,5053776000.0,5053776000.0
sh600288,大恒科技,2017-09-05,11.5,11.85,11.35,11.71,11.57,17544410.0,204205434.0,5114928000.0,5114928000.0
sh600288,大恒科技,2017-09-06,11.64,11.79,11.48,11.59,11.71,11126800.0,128952825.0,5062512000.0,5062512000.0
sh600288,大恒科技,2017-09-07,11.57,11.9,11.37,11.59,11.59,15735066.0,182058449.0,5062512000.0,5062512000.0
sh600288,大恒科技,2017-09-08,11.52,12.23,11.4,12.21,11.59,29927644.0,354410380.0,5333328000.0,5333328000.0
sh600288,大恒科技,2017-09-11,12.0,12.09,11.82,11.94,12.21,17973180.0,214391146.0,5215392000.0,5215392000.0
sh600288,大恒科技,2017-09-12,11.92,11.93,11.67,11.79,11.94,13612656.0,160411750.0,5149872000.0,5149872000.0
sh600288,大恒科技,2017-09-13,11.78,11.93,11.67,11.89,11.79,10035002.0,118400876.0,5193552000.0,5193552000.0
sh600288,大恒科技,2017-09-14,11.9,11.94,11.61,11.62,11.89,9474324.0,111272029.0,5075616000.0,5075616000.0
sh600288,大恒科技,2017-09-15,11.67,11.69,11.51,11.56,11.62,4810050.0,55745783.0,5049408000.0,5049408000.0
sh600288,大恒科技,2017-09-18,11.56,11.83,11.54,11.74,11.56,7713929.0,90342061.0,5128032000.0,5128032000.0
sh600288,大恒科技,2017-09-19,11.77,11.81,11.6,11.67,11.74,5045891.0,59065021.0,5097456000.0,5097456000.0
sh600288,大恒科技,2017-09-20,11.63,11.91,11.63,11.82,11.67,11801309.0,139260950.0,5162976000.0,5162976000.0
sh600288,大恒科技,2017-09-21,11.75,11.81,11.49,11.49,11.82,10268073.0,119405298.0,5018832000.0,5018832000.0
sh600288,大恒科技,2017-09-22,11.48,11.64,11.2,11.49,11.49,8760102.0,99915855.0,5018832000.0,5018832000.0
sh600288,大恒科技,2017-09-25,11.46,11.93,11.36,11.74,11.49,13119112.0,153561069.0,5128032000.0,5128032000.0
sh600288,大恒科技,2017-09-26,11.63,11.8,11.4,11.53,11.74,9296037.0,107543891.0,5036304000.0,5036304000.0
sh600288,大恒科技,2017-09-27,11.49,11.69,11.46,11.54,11.53,5678061.0,65831059.0,5040672000.0,5040672000.0
sh600288,大恒科技,2017-09-28,11.52,11.98,11.52,11.93,11.54,18997188.0,224258053.0,5211024000.0,5211024000.0
sh600288,大恒科技,2017-09-29,12.1,12.12,11.75,11.86,11.93,17763117.0,212086032.0,5180448000.0,5180448000.0
sh600288,大恒科技,2017-10-09,12.08,12.28,11.88,11.96,11.86,13223988.0,158780443.0,5224128000.0,5224128000.0
sh600288,大恒科技,2017-10-10,11.95,12.16,11.87,12.12,11.96,11060263.0,132938396.0,5294016000.0,5294016000.0
sh600288,大恒科技,2017-10-11,12.4,12.66,11.86,11.88,12.12,16834981.0,205552919.0,5189184000.0,5189184000.0
sh600288,大恒科技,2017-10-12,11.87,11.93,11.66,11.81,11.88,8690177.0,102339240.0,5158608000.0,5158608000.0
sh600288,大恒科技,2017-10-13,11.72,11.83,11.71,11.81,11.81,3929291.0,46282261.0,5158608000.0,5158608000.0
sh600288,大恒科技,2017-10-16,11.97,12.25,11.87,12.06,11.81,17576355.0,212331813.0,5267808000.0,5267808000.0
sh600288,大恒科技,2017-10-17,11.9,11.94,11.5,11.58,12.06,17900048.0,208477909.0,5058144000.0,5058144000.0
sh600288,大恒科技,2017-10-18,11.63,11.89,11.54,11.56,11.58,10039192.0,117689406.0,5049408000.0,5049408000.0
sh600288,大恒科技,2017-10-19,11.5,11.79,11.4,11.43,11.56,6290915.0,73037103.0,4992624000.0,4992624000.0
sh600288,大恒科技,2017-10-20,11.42,11.53,11.36,11.51,11.43,4052400.0,46415298.0,5027568000.0,5027568000.0
sh600288,大恒科技,2017-10-23,11.58,11.58,11.44,11.51,11.51,3294201.0,37833722.0,5027568000.0,5027568000.0
sh600288,大恒科技,2017-10-24,11.51,11.53,11.14,11.23,11.51,7172600.0,80961632.0,4905264000.0,4905264000.0
sh600288,大恒科技,2017-10-25,11.25,11.33,11.21,11.29,11.23,2718968.0,30677931.0,4931472000.0,4931472000.0
sh600288,大恒科技,2017-10-26,11.3,11.4,11.21,11.35,11.29,3334029.0,37777308.0,4957680000.0,4957680000.0
sh600288,大恒科技,2017-10-27,11.36,11.42,11.11,11.19,11.35,3130548.0,35284414.0,4887792000.0,4887792000.0
sh600288,大恒科技,2017-10-30,11.24,11.27,10.47,10.6,11.19,8603714.0,92243444.0,4630080000.0,4630080000.0
sh600288,大恒科技,2017-10-31,10.6,10.69,10.52,10.63,10.6,3219938.0,34141703.0,4643184000.0,4643184000.0
sh600288,大恒科技,2017-11-01,10.69,10.75,10.6,10.65,10.63,2630858.0,28036566.0,4651920000.0,4651920000.0
sh600288,大恒科技,2017-11-02,10.63,10.63,10.44,10.47,10.65,3728745.0,39163311.0,4573296000.0,4573296000.0
sh600288,大恒科技,2017-11-03,10.49,10.53,10.23,10.36,10.47,3813200.0,39537182.0,4525248000.0,4525248000.0
sh600288,大恒科技,2017-11-06,10.36,10.46,10.3,10.43,10.36,2827536.0,29381260.0,4555824000.0,4555824000.0
sh600288,大恒科技,2017-11-07,10.43,10.56,10.38,10.54,10.43,4089466.0,42844931.0,4603872000.0,4603872000.0
sh600288,大恒科技,2017-11-08,10.5,10.75,10.49,10.61,10.54,4686800.0,49808258.0,4634448000.0,4634448000.0
sh600288,大恒科技,2017-11-09,10.6,11.1,10.55,10.9,10.61,7296767.0,79386871.0,4761120000.0,4761120000.0
sh600288,大恒科技,2017-11-10,10.8,11.04,10.78,10.97,10.9,5552635.0,60503225.0,4791696000.0,4791696000.0
sh600288,大恒科技,2017-11-13,10.94,10.99,10.84,10.94,10.97,3568700.0,38977518.0,4778592000.0,4778592000.0
sh600288,大恒科技,2017-11-14,10.94,10.97,10.72,10.75,10.94,3852691.0,41693959.0,4695600000.0,4695600000.0
sh600288,大恒科技,2017-11-15,10.75,10.84,10.6,10.6,10.75,3345852.0,35856638.0,4630080000.0,4630080000.0
sh600288,大恒科技,2017-11-16,10.58,10.75,10.58,10.71,10.6,3371434.0,36024668.0,4678128000.0,4678128000.0
sh600288,大恒科技,2017-11-17,10.71,10.74,10.01,10.08,10.71,7038434.0,72342607.0,4402944000.0,4402944000.0
sh600288,大恒科技,2017-11-20,9.99,10.17,9.86,10.15,10.08,3071550.0,30803438.0,4433520000.0,4433520000.0
sh600288,大恒科技,2017-11-21,10.15,10.21,10.05,10.17,10.15,2788182.0,28264120.0,4442256000.0,4442256000.0
sh600288,大恒科技,2017-11-22,10.19,10.2,9.99,10.06,10.17,3241426.0,32651391.0,4394208000.0,4394208000.0
sh600288,大恒科技,2017-11-23,10.06,10.44,9.96,9.98,10.06,5713552.0,58181564.0,4359264000.0,4359264000.0
sh600288,大恒科技,2017-11-24,9.95,10.04,9.8,9.86,9.98,4925513.0,48771283.0,4306848000.0,4306848000.0
sh600288,大恒科技,2017-11-27,9.86,9.89,9.68,9.75,9.86,2737101.0,26761736.0,4258800000.0,4258800000.0
sh600288,大恒科技,2017-11-28,9.71,9.88,9.71,9.87,9.75,2194208.0,21514855.0,4311216000.0,4311216000.0
sh600288,大恒科技,2017-11-29,9.88,9.93,9.71,9.92,9.87,2701732.0,26543204.0,4333056000.0,4333056000.0
sh600288,大恒科技,2017-11-30,9.86,10.16,9.8,10.03,9.92,4661721.0,46454213.0,4381104000.0,4381104000.0
sh600288,大恒科技,2017-12-01,9.98,10.11,9.92,10.04,10.03,3359163.0,33670636.0,4385472000.0,4385472000.0
sh600288,大恒科技,2017-12-04,10.07,10.07,9.8,9.81,10.04,2984117.0,29585003.0,4285008000.0,4285008000.0
sh600288,大恒科技,2017-12-05,9.9,9.9,8.85,8.97,9.81,12036525.0,111160057.0,3918096000.0,3918096000.0
sh600288,大恒科技,2017-12-06,8.98,9.11,8.7,8.97,8.97,6579022.0,58562778.0,3918096000.0,3918096000.0
sh600288,大恒科技,2017-12-07,8.95,9.06,8.75,8.84,8.97,7984776.0,70864420.0,3861312000.0,3861312000.0
sh600288,大恒科技,2017-12-08,8.85,8.95,8.79,8.91,8.84,5247400.0,46599162.0,3891888000.0,3891888000.0
sh600288,大恒科技,2017-12-11,8.94,9.13,8.88,9.0,8.91,4703244.0,42384766.0,3931200000.0,3931200000.0
sh600288,大恒科技,2017-12-12,9.06,9.06,8.76,8.81,9.0,4696933.0,41713248.0,3848208000.0,3848208000.0
sh600288,大恒科技,2017-12-13,8.84,8.97,8.81,8.97,8.81,3786437.0,33717327.0,3918096000.0,3918096000.0
sh600288,大恒科技,2017-12-14,8.93,9.02,8.88,8.92,8.97,2852591.0,25458100.0,3896256000.0,3896256000.0
sh600288,大恒科技,2017-12-15,8.92,9.02,8.85,8.97,8.92,4220902.0,37737319.0,3918096000.0,3918096000.0
sh600288,大恒科技,2017-12-18,8.95,8.96,8.79,8.82,8.97,3680331.0,32604597.0,3852576000.0,3852576000.0
sh600288,大恒科技,2017-12-19,8.84,9.02,8.82,9.01,8.82,4606352.0,41207478.0,3935568000.0,3935568000.0
sh600288,大恒科技,2017-12-20,8.99,8.99,8.82,8.86,9.01,2739853.0,24377720.0,3870048000.0,3870048000.0
sh600288,大恒科技,2017-12-21,8.83,8.97,8.75,8.91,8.86,3442389.0,30453728.0,3891888000.0,3891888000.0
sh600288,大恒科技,2017-12-22,8.93,8.93,8.85,8.87,8.91,1707198.0,15175165.0,3874416000.0,3874416000.0
sh600288,大恒科技,2017-12-25,8.95,8.95,8.45,8.54,8.87,4907195.0,42414878.0,3730272000.0,3730272000.0
sh600288,大恒科技,2017-12-26,8.49,8.68,8.46,8.65,8.54,2494955.0,21371123.0,3778320000.0,3778320000.0
sh600288,大恒科技,2017-12-27,8.65,8.66,8.52,8.53,8.65,2615290.0,22487491.0,3725904000.0,3725904000.0
sh600288,大恒科技,2017-12-28,8.52,8.69,8.52,8.62,8.53,2351991.0,20249440.0,3765216000.0,3765216000.0
sh600288,大恒科技,2017-12-29,8.63,8.75,8.57,8.72,8.62,2635333.0,22905687.0,3808896000.0,3808896000.0
sh600288,大恒科技,2018-01-02,8.76,8.79,8.71,8.78,8.72,2640691.0,23103437.0,3835104000.0,3835104000.0
sh600288,大恒科技,2018-01-03,8.78,8.93,8.74,8.91,8.78,4120391.0,36521863.0,3891888000.0,3891888000.0
sh600288,大恒科技,2018-01-04,8.91,8.95,8.84,8.9,8.91,2738023.0,24331843.0,3887520000.0,3887520000.0
sh600288,大恒科技,2018-01-05,8.85,9.05,8.85,8.94,8.9,3366906.0,30118658.0,3904992000.0,3904992000.0
sh600288,大恒科技,2018-01-08,8.95,8.95,8.8,8.89,8.94,2380423.0,21125181.0,3883152000.0,3883152000.0
sh600288,大恒科技,2018-01-09,8.93,8.93,8.86,8.89,8.89,2009537.0,17864948.0,3883152000.0,3883152000.0
sh600288,大恒科技,2018-01-10,8.95,8.95,8.72,8.81,8.89,3529651.0,31158842.0,3848208000.0,3848208000.0
sh600288,大恒科技,2018-01-11,8.79,9.08,8.72,9.07,8.81,6010066.0,53819376.0,3961776000.0,3961776000.0
sh600288,大恒科技,2018-01-12,9.04,9.16,8.91,8.96,9.07,4478659.0,40458644.0,3913728000.0,3913728000.0
sh600288,大恒科技,2018-01-15,8.97,8.97,8.56,8.59,8.96,4770035.0,41484034.0,3752112000.0,3752112000.0
sh600288,大恒科技,2018-01-16,8.58,8.73,8.48,8.56,8.59,3548082.0,30413799.0,3739008000.0,3739008000.0
sh600288,大恒科技,2018-01-17,8.58,8.61,8.43,8.59,8.56,3673418.0,31302469.0,3752112000.0,3752112000.0
sh600288,大恒科技,2018-01-18,8.59,8.65,8.56,8.63,8.59,2185392.0,18823208.0,3769584000.0,3769584000.0
sh600288,大恒科技,2018-01-19,8.58,8.79,8.58,8.66,8.63,2950901.0,25683578.0,3782688000.0,3782688000.0
sh600288,大恒科技,2018-01-22,8.62,8.76,8.55,8.72,8.66,2778466.0,24052859.0,3808896000.0,3808896000.0
sh600288,大恒科技,2018-01-23,8.69,8.76,8.63,8.75,8.72,1926309.0,16749579.0,3822000000.0,3822000000.0
sh600288,大恒科技,2018-01-24,8.76,8.93,8.69,8.91,8.75,4566262.0,40433245.0,3891888000.0,3891888000.0
sh600288,大恒科技,2018-01-25,8.9,8.95,8.77,8.79,8.91,3257158.0,28879006.0,3839472000.0,3839472000.0
sh600288,大恒科技,2018-01-26,8.81,8.84,8.73,8.75,8.79,1790800.0,15745710.0,3822000000.0,3822000000.0
sh600288,大恒科技,2018-01-29,8.8,8.81,8.53,8.59,8.75,2689315.0,23256839.0,3752112000.0,3752112000.0
sh600288,大恒科技,2018-01-30,8.6,8.6,8.45,8.48,8.59,3181211.0,27037017.0,3704064000.0,3704064000.0
sh600288,大恒科技,2018-01-31,8.47,8.47,7.94,7.98,8.48,8153443.0,66226244.0,3485664000.0,3485664000.0
sh600288,大恒科技,2018-02-01,7.97,8.07,7.28,7.29,7.98,6813380.0,51758064.0,3184272000.0,3184272000.0
sh600288,大恒科技,2018-02-02,7.07,7.4,6.9,7.33,7.29,7049462.0,50648734.0,3201744000.0,3201744000.0
sh600288,大恒科技,2018-02-05,7.08,7.32,7.08,7.25,7.33,2487100.0,18002121.0,3166800000.0,3166800000.0
sh600288,大恒科技,2018-02-06,7.01,7.17,6.53,6.55,7.25,5819975.0,39977273.0,2861040000.0,2861040000.0
sh600288,大恒科技,2018-02-07,6.65,6.83,6.38,6.59,6.55,4446581.0,29353353.0,2878512000.0,2878512000.0
sh600288,大恒科技,2018-02-08,6.62,6.81,6.62,6.77,6.59,3228159.0,21750519.0,2957136000.0,2957136000.0
sh600288,大恒科技,2018-02-09,6.52,6.68,6.46,6.55,6.77,3694600.0,24219463.0,2861040000.0,2861040000.0
sh600288,大恒科技,2018-02-12,6.65,6.84,6.59,6.77,6.55,3307408.0,22337082.0,2957136000.0,2957136000.0
sh600288,大恒科技,2018-02-13,6.83,6.97,6.73,6.77,6.77,2805300.0,19178393.0,2957136000.0,2957136000.0
sh600288,大恒科技,2018-02-14,6.85,6.85,6.7,6.79,6.77,1674200.0,11368573.0,2965872000.0,2965872000.0
sh600288,大恒科技,2018-02-22,6.82,6.96,6.82,6.92,6.79,2445400.0,16891871.0,3022656000.0,3022656000.0
sh600288,大恒科技,2018-02-23,6.94,7.05,6.9,7.01,6.92,2948800.0,20592416.0,3061968000.0,3061968000.0
sh600288,大恒科技,2018-02-26,7.01,7.27,7.01,7.22,7.01,3854259.0,27610551.0,3153696000.0,3153696000.0
sh600288,大恒科技,2018-02-27,7.23,7.36,7.16,7.22,7.22,3559993.0,25840770.0,3153696000.0,3153696000.0
sh600288,大恒科技,2018-02-28,7.2,7.94,7.13,7.94,7.22,12469306.0,97530715.0,3468192000.0,3468192000.0
sh600288,大恒科技,2018-03-01,7.86,8.15,7.7,7.89,7.94,14268172.0,112473540.0,3446352000.0,3446352000.0
sh600288,大恒科技,2018-03-02,7.85,7.87,7.66,7.67,7.89,7096670.0,55100071.0,3350256000.0,3350256000.0
sh600288,大恒科技,2018-03-05,7.69,7.81,7.64,7.68,7.67,4084762.0,31541036.0,3354624000.0,3354624000.0
sh600288,大恒科技,2018-03-06,7.68,8.02,7.66,7.98,7.68,8962999.0,70745048.0,3485664000.0,3485664000.0
sh600288,大恒科技,2018-03-07,7.98,7.98,7.75,7.81,7.98,6228965.0,48897936.0,3411408000.0,3411408000.0
sh600288,大恒科技,2018-03-08,7.85,7.87,7.76,7.82,7.81,3353100.0,26160279.0,3415776000.0,3415776000.0
sh600288,大恒科技,2018-03-09,7.86,8.06,7.79,7.97,7.82,7153641.0,56870906.0,3481296000.0,3481296000.0
sh600288,大恒科技,2018-03-12,7.94,8.27,7.93,8.25,7.97,9824281.0,80163514.0,3603600000.0,3603600000.0
sh600288,大恒科技,2018-03-13,8.2,8.37,8.12,8.22,8.25,9293607.0,76599997.0,3590496000.0,3590496000.0
sh600288,大恒科技,2018-03-14,8.27,8.41,8.01,8.09,8.22,7273119.0,59577831.0,3533712000.0,3533712000.0
sh600288,大恒科技,2018-03-15,8.0,8.07,7.76,7.87,8.09,6176800.0,48823558.0,3437616000.0,3437616000.0
sh600288,大恒科技,2018-03-16,7.84,8.4,7.84,8.18,7.87,9571897.0,78286852.0,3573024000.0,3573024000.0
sh600288,大恒科技,2018-03-19,8.15,8.45,8.15,8.2,8.18,8438925.0,69991763.0,3581760000.0,3581760000.0
sh600288,大恒科技,2018-03-20,8.09,8.27,7.9,8.22,8.2,6862901.0,55455694.0,3590496000.0,3590496000.0
sh600288,大恒科技,2018-03-21,8.15,8.4,8.02,8.13,8.22,7147189.0,59022743.0,3551184000.0,3551184000.0
sh600288,大恒科技,2018-03-22,8.18,8.64,8.15,8.53,8.13,14504291.0,122349467.0,3725904000.0,3725904000.0
sh600288,大恒科技,2018-03-23,8.15,8.29,7.7,7.84,8.53,12444958.0,100087423.0,3424512000.0,3424512000.0
sh600288,大恒科技,2018-03-26,7.77,8.57,7.3,8.44,7.84,15447448.0,123190707.0,3686592000.0,3686592000.0
sh600288,大恒科技,2018-03-27,8.68,9.05,8.55,8.78,8.44,25723446.0,227325698.0,3835104000.0,3835104000.0
sh600288,大恒科技,2018-03-28,8.5,8.73,8.38,8.56,8.78,10996897.0,94352459.0,3739008000.0,3739008000.0
sh600288,大恒科技,2018-03-29,8.59,8.66,8.46,8.58,8.56,7547266.0,64720110.0,3747744000.0,3747744000.0
sh600288,大恒科技,2018-03-30,8.62,8.85,8.51,8.79,8.58,10014549.0,87072173.0,3839472000.0,3839472000.0
sh600288,大恒科技,2018-04-02,8.82,9.03,8.72,8.94,8.79,13149323.0,116723022.0,3904992000.0,3904992000.0
sh600288,大恒科技,2018-04-03,8.75,8.85,8.55,8.62,8.94,7504019.0,65247456.0,3765216000.0,3765216000.0
sh600288,大恒科技,2018-04-04,8.67,8.83,8.58,8.68,8.62,5568316.0,48561548.0,3791424000.0,3791424000.0
sh600288,大恒科技,2018-04-09,8.63,8.99,8.55,8.9,8.68,8630892.0,76093211.0,3887520000.0,3887520000.0
sh600288,大恒科技,2018-04-10,8.88,9.17,8.67,8.85,8.9,10138819.0,90730193.0,3865680000.0,3865680000.0
sh600288,大恒科技,2018-04-11,8.82,8.89,8.65,8.69,8.85,7932917.0,69382402.0,3795792000.0,3795792000.0
sh600288,大恒科技,2018-04-12,8.69,8.88,8.62,8.72,8.69,6371141.0,55732180.0,3808896000.0,3808896000.0
sh600288,大恒科技,2018-04-13,8.71,8.8,8.6,8.61,8.72,4945600.0,42957692.0,3760848000.0,3760848000.0
sh600288,大恒科技,2018-04-16,8.6,8.6,8.2,8.4,8.61,6231736.0,52267152.0,3669120000.0,3669120000.0
sh600288,大恒科技,2018-04-17,8.49,8.51,7.92,7.96,8.4,6684021.0,55020542.0,3476928000.0,3476928000.0
sh600288,大恒科技,2018-04-18,7.99,8.35,7.98,8.31,7.96,6633157.0,54066141.0,3629808000.0,3629808000.0
sh600288,大恒科技,2018-04-19,8.32,8.57,8.26,8.46,8.31,6357047.0,53646395.0,3695328000.0,3695328000.0
sh600288,大恒科技,2018-04-20,8.6,8.84,8.5,8.63,8.46,12094073.0,105090877.0,3769584000.0,3769584000.0
sh600288,大恒科技,2018-04-23,8.52,8.89,8.45,8.82,8.63,9121696.0,79248674.0,3852576000.0,3852576000.0
sh600288,大恒科技,2018-04-24,8.88,9.05,8.72,9.01,8.82,13126119.0,116837730.0,3935568000.0,3935568000.0
sh600288,大恒科技,2018-04-25,9.9,9.91,9.9,9.91,9.01,8495193.0,84161121.0,4328688000.0,4328688000.0
sh600288,大恒科技,2018-04-26,10.9,10.9,10.36,10.4,9.91,57702874.0,615804120.0,4542720000.0,4542720000.0
sh600288,大恒科技,2018-04-27,10.08,10.18,9.36,9.36,10.4,33088100.0,319467541.0,4088448000.0,4088448000.0
sh600288,大恒科技,2018-05-02,9.15,9.2,8.8,8.86,9.36,18594434.0,167496224.0,3870048000.0,3870048000.0
sh600288,大恒科技,2018-05-03,8.9,9.27,8.84,9.18,8.86,17186120.0,156425506.0,4009824000.0,4009824000.0
sh600288,大恒科技,2018-05-04,9.13,9.13,8.78,8.81,9.18,12959673.0,116625367.0,3848208000.0,3848208000.0
sh600288,大恒科技,2018-05-07,8.96,9.06,8.78,9.0,8.81,10231976.0,91718086.0,3931200000.0,3931200000.0
sh600288,大恒科技,2018-05-08,8.99,9.05,8.9,9.0,9.0,8156681.0,73219288.0,3931200000.0,3931200000.0
sh600288,大恒科技,2018-05-09,8.96,9.14,8.85,9.13,9.0,9605600.0,86485501.0,3987984000.0,3987984000.0
sh600288,大恒科技,2018-05-10,9.08,9.23,8.93,9.05,9.13,8985031.0,81527991.0,3953040000.0,3953040000.0
sh600288,大恒科技,2018-05-11,9.0,9.04,8.75,8.78,9.05,8183874.0,72648656.0,3835104000.0,3835104000.0
sh600288,大恒科技,2018-05-14,8.83,8.9,8.52,8.59,8.78,7038669.0,61339097.0,3752112000.0,3752112000.0
sh600288,大恒科技,2018-05-15,8.58,9.05,8.48,8.94,8.59,8086136.0,71432432.0,3904992000.0,3904992000.0
sh600288,大恒科技,2018-05-16,8.86,8.89,8.75,8.78,8.94,4742218.0,41815710.0,3835104000.0,3835104000.0
sh600288,大恒科技,2018-05-17,8.81,9.0,8.75,8.94,8.78,6306102.0,56214501.0,3904992000.0,3904992000.0
sh600288,大恒科技,2018-05-18,8.94,8.98,8.83,8.95,8.94,3640850.0,32434666.0,3909360000.0,3909360000.0
sh600288,大恒科技,2018-05-21,8.95,9.19,8.9,9.12,8.95,9315866.0,84499825.0,3983616000.0,3983616000.0
sh600288,大恒科技,2018-05-22,9.11,9.15,8.97,9.06,9.12,5231965.0,47297893.0,3957408000.0,3957408000.0
sh600288,大恒科技,2018-05-23,9.02,9.03,8.86,8.87,9.06,5505417.0,49124780.0,3874416000.0,3874416000.0
sh600288,大恒科技,2018-05-24,8.87,8.96,8.74,8.76,8.87,3604800.0,31829666.0,3826368000.0,3826368000.0
sh600288,大恒科技,2018-05-25,8.74,8.82,8.55,8.65,8.76,3803176.0,32933955.0,3778320000.0,3778320000.0
sh600288,大恒科技,2018-05-28,8.61,8.76,8.55,8.63,8.65,2732600.0,23721188.0,3769584000.0,3769584000.0
sh600288,大恒科技,2018-05-29,8.57,8.72,8.35,8.39,8.63,4669300.0,39740542.0,3664752000.0,3664752000.0
sh600288,大恒科技,2018-05-30,8.14,8.3,7.88,7.9,8.39,7555433.0,60694088.0,3450720000.0,3450720000.0
sh600288,大恒科技,2018-05-31,7.98,8.1,7.97,8.06,7.9,3453966.0,27791235.0,3520608000.0,3520608000.0
sh600288,大恒科技,2018-06-01,8.06,8.13,7.95,8.06,8.06,2385216.0,19165276.0,3520608000.0,3520608000.0
sh600288,大恒科技,2018-06-04,8.1,8.14,7.98,8.03,8.06,2392500.0,19322280.0,3507504000.0,3507504000.0
sh600288,大恒科技,2018-06-05,8.02,8.26,8.0,8.22,8.03,3067474.0,24931713.0,3590496000.0,3590496000.0
sh600288,大恒科技,2018-06-06,8.17,8.31,8.14,8.22,8.22,2571160.0,21104371.0,3590496000.0,3590496000.0
sh600288,大恒科技,2018-06-07,8.3,8.3,8.15,8.16,8.22,1695400.0,13910441.0,3564288000.0,3564288000.0
sh600288,大恒科技,2018-06-08,8.16,8.16,7.73,7.86,8.16,4617005.0,36514026.0,3433248000.0,3433248000.0
sh600288,大恒科技,2018-06-11,7.87,7.92,7.65,7.7,7.86,2257900.0,17502747.0,3363360000.0,3363360000.0
sh600288,大恒科技,2018-06-12,7.7,7.8,7.6,7.79,7.7,2876227.0,22232242.0,3402672000.0,3402672000.0
sh600288,大恒科技,2018-06-13,7.79,7.84,7.61,7.64,7.79,2079136.0,16083572.0,3337152000.0,3337152000.0
sh600288,大恒科技,2018-06-14,7.6,7.76,7.54,7.74,7.64,1917053.0,14727583.0,3380832000.0,3380832000.0
sh600288,大恒科技,2018-06-15,7.73,7.73,7.24,7.43,7.74,4017229.0,30043581.0,3245424000.0,3245424000.0
sh600288,大恒科技,2018-06-19,7.25,7.28,6.69,6.7,7.43,5399531.0,37515976.0,2926560000.0,2926560000.0
sh600288,大恒科技,2018-06-20,6.75,6.92,6.68,6.86,6.7,2828607.0,19318964.0,2996448000.0,2996448000.0
sh600288,大恒科技,2018-06-21,6.83,6.96,6.55,6.56,6.86,3265446.0,21957686.0,2865408000.0,2865408000.0
sh600288,大恒科技,2018-06-22,6.5,6.77,6.4,6.75,6.56,2702582.0,18010637.0,2948400000.0,2948400000.0
sh600288,大恒科技,2018-06-25,6.8,6.87,6.73,6.75,6.75,1661859.0,11310159.0,2948400000.0,2948400000.0
sh600288,大恒科技,2018-06-26,6.71,7.06,6.59,7.02,6.75,3654868.0,25349364.0,3066336000.0,3066336000.0
sh600288,大恒科技,2018-06-27,7.06,7.64,6.98,7.34,7.02,6151201.0,45159399.0,3206112000.0,3206112000.0
sh600288,大恒科技,2018-06-28,7.29,7.65,7.2,7.51,7.34,5989396.0,44638129.0,3280368000.0,3280368000.0
sh600288,大恒科技,2018-06-29,7.5,7.87,7.42,7.76,7.51,5325946.0,40901561.0,3389568000.0,3389568000.0
sh600288,大恒科技,2018-07-02,7.77,7.79,7.53,7.63,7.76,3267798.0,25004600.0,3332784000.0,3332784000.0
sh600288,大恒科技,2018-07-03,7.69,7.78,7.51,7.73,7.63,3424415.0,26300181.0,3376464000.0,3376464000.0
sh600288,大恒科技,2018-07-04,7.76,7.76,7.4,7.57,7.73,3752092.0,28312372.0,3306576000.0,3306576000.0
sh600288,大恒科技,2018-07-05,7.54,7.65,7.35,7.36,7.57,2997519.0,22455695.0,3214848000.0,3214848000.0
sh600288,大恒科技,2018-07-06,7.41,7.61,7.26,7.48,7.36,3355309.0,25047595.0,3267264000.0,3267264000.0
sh600288,大恒科技,2018-07-09,7.49,7.81,7.49,7.78,7.48,3554588.0,27414124.0,3398304000.0,3398304000.0
sh600288,大恒科技,2018-07-10,7.79,7.9,7.71,7.79,7.78,3227388.0,25101511.0,3402672000.0,3402672000.0
sh600288,大恒科技,2018-07-11,7.62,7.73,7.41,7.59,7.79,3024492.0,22930047.0,3315312000.0,3315312000.0
sh600288,大恒科技,2018-07-12,7.54,7.88,7.54,7.8,7.59,3357374.0,26149326.0,3407040000.0,3407040000.0
sh600288,大恒科技,2018-07-13,7.8,7.9,7.76,7.83,7.8,2561986.0,20035650.0,3420144000.0,3420144000.0
sh600288,大恒科技,2018-07-16,7.78,7.84,7.68,7.77,7.83,2105670.0,16349570.0,3393936000.0,3393936000.0
sh600288,大恒科技,2018-07-17,7.79,7.84,7.68,7.75,7.77,3153768.0,24464142.0,3385200000.0,3385200000.0
sh600288,大恒科技,2018-07-18,7.8,7.81,7.22,7.31,7.75,7922670.0,59568730.0,3193008000.0,3193008000.0
sh600288,大恒科技,2018-07-19,7.34,8.04,7.31,8.04,7.31,18390663.0,145567771.0,3511872000.0,3511872000.0
sh600288,大恒科技,2018-07-20,8.13,8.6,8.0,8.29,8.04,27872435.0,231548406.0,3621072000.0,3621072000.0
sh600288,大恒科技,2018-07-23,8.21,8.45,8.06,8.41,8.29,18221802.0,151129744.0,3673488000.0,3673488000.0
sh600288,大恒科技,2018-07-24,8.34,8.45,8.16,8.32,8.41,14280414.0,118077874.0,3634176000.0,3634176000.0
sh600288,大恒科技,2018-07-25,8.3,8.32,8.12,8.22,8.32,10726695.0,87929325.0,3590496000.0,3590496000.0
sh600288,大恒科技,2018-07-26,8.2,8.28,8.11,8.25,8.22,8095378.0,66338407.0,3603600000.0,3603600000.0
sh600288,大恒科技,2018-07-27,8.24,8.24,8.01,8.03,8.25,6427742.0,52017910.0,3507504000.0,3507504000.0
sh600288,大恒科技,2018-07-30,8.04,8.13,7.8,7.91,8.03,5666639.0,45030660.0,3455088000.0,3455088000.0
sh600288,大恒科技,2018-07-31,7.9,7.98,7.86,7.92,7.91,3301742.0,26163744.0,3459456000.0,3459456000.0
sh600288,大恒科技,2018-08-01,7.95,7.98,7.6,7.65,7.92,5077292.0,39598967.0,3341520000.0,3341520000.0
sh600288,大恒科技,2018-08-02,7.64,7.85,7.25,7.84,7.65,7788393.0,58741508.0,3424512000.0,3424512000.0
sh600288,大恒科技,2018-08-03,7.74,7.84,7.43,7.45,7.84,4290091.0,32720689.0,3254160000.0,3254160000.0
sh600288,大恒科技,2018-08-06,7.46,7.6,7.35,7.49,7.45,3211700.0,24065905.0,3271632000.0,3271632000.0
sh600288,大恒科技,2018-08-07,7.49,7.79,7.45,7.69,7.49,3347143.0,25466352.0,3358992000.0,3358992000.0
sh600288,大恒科技,2018-08-08,7.65,7.73,7.58,7.62,7.69,3070502.0,23528333.0,3328416000.0,3328416000.0
sh600288,XD大恒科,2018-08-09,7.57,7.76,7.4,7.67,7.6,7047700.0,53626591.0,3350256000.0,3350256000.0
sh600288,大恒科技,2018-08-10,7.65,7.69,7.5,7.61,7.67,3687563.0,28037309.0,3324048000.0,3324048000.0
sh600288,大恒科技,2018-08-13,7.51,7.7,7.4,7.69,7.61,4121862.0,31127691.0,3358992000.0,3358992000.0
sh600288,大恒科技,2018-08-14,7.68,7.74,7.5,7.58,7.69,4434285.0,33757980.0,3310944000.0,3310944000.0
sh600288,大恒科技,2018-08-15,7.58,7.63,7.39,7.44,7.58,3120603.0,23300484.0,3249792000.0,3249792000.0
sh600288,大恒科技,2018-08-16,7.36,7.55,7.3,7.4,7.44,2785200.0,20793615.0,3232320000.0,3232320000.0
sh600288,大恒科技,2018-08-17,7.44,7.52,7.1,7.12,7.4,3127836.0,22963834.0,3110016000.0,3110016000.0
sh600288,大恒科技,2018-08-20,7.14,7.19,6.96,7.15,7.12,2787995.0,19755147.0,3123120000.0,3123120000.0
sh600288,大恒科技,2018-08-21,7.16,7.29,7.12,7.24,7.15,2423353.0,17518745.0,3162432000.0,3162432000.0
sh600288,大恒科技,2018-08-22,7.25,7.29,7.17,7.18,7.24,1524595.0,10981032.0,3136224000.0,3136224000.0
sh600288,大恒科技,2018-08-23,7.14,7.3,7.14,7.2,7.18,2326034.0,16798258.0,3144960000.0,3144960000.0
sh600288,大恒科技,2018-08-24,7.24,7.25,7.15,7.19,7.2,1503001.0,10821247.0,3140592000.0,3140592000.0
sh600288,大恒科技,2018-08-27,7.14,7.41,7.12,7.34,7.19,3047878.0,22237035.0,3206112000.0,3206112000.0
sh600288,大恒科技,2018-08-28,7.28,7.36,7.25,7.27,7.34,2685687.0,19572818.0,3175536000.0,3175536000.0
sh600288,大恒科技,2018-08-29,7.33,7.33,7.15,7.2,7.27,2620115.0,18898068.0,3144960000.0,3144960000.0
sh600288,大恒科技,2018-08-30,7.32,7.65,7.21,7.29,7.2,6978335.0,51719922.0,3184272000.0,3184272000.0
sh600288,大恒科技,2018-08-31,7.19,7.24,7.01,7.06,7.29,4039174.0,28786631.0,3083808000.0,3083808000.0
sh600288,大恒科技,2018-09-03,7.05,7.12,6.95,7.1,7.06,2346284.0,16506624.0,3101280000.0,3101280000.0
sh600288,大恒科技,2018-09-04,7.07,7.19,7.05,7.15,7.1,2124424.0,15154711.0,3123120000.0,3123120000.0
sh600288,大恒科技,2018-09-05,7.13,7.5,7.1,7.15,7.15,4755729.0,34500130.0,3123120000.0,3123120000.0
sh600288,大恒科技,2018-09-06,7.1,7.23,7.06,7.18,7.15,3267400.0,23372300.0,3136224000.0,3136224000.0
sh600288,大恒科技,2018-09-07,7.17,7.28,7.1,7.12,7.18,2714121.0,19490239.0,3110016000.0,3110016000.0
sh600288,大恒科技,2018-09-10,7.14,7.14,6.95,6.97,7.12,3010435.0,21157136.0,3044496000.0,3044496000.0
sh600288,大恒科技,2018-09-11,6.97,7.05,6.91,7.02,6.97,1824300.0,12766701.0,3066336000.0,3066336000.0
sh600288,大恒科技,2018-09-12,7.04,7.09,6.95,7.0,7.02,1547715.0,10860018.0,3057600000.0,3057600000.0
sh600288,大恒科技,2018-09-13,7.03,7.1,6.97,7.06,7.0,1994098.0,14023631.0,3083808000.0,3083808000.0
sh600288,大恒科技,2018-09-14,7.05,7.09,6.98,6.98,7.06,2167200.0,15257426.0,3048864000.0,3048864000.0
sh600288,大恒科技,2018-09-17,6.97,6.97,6.75,6.8,6.98,2630804.0,18008004.0,2970240000.0,2970240000.0
sh600288,大恒科技,2018-09-18,6.79,6.96,6.76,6.94,6.8,2011400.0,13866745.0,3031392000.0,3031392000.0
sh600288,大恒科技,2018-09-19,6.88,7.47,6.85,7.13,6.94,6027615.0,43270459.0,3114384000.0,3114384000.0
sh600288,大恒科技,2018-09-20,7.09,7.14,6.98,7.04,7.13,3398726.0,23988997.0,3075072000.0,3075072000.0
sh600288,大恒科技,2018-09-21,7.04,7.14,7.03,7.12,7.04,2749421.0,19510682.0,3110016000.0,3110016000.0
sh600288,大恒科技,2018-09-25,7.09,7.13,7.05,7.06,7.12,1647008.0,11669150.0,3083808000.0,3083808000.0
sh600288,大恒科技,2018-09-26,7.06,7.13,7.01,7.08,7.06,2127644.0,15087079.0,3092544000.0,3092544000.0
sh600288,大恒科技,2018-09-27,7.09,7.2,7.01,7.02,7.08,2537600.0,17978955.0,3066336000.0,3066336000.0
sh600288,大恒科技,2018-09-28,7.03,7.12,7.02,7.1,7.02,1746607.0,12355623.0,3101280000.0,3101280000.0
sh600288,大恒科技,2018-10-08,7.17,7.4,7.08,7.09,7.1,7428392.0,53729513.0,3096912000.0,3096912000.0
sh600288,大恒科技,2018-10-09,7.03,7.13,7.02,7.05,7.09,3334827.0,23537670.0,3079440000.0,3079440000.0
sh600288,大恒科技,2018-10-10,7.02,7.1,7.0,7.04,7.05,2087647.0,14708634.0,3075072000.0,3075072000.0
sh600288,大恒科技,2018-10-11,6.86,6.86,6.34,6.35,7.04,8524923.0,55288645.0,2773680000.0,2773680000.0
sh600288,大恒科技,2018-10-12,6.3,6.44,6.2,6.4,6.35,4570918.0,28903930.0,2795520000.0,2795520000.0
sh600288,大恒科技,2018-10-15,6.32,6.54,6.24,6.24,6.4,2254901.0,14411925.0,2725632000.0,2725632000.0
sh600288,大恒科技,2018-10-16,6.31,6.35,6.16,6.17,6.24,2092413.0,13048981.0,2695056000.0,2695056000.0
sh600288,大恒科技,2018-10-17,6.26,6.34,6.03,6.23,6.17,2684301.0,16748677.0,2721264000.0,2721264000.0
sh600288,大恒科技,2018-10-18,6.18,6.23,5.99,6.01,6.23,2556592.0,15563584.0,2625168000.0,2625168000.0
sh600288,大恒科技,2018-10-19,6.02,6.24,6.02,6.2,6.01,2482334.0,15256589.0,2708160000.0,2708160000.0
sh600288,大恒科技,2018-10-22,6.3,6.54,6.24,6.48,6.2,4476296.0,28749623.0,2830464000.0,2830464000.0
sh600288,大恒科技,2018-10-23,6.51,6.51,6.33,6.39,6.48,3065866.0,19705748.0,2791152000.0,2791152000.0
sh600288,大恒科技,2018-10-24,6.31,6.57,6.31,6.42,6.39,2142246.0,13798437.0,2804256000.0,2804256000.0
sh600288,大恒科技,2018-10-25,6.3,6.39,6.22,6.38,6.42,2411815.0,15155320.0,2786784000.0,2786784000.0
sh600288,大恒科技,2018-10-26,6.49,6.49,6.35,6.37,6.38,2337492.0,15034039.0,2782416000.0,2782416000.0
sh600288,大恒科技,2018-10-29,6.35,6.4,6.26,6.3,6.37,2092901.0,13251613.0,2751840000.0,2751840000.0
sh600288,大恒科技,2018-10-30,6.3,6.41,6.19,6.38,6.3,2863816.0,18093372.0,2786784000.0,2786784000.0
sh600288,大恒科技,2018-10-31,6.42,6.53,6.36,6.52,6.38,4544699.0,29406341.0,2847936000.0,2847936000.0
sh600288,大恒科技,2018-11-01,6.57,6.7,6.51,6.53,6.52,5408610.0,35634874.0,2852304000.0,2852304000.0
sh600288,大恒科技,2018-11-02,6.61,6.72,6.56,6.7,6.53,5996949.0,39934907.0,2926560000.0,2926560000.0
sh600288,大恒科技,2018-11-05,7.11,7.37,6.84,7.05,6.7,12085951.0,84591959.0,3079440000.0,3079440000.0
sh600288,大恒科技,2018-11-06,6.95,6.98,6.84,6.9,7.05,5167030.0,35642723.0,3013920000.0,3013920000.0
sh600288,大恒科技,2018-11-07,6.87,6.94,6.78,6.82,6.9,5261965.0,36066131.0,2978976000.0,2978976000.0
sh600288,大恒科技,2018-11-08,6.85,6.99,6.8,6.85,6.82,4020019.0,27676065.0,2992080000.0,2992080000.0
sh600288,大恒科技,2018-11-09,6.88,6.96,6.81,6.87,6.85,3088599.0,21338476.0,3000816000.0,3000816000.0
sh600288,大恒科技,2018-11-12,6.85,7.05,6.83,7.04,6.87,5059948.0,35289872.0,3075072000.0,3075072000.0
sh600288,大恒科技,2018-11-13,6.95,7.26,6.92,7.22,7.04,7830748.0,56032681.0,3153696000.0,3153696000.0
sh600288,大恒科技,2018-11-14,7.2,7.35,7.09,7.17,7.22,7341944.0,52721444.0,3131856000.0,3131856000.0
sh600288,大恒科技,2018-11-15,7.18,7.37,7.12,7.36,7.17,8909609.0,64888982.0,3214848000.0,3214848000.0
sh600288,大恒科技,2018-11-16,7.4,7.5,7.28,7.47,7.36,10180610.0,75285059.0,3262896000.0,3262896000.0
sh600288,大恒科技,2018-11-19,7.48,7.48,7.31,7.38,7.47,5706410.0,42110804.0,3223584000.0,3223584000.0
sh600288,大恒科技,2018-11-20,7.29,7.36,7.05,7.11,7.38,5933915.0,42759721.0,3105648000.0,3105648000.0
sh600288,大恒科技,2018-11-21,7.11,7.21,7.06,7.2,7.11,4368615.0,31237146.0,3144960000.0,3144960000.0
sh600288,大恒科技,2018-11-22,7.19,7.33,7.17,7.22,7.2,4059209.0,29419984.0,3153696000.0,3153696000.0
sh600288,大恒科技,2018-11-23,7.23,7.26,6.72,6.83,7.22,6806546.0,47359807.0,2983344000.0,2983344000.0
sh600288,大恒科技,2018-11-26,6.84,6.94,6.83,6.84,6.83,2999874.0,20648805.0,2987712000.0,2987712000.0
sh600288,大恒科技,2018-11-27,6.88,7.11,6.86,6.97,6.84,3987263.0,27869572.0,3044496000.0,3044496000.0
sh600288,大恒科技,2018-11-28,6.97,7.35,6.89,7.34,6.97,8354633.0,60066340.0,3206112000.0,3206112000.0
sh600288,大恒科技,2018-11-29,7.33,7.34,7.15,7.23,7.34,7163369.0,51821347.0,3158064000.0,3158064000.0
sh600288,大恒科技,2018-11-30,7.25,7.95,7.25,7.79,7.23,26808697.0,205981403.0,3402672000.0,3402672000.0
sh600288,大恒科技,2018-12-03,8.27,8.3,7.66,7.88,7.79,29176417.0,234102218.0,3441984000.0,3441984000.0
sh600288,大恒科技,2018-12-04,7.76,7.76,7.58,7.68,7.88,16506403.0,126762420.0,3354624000.0,3354624000.0
sh600288,大恒科技,2018-12-05,7.45,7.55,7.35,7.47,7.68,10092300.0,75379988.0,3262896000.0,3262896000.0
sh600288,大恒科技,2018-12-06,7.45,7.45,7.24,7.24,7.47,7419800.0,54348429.0,3162432000.0,3162432000.0
sh600288,大恒科技,2018-12-07,7.25,7.34,7.21,7.28,7.24,4453732.0,32377165.0,3179904000.0,3179904000.0
sh600288,大恒科技,2018-12-10,7.23,7.24,7.1,7.17,7.28,4169000.0,29836165.0,3131856000.0,3131856000.0
sh600288,大恒科技,2018-12-11,7.19,7.23,7.1,7.22,7.17,3525132.0,25288057.0,3153696000.0,3153696000.0
sh600288,大恒科技,2018-12-12,7.25,7.27,7.16,7.17,7.22,3144006.0,22652302.0,3131856000.0,3131856000.0
sh600288,大恒科技,2018-12-13,7.19,7.25,7.05,7.21,7.17,4216249.0,30304367.0,3149328000.0,3149328000.0
sh600288,大恒科技,2018-12-14,7.21,7.22,6.98,6.98,7.21,4228159.0,29980207.0,3048864000.0,3048864000.0
sh600288,大恒科技,2018-12-17,6.99,7.12,6.93,7.07,6.98,3137919.0,22041107.0,3088176000.0,3088176000.0
sh600288,大恒科技,2018-12-18,7.01,7.1,6.95,6.99,7.07,2869979.0,20123543.0,3053232000.0,3053232000.0
sh600288,大恒科技,2018-12-19,7.03,7.06,6.87,6.9,6.99,2602073.0,18071267.0,3013920000.0,3013920000.0
sh600288,大恒科技,2018-12-20,6.86,6.97,6.8,6.92,6.9,2329576.0,16105478.0,3022656000.0,3022656000.0
sh600288,大恒科技,2018-12-21,6.88,6.95,6.87,6.94,6.92,2099864.0,14528237.0,3031392000.0,3031392000.0
sh600288,大恒科技,2018-12-24,6.9,7.07,6.9,7.04,6.94,2373800.0,16629468.0,3075072000.0,3075072000.0
sh600288,大恒科技,2018-12-25,6.96,7.0,6.75,6.96,7.04,3863394.0,26560916.0,3040128000.0,3040128000.0
sh600288,大恒科技,2018-12-26,6.95,7.06,6.91,7.04,6.96,2839919.0,19871118.0,3075072000.0,3075072000.0
sh600288,大恒科技,2018-12-27,7.24,7.29,6.96,6.96,7.04,4521980.0,32216346.0,3040128000.0,3040128000.0
sh600288,大恒科技,2018-12-28,6.96,7.04,6.88,6.9,6.96,2714379.0,18865261.0,3013920000.0,3013920000.0
sh600288,大恒科技,2019-01-02,6.95,6.96,6.88,6.92,6.9,2028543.0,14024575.0,3022656000.0,3022656000.0
sh600288,大恒科技,2019-01-03,6.92,7.0,6.88,6.92,6.92,2355066.0,16358148.0,3022656000.0,3022656000.0
sh600288,大恒科技,2019-01-04,6.89,7.18,6.8,7.14,6.92,5187324.0,36620004.0,3118752000.0,3118752000.0
sh600288,大恒科技,2019-01-07,7.16,7.33,7.14,7.3,7.14,6557506.0,47460329.0,3188640000.0,3188640000.0
sh600288,大恒科技,2019-01-08,7.24,7.24,7.1,7.18,7.3,5784085.0,41463852.0,3136224000.0,3136224000.0
sh600288,大恒科技,2019-01-09,7.22,7.36,7.18,7.18,7.18,6632785.0,48105932.0,3136224000.0,3136224000.0
sh600288,大恒科技,2019-01-10,7.18,7.34,7.18,7.21,7.18,4385800.0,31828166.0,3149328000.0,3149328000.0
sh600288,大恒科技,2019-01-11,7.24,7.32,7.2,7.3,7.21,4699771.0,34224668.0,3188640000.0,3188640000.0
sh600288,大恒科技,2019-01-14,7.3,7.35,7.18,7.23,7.3,4654519.0,33800767.0,3158064000.0,3158064000.0
sh600288,大恒科技,2019-01-15,7.18,7.39,7.18,7.38,7.23,5077400.0,37109731.0,3223584000.0,3223584000.0
sh600288,大恒科技,2019-01-16,7.36,7.46,7.26,7.29,7.38,4024601.0,29608621.0,3184272000.0,3184272000.0
sh600288,大恒科技,2019-01-17,7.33,7.33,7.12,7.16,7.29,3830479.0,27647272.0,3127488000.0,3127488000.0
sh600288,大恒科技,2019-01-18,7.16,7.27,7.13,7.22,7.16,3288544.0,23642145.0,3153696000.0,3153696000.0
sh600288,大恒科技,2019-01-21,7.21,7.35,7.2,7.27,7.22,3517621.0,25530399.0,3175536000.0,3175536000.0
sh600288,大恒科技,2019-01-22,7.26,7.32,7.13,7.25,7.27,3490943.0,25271178.0,3166800000.0,3166800000.0
sh600288,大恒科技,2019-01-23,7.23,7.25,7.12,7.19,7.25,2666094.0,19130607.0,3140592000.0,3140592000.0
sh600288,大恒科技,2019-01-24,7.19,7.34,7.17,7.25,7.19,5820017.0,42312575.0,3166800000.0,3166800000.0
sh600288,大恒科技,2019-01-25,7.31,7.31,7.14,7.17,7.25,4340081.0,31382153.0,3131856000.0,3131856000.0
sh600288,大恒科技,2019-01-28,7.21,7.26,7.02,7.04,7.17,4457058.0,31780664.0,3075072000.0,3075072000.0
sh600288,大恒科技,2019-01-29,7.05,7.05,6.82,6.94,7.04,4021751.0,27835490.0,3031392000.0,3031392000.0
sh600288,大恒科技,2019-01-30,6.89,7.0,6.86,6.89,6.94,2093100.0,14482729.0,3009552000.0,3009552000.0
sh600288,大恒科技,2019-01-31,6.92,7.04,6.82,6.86,6.89,2761201.0,19133475.0,2996448000.0,2996448000.0
sh600288,大恒科技,2019-02-01,6.91,7.02,6.86,7.01,6.86,2513764.0,17532516.0,3061968000.0,3061968000.0
sh600288,大恒科技,2019-02-11,7.0,7.17,7.0,7.17,7.01,3362366.0,23910164.0,3131856000.0,3131856000.0
sh600288,大恒科技,2019-02-12,7.16,7.28,7.15,7.26,7.17,3854524.0,27857868.0,3171168000.0,3171168000.0
sh600288,大恒科技,2019-02-13,7.3,7.47,7.24,7.44,7.26,8888532.0,65553266.0,3249792000.0,3249792000.0
sh600288,大恒科技,2019-02-14,7.42,7.45,7.35,7.41,7.44,5926770.0,43871013.0,3236688000.0,3236688000.0
sh600288,大恒科技,2019-02-15,7.45,7.95,7.42,7.65,7.41,15926396.0,122445064.0,3341520000.0,3341520000.0
sh600288,大恒科技,2019-02-18,7.8,7.84,7.66,7.81,7.65,10469876.0,81172935.0,3411408000.0,3411408000.0
sh600288,大恒科技,2019-02-19,7.78,8.07,7.75,7.9,7.81,13127307.0,103582473.0,3450720000.0,3450720000.0
sh600288,大恒科技,2019-02-20,7.85,7.88,7.68,7.75,7.9,8456550.0,65700059.0,3385200000.0,3385200000.0
sh600288,大恒科技,2019-02-21,7.76,7.86,7.7,7.73,7.75,8490148.0,66037413.0,3376464000.0,3376464000.0
sh600288,大恒科技,2019-02-22,7.72,8.08,7.68,8.08,7.73,11407570.0,89845458.0,3529344000.0,3529344000.0
sh600288,大恒科技,2019-02-25,8.4,8.54,8.16,8.4,8.08,21829393.0,182523951.0,3669120000.0,3669120000.0
sh600288,大恒科技,2019-02-26,8.43,8.52,8.23,8.35,8.4,15051100.0,125751065.0,3647280000.0,3647280000.0
sh600288,大恒科技,2019-02-27,8.33,8.44,8.2,8.31,8.35,9487798.0,79104516.0,3629808000.0,3629808000.0
sh600288,大恒科技,2019-02-28,8.31,8.4,8.24,8.36,8.31,5593066.0,46544371.0,3651648000.0,3651648000.0
sh600288,大恒科技,2019-03-01,8.47,8.48,8.25,8.34,8.36,5549009.0,46170917.0,3642912000.0,3642912000.0
sh600288,大恒科技,2019-03-04,9.17,9.17,9.17,9.17,8.34,3664489.0,33603364.0,4005456000.0,4005456000.0
sh600288,大恒科技,2019-03-05,10.09,10.09,10.09,10.09,9.17,4247751.0,42859808.0,4407312000.0,4407312000.0
sh600288,大恒科技,2019-03-06,11.1,11.1,10.89,11.1,10.09,43062472.0,477623065.0,4848480000.0,4848480000.0
sh600288,大恒科技,2019-03-07,11.76,12.21,11.2,12.21,11.1,91839470.0,1082083732.0,5333328000.0,5333328000.0
sh600288,大恒科技,2019-03-08,11.12,11.77,10.99,10.99,12.21,57415092.0,650627270.0,4800432000.0,4800432000.0
sh600288,大恒科技,2019-03-11,10.99,11.3,10.13,10.66,10.99,40373934.0,425654862.0,4656288000.0,4656288000.0
sh600288,大恒科技,2019-03-12,10.66,11.19,10.57,11.19,10.66,38986723.0,424206623.0,4887792000.0,4887792000.0
sh600288,大恒科技,2019-03-13,10.95,11.03,10.28,10.4,11.19,30476286.0,323321966.0,4542720000.0,4542720000.0
sh600288,大恒科技,2019-03-14,10.39,10.39,9.62,9.79,10.4,22561160.0,223401269.0,4276272000.0,4276272000.0
sh600288,大恒科技,2019-03-15,9.86,10.09,9.73,9.89,9.79,16670137.0,165364208.0,4319952000.0,4319952000.0
sh600288,大恒科技,2019-03-18,9.94,10.19,9.78,10.18,9.89,15969399.0,159835872.0,4446624000.0,4446624000.0
sh600288,大恒科技,2019-03-19,10.12,10.54,10.04,10.36,10.18,19781128.0,203901788.0,4525248000.0,4525248000.0
sh600288,大恒科技,2019-03-20,10.35,10.35,9.91,10.18,10.36,15476815.0,156600423.0,4446624000.0,4446624000.0
sh600288,大恒科技,2019-03-21,10.26,10.81,10.16,10.57,10.18,27479547.0,289278836.0,4616976000.0,4616976000.0
sh600288,大恒科技,2019-03-22,10.5,10.78,10.37,10.61,10.57,18654487.0,197247597.0,4634448000.0,4634448000.0
sh600288,大恒科技,2019-03-25,10.45,10.67,10.36,10.47,10.61,13816474.0,145513832.0,4573296000.0,4573296000.0
sh600288,大恒科技,2019-03-26,10.49,10.55,9.97,10.02,10.47,15121997.0,154637540.0,4376736000.0,4376736000.0
sh600288,大恒科技,2019-03-27,9.94,10.03,9.4,9.77,10.02,16062694.0,155551100.0,4267536000.0,4267536000.0
sh600288,大恒科技,2019-03-28,9.72,10.58,9.61,10.05,9.77,18551900.0,188497139.0,4389840000.0,4389840000.0
sh600288,大恒科技,2019-03-29,9.92,10.32,9.83,10.25,10.05,12915183.0,130689599.0,4477200000.0,4477200000.0
sh600288,大恒科技,2019-04-01,10.23,10.8,10.22,10.74,10.25,19876905.0,210158468.0,4691232000.0,4691232000.0
sh600288,大恒科技,2019-04-02,11.18,11.24,10.58,10.65,10.74,22848149.0,248134103.0,4651920000.0,4651920000.0
sh600288,大恒科技,2019-04-03,10.76,11.19,10.66,11.08,10.65,26199251.0,288439756.0,4839744000.0,4839744000.0
sh600288,大恒科技,2019-04-04,11.07,11.11,10.69,10.84,11.08,21511783.0,233756334.0,4734912000.0,4734912000.0
sh600288,大恒科技,2019-04-08,10.74,10.81,10.32,10.44,10.84,17019924.0,179666865.0,4560192000.0,4560192000.0
sh600288,大恒科技,2019-04-09,10.42,11.1,10.42,10.84,10.44,23418235.0,254490731.0,4734912000.0,4734912000.0
sh600288,大恒科技,2019-04-10,10.78,10.93,10.5,10.56,10.84,17250175.0,183322371.0,4612608000.0,4612608000.0
sh600288,大恒科技,2019-04-11,10.63,11.08,10.6,10.62,10.56,20551901.0,223093835.0,4638816000.0,4638816000.0
sh600288,大恒科技,2019-04-12,10.73,11.06,10.51,10.97,10.62,24071792.0,262657188.0,4791696000.0,4791696000.0
sh600288,大恒科技,2019-04-15,11.18,11.18,10.61,10.68,10.97,19931620.0,217203971.0,4665024000.0,4665024000.0
sh600288,大恒科技,2019-04-16,10.59,10.64,10.14,10.64,10.68,16286332.0,169142155.0,4647552000.0,4647552000.0
sh600288,大恒科技,2019-04-17,10.62,10.73,10.48,10.51,10.64,10785113.0,114250833.0,4590768000.0,4590768000.0
sh600288,大恒科技,2019-04-18,10.51,10.57,10.19,10.23,10.51,11467785.0,118922225.0,4468464000.0,4468464000.0
sh600288,大恒科技,2019-04-19,10.22,10.46,10.16,10.45,10.23,8462699.0,87400341.0,4564560000.0,4564560000.0
sh600288,大恒科技,2019-04-22,10.68,10.94,10.4,10.48,10.45,14439627.0,154120898.0,4577664000.0,4577664000.0
sh600288,大恒科技,2019-04-23,10.69,11.07,10.48,10.87,10.48,26476995.0,288229404.0,4748016000.0,4748016000.0
sh600288,大恒科技,2019-04-24,10.79,10.79,10.3,10.61,10.87,17941951.0,187915224.0,4634448000.0,4634448000.0
sh600288,大恒科技,2019-04-25,10.6,10.72,10.22,10.25,10.61,12599595.0,132587258.0,4477200000.0,4477200000.0
sh600288,大恒科技,2019-04-26,9.99,10.24,9.82,10.0,10.25,10135829.0,101596541.0,4368000000.0,4368000000.0
sh600288,大恒科技,2019-04-29,9.93,9.99,9.53,9.56,10.0,9176361.0,89020875.0,4175808000.0,4175808000.0
sh600288,大恒科技,2019-04-30,9.56,9.87,9.51,9.77,9.56,4487557.0,43831952.0,4267536000.0,4267536000.0
sh600288,大恒科技,2019-05-06,9.44,9.54,8.8,8.8,9.77,10199592.0,93435824.0,3843840000.0,3843840000.0
sh600288,大恒科技,2019-05-07,8.98,9.1,8.76,8.95,8.8,5934105.0,53084137.0,3909360000.0,3909360000.0
sh600288,大恒科技,2019-05-08,8.89,9.17,8.72,9.03,8.95,3801169.0,34226029.0,3944304000.0,3944304000.0
sh600288,大恒科技,2019-05-09,8.98,9.3,8.88,9.02,9.03,4140140.0,37743303.0,3939936000.0,3939936000.0
sh600288,大恒科技,2019-05-10,9.08,9.36,9.01,9.35,9.02,5194283.0,47976829.0,4084080000.0,4084080000.0
sh600288,大恒科技,2019-05-13,9.25,9.49,9.2,9.3,9.35,3658200.0,34190719.0,4062240000.0,4062240000.0
sh600288,大恒科技,2019-05-14,9.15,9.44,9.15,9.25,9.3,3239563.0,30139053.0,4040400000.0,4040400000.0
sh600288,大恒科技,2019-05-15,9.38,9.45,9.3,9.42,9.25,3496528.0,32822498.0,4114656000.0,4114656000.0
sh600288,大恒科技,2019-05-16,9.44,9.69,9.42,9.53,9.42,4741160.0,45465874.0,4162704000.0,4162704000.0
sh600288,大恒科技,2019-05-17,9.53,9.95,9.53,9.67,9.53,8263576.0,80418051.0,4223856000.0,4223856000.0
sh600288,大恒科技,2019-05-20,9.72,10.59,9.72,10.35,9.67,13943931.0,142221516.0,4520880000.0,4520880000.0
sh600288,大恒科技,2019-05-21,10.3,10.55,10.1,10.53,10.35,11401182.0,117432881.0,4599504000.0,4599504000.0
sh600288,大恒科技,2019-05-22,10.48,10.78,10.35,10.45,10.53,11229678.0,118431261.0,4564560000.0,4564560000.0
sh600288,大恒科技,2019-05-23,10.33,10.85,10.3,10.6,10.45,10674163.0,112999652.0,4630080000.0,4630080000.0
sh600288,大恒科技,2019-05-24,10.45,10.68,10.25,10.4,10.6,8624408.0,90596643.0,4542720000.0,4542720000.0
sh600288,大恒科技,2019-05-27,10.42,11.0,10.42,10.84,10.4,13193471.0,142565791.0,4734912000.0,4734912000.0
sh600288,大恒科技,2019-05-28,10.9,11.92,10.8,11.92,10.84,29192990.0,333661938.0,5206656000.0,5206656000.0
sh600288,大恒科技,2019-05-29,12.3,12.94,11.72,12.29,11.92,39605410.0,487608371.0,5368272000.0,5368272000.0
sh600288,大恒科技,2019-05-30,12.29,13.16,12.04,12.52,12.29,30224107.0,381595480.0,5468736000.0,5468736000.0
sh600288,大恒科技,2019-05-31,12.2,13.0,12.2,12.24,12.52,25841079.0,323041714.0,5346432000.0,5346432000.0
sh600288,大恒科技,2019-06-03,12.37,12.59,11.75,11.9,12.24,18590332.0,224234467.0,5197920000.0,5197920000.0
sh600288,大恒科技,2019-06-04,12.07,12.3,11.52,11.67,11.9,15827460.0,188097961.0,5097456000.0,5097456000.0
sh600288,大恒科技,2019-06-05,12.05,12.1,11.2,11.35,11.67,14857614.0,172263276.0,4957680000.0,4957680000.0
sh600288,大恒科技,2019-06-06,11.59,11.59,11.07,11.17,11.35,12696103.0,144037634.0,4879056000.0,4879056000.0
sh600288,大恒科技,2019-06-10,11.35,11.35,10.92,11.05,11.17,11015263.0,122473038.0,4826640000.0,4826640000.0
sh600288,大恒科技,2019-06-11,11.0,11.47,10.9,11.34,11.05,11907593.0,133618766.0,4953312000.0,4953312000.0
sh600288,大恒科技,2019-06-12,11.4,11.72,11.25,11.28,11.34,14588852.0,167205406.0,4927104000.0,4927104000.0
sh600288,大恒科技,2019-06-13,11.3,11.44,11.12,11.32,11.28,8372460.0,94426101.0,4944576000.0,4944576000.0
sh600288,大恒科技,2019-06-14,11.31,11.37,10.94,10.99,11.32,9660100.0,107266990.0,4800432000.0,4800432000.0
sh600288,大恒科技,2019-06-17,11.08,11.13,9.89,10.97,10.99,7834450.0,85848157.0,4791696000.0,4791696000.0
sh600288,大恒科技,2019-06-18,11.01,11.15,10.85,10.94,10.97,4033669.0,44289693.0,4778592000.0,4778592000.0
sh600288,大恒科技,2019-06-19,11.23,11.41,11.07,11.31,10.94,6951560.0,78140461.0,4940208000.0,4940208000.0
sh600288,大恒科技,2019-06-20,11.34,11.55,11.22,11.45,11.31,7330286.0,83688596.0,5001360000.0,5001360000.0
sh600288,大恒科技,2019-06-21,11.38,11.69,11.34,11.44,11.45,9108606.0,104479575.0,4996992000.0,4996992000.0
sh600288,大恒科技,2019-06-24,11.44,11.57,11.34,11.37,11.44,4958740.0,56675576.0,4966416000.0,4966416000.0
sh600288,大恒科技,2019-06-25,11.45,11.63,11.1,11.63,11.37,7223137.0,82283858.0,5079984000.0,5079984000.0
sh600288,大恒科技,2019-06-26,11.63,11.73,11.47,11.58,11.63,7153061.0,82882251.0,5058144000.0,5058144000.0
sh600288,大恒科技,2019-06-27,11.6,11.65,11.46,11.5,11.58,5952915.0,68772861.0,5023200000.0,5023200000.0
sh600288,大恒科技,2019-06-28,11.51,11.56,11.29,11.37,11.5,5299900.0,60367345.0,4966416000.0,4966416000.0
sh600288,大恒科技,2019-07-01,11.51,11.88,11.5,11.68,11.37,8485776.0,99176533.0,5101824000.0,5101824000.0
sh600288,大恒科技,2019-07-02,11.69,11.98,11.57,11.81,11.68,7194667.0,84378271.0,5158608000.0,5158608000.0
sh600288,大恒科技,2019-07-03,11.79,11.84,11.59,11.65,11.81,5560561.0,65067977.0,5088720000.0,5088720000.0
sh600288,大恒科技,2019-07-04,11.79,11.85,11.63,11.67,11.65,3951803.0,46350298.0,5097456000.0,5097456000.0
sh600288,大恒科技,2019-07-05,11.76,12.78,11.73,12.45,11.67,16581734.0,203163863.0,5438160000.0,5438160000.0
sh600288,大恒科技,2019-07-08,12.59,12.6,12.24,12.34,12.45,12635675.0,156594240.0,5390112000.0,5390112000.0
sh600288,大恒科技,2019-07-09,12.3,12.45,12.15,12.24,12.34,7671241.0,94170330.0,5346432000.0,5346432000.0
sh600288,大恒科技,2019-07-10,12.24,12.45,11.78,11.9,12.24,7968679.0,96174991.0,5197920000.0,5197920000.0
sh600288,大恒科技,2019-07-11,12.0,12.13,11.82,11.92,11.9,4785479.0,57304267.0,5206656000.0,5206656000.0
sh600288,大恒科技,2019-07-12,12.04,12.04,11.78,11.83,11.92,3841521.0,45502882.0,5167344000.0,5167344000.0
sh600288,大恒科技,2019-07-15,11.81,11.97,11.41,11.9,11.83,5314614.0,62233545.0,5197920000.0,5197920000.0
sh600288,大恒科技,2019-07-16,11.81,12.18,11.76,12.01,11.9,3664414.0,43923913.0,5245968000.0,5245968000.0
sh600288,大恒科技,2019-07-17,12.01,12.19,11.91,12.01,12.01,3746684.0,45283103.0,5245968000.0,5245968000.0
sh600288,大恒科技,2019-07-18,11.85,12.08,11.8,11.94,12.01,4273417.0,50888058.0,5215392000.0,5215392000.0
sh600288,XD大恒科,2019-07-19,11.9,11.99,11.82,11.85,11.93,2429601.0,28870504.0,5176080000.0,5176080000.0
sh600288,大恒科技,2019-07-22,11.77,11.87,11.4,11.49,11.85,3918290.0,45443078.0,5018832000.0,5018832000.0
sh600288,大恒科技,2019-07-23,11.47,11.8,11.47,11.74,11.49,2823191.0,33004754.0,5128032000.0,5128032000.0
sh600288,大恒科技,2019-07-24,11.74,11.96,11.74,11.87,11.74,2753200.0,32706584.0,5184816000.0,5184816000.0
sh600288,大恒科技,2019-07-25,12.1,12.2,11.78,11.86,11.87,4420400.0,52536194.0,5180448000.0,5180448000.0
sh600288,大恒科技,2019-07-26,11.83,11.87,11.75,11.78,11.86,1724856.0,20321588.0,5145504000.0,5145504000.0
sh600288,大恒科技,2019-07-29,11.85,11.85,11.38,11.42,11.78,6393195.0,73668393.0,4988256000.0,4988256000.0
sh600288,大恒科技,2019-07-30,11.53,11.59,11.38,11.42,11.42,5061769.0,57973609.0,4988256000.0,4988256000.0
sh600288,大恒科技,2019-07-31,11.4,11.49,11.33,11.35,11.42,3415131.0,38909729.0,4957680000.0,4957680000.0
sh600288,大恒科技,2019-08-01,11.35,11.5,11.14,11.17,11.35,4182301.0,47210456.0,4879056000.0,4879056000.0
sh600288,大恒科技,2019-08-02,11.0,11.12,10.6,10.9,11.17,7133395.0,77540615.0,4761120000.0,4761120000.0
sh600288,大恒科技,2019-08-05,10.75,10.94,10.6,10.64,10.9,4585487.0,49242790.0,4647552000.0,4647552000.0
sh600288,大恒科技,2019-08-06,10.44,10.65,9.98,10.51,10.64,6339833.0,65574180.0,4590768000.0,4590768000.0
sh600288,大恒科技,2019-08-07,10.52,10.73,10.35,10.38,10.51,3179109.0,33404486.0,4533984000.0,4533984000.0
sh600288,大恒科技,2019-08-08,10.46,10.86,10.42,10.62,10.38,9375904.0,99762144.0,4638816000.0,4638816000.0
sh600288,大恒科技,2019-08-09,10.6,10.7,10.16,10.2,10.62,5995262.0,62195207.0,4455360000.0,4455360000.0
sh600288,大恒科技,2019-08-12,10.2,10.55,10.16,10.55,10.2,4092322.0,42601722.0,4608240000.0,4608240000.0
sh600288,大恒科技,2019-08-13,10.52,10.57,10.28,10.38,10.55,2380399.0,24764782.0,4533984000.0,4533984000.0
sh600288,大恒科技,2019-08-14,10.51,10.62,10.42,10.49,10.38,3423648.0,36025451.0,4582032000.0,4582032000.0
sh600288,大恒科技,2019-08-15,10.26,10.6,10.22,10.54,10.49,4322168.0,45103020.0,4603872000.0,4603872000.0
sh600288,大恒科技,2019-08-16,10.7,10.7,10.5,10.55,10.54,2634200.0,27904291.0,4608240000.0,4608240000.0
sh600288,大恒科技,2019-08-19,10.67,10.92,10.59,10.89,10.55,5199089.0,56218760.0,4756752000.0,4756752000.0
sh600288,大恒科技,2019-08-20,10.91,11.08,10.67,10.7,10.89,4477381.0,48492917.0,4673760000.0,4673760000.0
sh600288,大恒科技,2019-08-21,10.77,10.77,10.61,10.61,10.7,2800205.0,29917767.0,4634448000.0,4634448000.0
sh600288,大恒科技,2019-08-22,10.74,10.74,10.43,10.52,10.61,3955920.0,41608854.0,4595136000.0,4595136000.0
sh600288,大恒科技,2019-08-23,10.49,10.61,10.42,10.51,10.52,2669288.0,28048950.0,4590768000.0,4590768000.0
sh600288,大恒科技,2019-08-26,10.34,10.51,10.28,10.41,10.51,3209900.0,33329548.0,4547088000.0,4547088000.0
sh600288,大恒科技,2019-08-27,10.41,10.68,10.41,10.61,10.41,2703573.0,28582684.0,4634448000.0,4634448000.0
sh600288,大恒科技,2019-08-28,10.66,11.08,10.57,10.98,10.61,6819553.0,74515270.0,4796064000.0,4796064000.0
sh600288,大恒科技,2019-08-29,10.9,10.96,10.61,10.69,10.98,7560405.0,81139614.0,4669392000.0,4669392000.0
sh600288,大恒科技,2019-08-30,10.74,10.92,10.46,10.53,10.69,7058083.0,75359793.0,4599504000.0,4599504000.0
sh600288,大恒科技,2019-09-02,10.59,10.73,10.42,10.68,10.53,4551605.0,48272338.0,4665024000.0,4665024000.0
sh600288,大恒科技,2019-09-03,10.68,10.87,10.66,10.81,10.68,4410170.0,47463936.0,4721808000.0,4721808000.0
sh600288,大恒科技,2019-09-04,10.93,11.11,10.81,10.88,10.81,5451100.0,59488072.0,4752384000.0,4752384000.0
sh600288,大恒科技,2019-09-05,10.88,11.08,10.85,10.99,10.88,8417693.0,92494389.0,4800432000.0,4800432000.0
sh600288,大恒科技,2019-09-06,11.05,11.07,10.85,10.97,10.99,3638442.0,39774924.0,4791696000.0,4791696000.0
sh600288,大恒科技,2019-09-09,11.01,11.24,10.99,11.22,10.97,5585196.0,62194080.0,4900896000.0,4900896000.0
sh600288,大恒科技,2019-09-10,11.22,11.28,11.06,11.13,11.22,3939820.0,43883787.0,4861584000.0,4861584000.0
sh600288,大恒科技,2019-09-11,11.28,11.3,11.05,11.06,11.13,3810854.0,42465893.0,4831008000.0,4831008000.0
sh600288,大恒科技,2019-09-12,11.08,11.15,10.95,11.06,11.06,3409760.0,37621011.0,4831008000.0,4831008000.0
sh600288,大恒科技,2019-09-16,11.08,11.21,11.01,11.04,11.06,2986102.0,33092989.0,4822272000.0,4822272000.0
sh600288,大恒科技,2019-09-17,11.04,11.05,10.71,10.74,11.04,4964436.0,53645248.0,4691232000.0,4691232000.0
sh600288,大恒科技,2019-09-18,10.74,11.07,10.7,10.96,10.74,4359816.0,47426137.0,4787328000.0,4787328000.0
sh600288,大恒科技,2019-09-19,11.02,11.08,10.88,11.07,10.96,3028400.0,33314064.0,4835376000.0,4835376000.0
sh600288,大恒科技,2019-09-20,11.06,11.25,10.97,11.2,11.07,5853800.0,65279208.0,4892160000.0,4892160000.0
sh600288,大恒科技,2019-09-23,11.28,11.28,10.88,10.98,11.2,3481258.0,38213151.0,4796064000.0,4796064000.0
sh600288,大恒科技,2019-09-24,10.98,11.15,10.92,10.93,10.98,3961158.0,43712217.0,4774224000.0,4774224000.0
sh600288,大恒科技,2019-09-25,10.98,10.98,10.76,10.84,10.93,3376000.0,36712628.0,4734912000.0,4734912000.0
sh600288,大恒科技,2019-09-26,10.88,10.88,10.51,10.69,10.84,4532597.0,48415426.0,4669392000.0,4669392000.0
sh600288,大恒科技,2019-09-27,10.7,10.82,10.57,10.8,10.69,2950484.0,31592245.0,4717440000.0,4717440000.0
sh600288,大恒科技,2019-09-30,10.8,10.87,10.67,10.8,10.8,2347050.0,25274720.0,4717440000.0,4717440000.0
sh600288,大恒科技,2019-10-08,10.72,10.9,10.61,10.78,10.8,3294095.0,35453190.0,4708704000.0,4708704000.0
sh600288,大恒科技,2019-10-09,10.77,10.83,10.63,10.8,10.78,1863371.0,20048271.0,4717440000.0,4717440000.0
sh600288,大恒科技,2019-10-10,10.78,11.6,10.73,11.34,10.8,6388966.0,71267979.0,4953312000.0,4953312000.0
sh600288,大恒科技,2019-10-11,11.34,11.51,11.27,11.3,11.34,5012538.0,56987732.0,4935840000.0,4935840000.0
sh600288,大恒科技,2019-10-14,11.46,12.43,11.31,12.21,11.3,24236817.0,294560254.0,5333328000.0,5333328000.0
sh600288,大恒科技,2019-10-15,11.88,12.0,11.21,11.21,12.21,19738736.0,228542747.0,4896528000.0,4896528000.0
sh600288,大恒科技,2019-10-16,11.35,12.19,11.32,11.8,11.21,14489804.0,171820087.0,5154240000.0,5154240000.0
sh600288,大恒科技,2019-10-17,12.09,12.2,11.59,11.73,11.8,8359854.0,98947374.0,5123664000.0,5123664000.0
sh600288,大恒科技,2019-10-18,11.73,11.91,11.6,11.67,11.73,7142530.0,83859396.0,5097456000.0,5097456000.0
sh600288,大恒科技,2019-10-21,11.71,11.96,11.49,11.85,11.67,4803351.0,56632957.0,5176080000.0,5176080000.0
sh600288,大恒科技,2019-10-22,11.92,12.1,11.83,11.99,11.85,5297344.0,63351767.0,5237232000.0,5237232000.0
sh600288,大恒科技,2019-10-23,12.09,12.17,11.9,12.05,11.99,8358081.0,100587414.0,5263440000.0,5263440000.0
sh600288,大恒科技,2019-10-24,12.1,12.14,11.7,11.83,12.05,4924286.0,58193312.0,5167344000.0,5167344000.0
sh600288,大恒科技,2019-10-25,11.83,11.89,11.61,11.83,11.83,2785150.0,32755474.0,5167344000.0,5167344000.0
sh600288,大恒科技,2019-10-28,11.83,12.25,11.83,12.11,11.83,5475602.0,66332307.0,5289648000.0,5289648000.0
sh600288,大恒科技,2019-10-29,12.06,12.97,12.05,12.35,12.11,12038581.0,150369273.0,5394480000.0,5394480000.0
sh600288,大恒科技,2019-10-30,12.36,12.59,12.1,12.38,12.35,6599559.0,81583495.0,5407584000.0,5407584000.0
sh600288,大恒科技,2019-10-31,12.39,12.49,11.87,11.95,12.38,10708317.0,129244145.0,5219760000.0,5219760000.0
sh600288,大恒科技,2019-11-01,11.95,12.18,11.86,11.97,11.95,6118861.0,73639715.0,5228496000.0,5228496000.0
sh600288,大恒科技,2019-11-04,12.0,12.2,11.91,11.96,11.97,4003190.0,48103593.0,5224128000.0,5224128000.0
sh600288,大恒科技,2019-11-05,11.9,12.02,11.71,11.84,11.96,4898599.0,58009404.0,5171712000.0,5171712000.0
sh600288,大恒科技,2019-11-06,11.9,12.08,11.82,12.03,11.84,4745612.0,56930665.0,5254704000.0,5254704000.0
sh600288,大恒科技,2019-11-07,11.91,12.0,11.71,11.95,12.03,4840349.0,57411423.0,5219760000.0,5219760000.0
sh600288,大恒科技,2019-11-08,11.95,12.15,11.85,11.86,11.95,3605990.0,43316945.0,5180448000.0,5180448000.0
sh600288,大恒科技,2019-11-11,11.81,11.81,11.42,11.5,11.86,5379772.0,62218199.0,5023200000.0,5023200000.0
sh600288,大恒科技,2019-11-12,11.51,11.61,11.31,11.52,11.5,2802206.0,32059879.0,5031936000.0,5031936000.0
sh600288,大恒科技,2019-11-13,11.5,11.63,11.4,11.45,11.52,1876554.0,21602656.0,5001360000.0,5001360000.0
sh600288,大恒科技,2019-11-14,11.58,11.58,11.42,11.54,11.45,1806259.0,20825048.0,5040672000.0,5040672000.0
sh600288,大恒科技,2019-11-15,11.54,11.6,11.36,11.39,11.54,1772300.0,20341161.0,4975152000.0,4975152000.0
sh600288,大恒科技,2019-11-18,11.39,11.52,11.22,11.3,11.39,2266690.0,25696643.0,4935840000.0,4935840000.0
sh600288,大恒科技,2019-11-19,11.32,11.67,11.32,11.64,11.3,2910484.0,33679669.0,5084352000.0,5084352000.0
sh600288,大恒科技,2019-11-20,11.75,11.8,11.55,11.56,11.64,2940200.0,34317253.0,5049408000.0,5049408000.0
sh600288,大恒科技,2019-11-21,11.67,11.67,11.41,11.45,11.56,1903890.0,21884953.0,5001360000.0,5001360000.0
sh600288,大恒科技,2019-11-22,11.55,11.62,11.32,11.34,11.45,2747932.0,31428029.0,4953312000.0,4953312000.0
sh600288,大恒科技,2019-11-25,11.33,11.5,11.26,11.42,11.34,2040550.0,23225652.0,4988256000.0,4988256000.0
sh600288,大恒科技,2019-11-26,11.5,11.5,11.28,11.34,11.42,2309380.0,26275559.0,4953312000.0,4953312000.0
sh600288,大恒科技,2019-11-27,11.34,11.43,11.26,11.32,11.34,1599510.0,18159133.0,4944576000.0,4944576000.0
sh600288,大恒科技,2019-11-28,11.42,11.42,11.19,11.19,11.32,2235074.0,25138555.0,4887792000.0,4887792000.0
sh600288,大恒科技,2019-11-29,11.24,11.24,10.9,11.16,11.19,3518605.0,38941175.0,4874688000.0,4874688000.0
sh600288,大恒科技,2019-12-02,11.15,11.32,11.06,11.3,11.16,2948011.0,33094190.0,4935840000.0,4935840000.0
sh600288,大恒科技,2019-12-03,11.32,11.34,11.19,11.33,11.3,2279062.0,25654380.0,4948944000.0,4948944000.0
sh600288,大恒科技,2019-12-04,11.27,11.43,11.25,11.31,11.33,1824779.0,20702707.0,4940208000.0,4940208000.0
sh600288,大恒科技,2019-12-05,11.39,11.43,11.33,11.41,11.31,2500320.0,28460580.0,4983888000.0,4983888000.0
sh600288,大恒科技,2019-12-06,11.45,11.48,11.37,11.46,11.41,1889595.0,21573183.0,5005728000.0,5005728000.0
sh600288,大恒科技,2019-12-09,11.49,11.71,11.49,11.54,11.46,3354801.0,38935702.0,5040672000.0,5040672000.0
sh600288,大恒科技,2019-12-10,11.5,11.73,11.47,11.67,11.54,3198870.0,37278415.0,5097456000.0,5097456000.0
sh600288,大恒科技,2019-12-11,11.69,11.69,11.52,11.57,11.67,1785132.0,20682054.0,5053776000.0,5053776000.0
sh600288,大恒科技,2019-12-12,11.59,11.59,11.46,11.48,11.57,1947765.0,22421151.0,5014464000.0,5014464000.0
sh600288,大恒科技,2019-12-13,11.71,11.77,11.48,11.6,11.48,3665986.0,42551335.0,5066880000.0,5066880000.0
sh600288,大恒科技,2019-12-16,11.63,11.79,11.55,11.78,11.6,3482500.0,40780235.0,5145504000.0,5145504000.0
sh600288,大恒科技,2019-12-17,11.79,12.03,11.76,11.95,11.78,4730368.0,56425546.0,5219760000.0,5219760000.0
sh600288,大恒科技,2019-12-18,11.96,12.09,11.75,11.76,11.95,5041897.0,59850649.0,5136768000.0,5136768000.0
sh600288,大恒科技,2019-12-19,11.76,11.83,11.66,11.74,11.76,3960313.0,46446340.0,5128032000.0,5128032000.0
sh600288,大恒科技,2019-12-20,11.65,11.84,11.56,11.58,11.74,3528200.0,41258875.0,5058144000.0,5058144000.0
sh600288,大恒科技,2019-12-23,11.65,11.77,11.52,11.52,11.58,3319347.0,38601308.0,5031936000.0,5031936000.0
sh600288,大恒科技,2019-12-24,11.5,11.56,11.28,11.51,11.52,3863535.0,44033259.0,5027568000.0,5027568000.0
sh600288,大恒科技,2019-12-25,11.5,11.7,11.37,11.59,11.51,3106166.0,36002477.0,5062512000.0,5062512000.0
sh600288,大恒科技,2019-12-26,11.63,11.88,11.55,11.79,11.59,4242010.0,49870553.0,5149872000.0,5149872000.0
sh600288,大恒科技,2019-12-27,11.85,11.93,11.63,11.67,11.79,3567867.0,41935094.0,5097456000.0,5097456000.0
sh600288,大恒科技,2019-12-30,11.67,11.74,11.51,11.68,11.67,2550600.0,29711097.0,5101824000.0,5101824000.0
sh600288,大恒科技,2019-12-31,11.68,11.84,11.65,11.72,11.68,2091414.0,24585366.0,5119296000.0,5119296000.0
sh600288,大恒科技,2020-01-02,11.88,11.88,11.7,11.8,11.72,3630741.0,42867287.0,5154240000.0,5154240000.0
sh600288,大恒科技,2020-01-03,11.78,12.1,11.75,12.09,11.8,7617754.0,91412202.0,5280912000.0,5280912000.0
sh600288,大恒科技,2020-01-06,12.1,12.15,11.95,12.15,12.09,5650208.0,68138473.0,5307120000.0,5307120000.0
sh600288,大恒科技,2020-01-07,12.04,13.25,12.02,12.9,12.15,18939675.0,240330744.0,5634720000.0,5634720000.0
sh600288,大恒科技,2020-01-08,12.96,13.65,12.55,13.18,12.9,20043375.0,264915691.0,5757024000.0,5757024000.0
sh600288,大恒科技,2020-01-09,13.17,13.55,13.03,13.36,13.18,14066362.0,187222791.0,5835648000.0,5835648000.0
sh600288,大恒科技,2020-01-10,13.35,13.58,13.07,13.47,13.36,9301449.0,125049732.0,5883696000.0,5883696000.0
sh600288,大恒科技,2020-01-13,13.44,13.8,13.2,13.31,13.47,11888573.0,159990363.0,5813808000.0,5813808000.0
sh600288,大恒科技,2020-01-14,13.43,13.85,13.26,13.54,13.31,14894718.0,201887385.0,5914272000.0,5914272000.0
sh600288,大恒科技,2020-01-15,13.54,13.72,13.2,13.64,13.54,10270771.0,138212333.0,5957952000.0,5957952000.0
sh600288,大恒科技,2020-01-16,14.0,14.1,13.3,13.47,13.64,9635778.0,131393288.0,5883696000.0,5883696000.0
sh600288,大恒科技,2020-01-17,13.34,13.62,13.21,13.39,13.47,6761795.0,90450481.0,5848752000.0,5848752000.0
sh600288,大恒科技,2020-01-20,13.38,13.54,13.3,13.4,13.39,5140976.0,68933839.0,5853120000.0,5853120000.0
sh600288,大恒科技,2020-01-21,13.5,13.59,12.98,13.13,13.4,9884080.0,130476598.0,5735184000.0,5735184000.0
sh600288,大恒科技,2020-01-22,13.14,13.5,12.86,13.4,13.13,7808029.0,102779643.0,5853120000.0,5853120000.0
sh600288,大恒科技,2020-01-23,13.25,13.46,12.47,12.64,13.4,10134874.0,130210024.0,5521152000.0,5521152000.0
sh600288,大恒科技,2020-02-03,11.38,11.47,11.38,11.38,12.64,6889000.0,78411082.0,4970784000.0,4970784000.0
sh600288,大恒科技,2020-02-04,10.7,12.2,10.7,11.94,11.38,10580962.0,124213462.0,5215392000.0,5215392000.0
sh600288,大恒科技,2020-02-05,12.01,12.16,11.65,11.94,11.94,10822439.0,128779193.0,5215392000.0,5215392000.0
sh600288,大恒科技,2020-02-06,11.8,12.11,11.64,12.01,11.94,9663164.0,114600358.0,5245968000.0,5245968000.0
sh600288,大恒科技,2020-02-07,11.98,12.55,11.91,12.23,12.01,13096291.0,160803904.0,5342064000.0,5342064000.0
sh600288,大恒科技,2020-02-10,12.23,12.68,11.98,12.21,12.23,11491273.0,140701565.0,5333328000.0,5333328000.0
sh600288,大恒科技,2020-02-11,12.0,12.21,11.98,12.07,12.21,6366799.0,76838110.0,5272176000.0,5272176000.0
sh600288,大恒科技,2020-02-12,12.14,12.34,12.01,12.32,12.07,6553731.0,80193474.0,5381376000.0,5381376000.0
sh600288,大恒科技,2020-02-13,12.31,12.37,12.05,12.12,12.32,5822768.0,70952254.0,5294016000.0,5294016000.0
sh600288,大恒科技,2020-02-14,12.09,12.23,12.04,12.13,12.12,4560731.0,55331887.0,5298384000.0,5298384000.0
sh600288,大恒科技,2020-02-17,12.12,12.53,12.1,12.45,12.13,8298910.0,102697597.0,5438160000.0,5438160000.0
sh600288,大恒科技,2020-02-18,12.45,13.05,12.41,13.0,12.45,12489741.0,160561091.0,5678400000.0,5678400000.0
sh600288,大恒科技,2020-02-19,12.98,13.41,12.81,13.02,13.0,11056477.0,144958589.0,5687136000.0,5687136000.0
sh600288,大恒科技,2020-02-20,13.19,13.27,12.89,13.2,13.02,9509095.0,124670034.0,5765760000.0,5765760000.0
sh600288,大恒科技,2020-02-21,13.15,13.45,13.14,13.3,13.2,10457130.0,138984101.0,5809440000.0,5809440000.0
sh600288,大恒科技,2020-02-24,13.32,13.57,13.05,13.47,13.3,11779624.0,157521847.0,5883696000.0,5883696000.0
sh600288,大恒科技,2020-02-25,12.91,13.52,12.8,13.44,13.47,15981658.0,212085527.0,5870592000.0,5870592000.0
sh600288,大恒科技,2020-02-26,13.45,13.84,13.0,13.18,13.44,18912441.0,254262175.0,5757024000.0,5757024000.0
sh600288,大恒科技,2020-02-27,13.44,13.6,13.1,13.4,13.18,13196629.0,176506092.0,5853120000.0,5853120000.0
sh600288,大恒科技,2020-02-28,12.9,13.19,12.41,12.5,13.4,14974045.0,191315911.0,5460000000.0,5460000000.0
sh600288,大恒科技,2020-03-02,12.56,12.95,12.54,12.71,12.5,9601977.0,122547196.0,5551728000.0,5551728000.0
sh600288,大恒科技,2020-03-03,12.98,13.2,12.71,12.82,12.71,9694201.0,125874978.0,5599776000.0,5599776000.0
sh600288,大恒科技,2020-03-04,12.78,12.95,12.43,12.75,12.82,8293986.0,105187690.0,5569200000.0,5569200000.0
sh600288,大恒科技,2020-03-05,12.84,12.95,12.65,12.85,12.75,7178819.0,91899884.0,5612880000.0,5612880000.0
sh600288,大恒科技,2020-03-06,12.77,12.89,12.63,12.8,12.85,5435993.0,69351312.0,5591040000.0,5591040000.0
sh600288,大恒科技,2020-03-09,12.65,12.7,12.08,12.13,12.8,10292576.0,127225519.0,5298384000.0,5298384000.0
sh600288,大恒科技,2020-03-10,11.97,12.4,11.75,12.36,12.13,7544505.0,91236246.0,5398848000.0,5398848000.0
sh600288,大恒科技,2020-03-11,12.43,12.61,12.11,12.18,12.36,6430165.0,79310850.0,5320224000.0,5320224000.0
sh600288,大恒科技,2020-03-12,12.05,12.05,11.63,11.74,12.18,7339076.0,86808276.0,5128032000.0,5128032000.0
sh600288,大恒科技,2020-03-13,11.13,11.77,10.82,11.73,11.74,7597374.0,86761782.0,5123664000.0,5123664000.0
sh600288,大恒科技,2020-03-16,11.78,11.86,11.07,11.15,11.73,8087959.0,92159621.0,4870320000.0,4870320000.0
sh600288,大恒科技,2020-03-17,11.33,11.34,10.88,11.25,11.15,5351173.0,59576514.0,4914000000.0,4914000000.0
sh600288,大恒科技,2020-03-18,11.34,11.44,11.09,11.22,11.25,4766458.0,53780601.0,4900896000.0,4900896000.0
sh600288,大恒科技,2020-03-19,11.16,11.59,11.03,11.48,11.22,4226202.0,47961025.0,5014464000.0,5014464000.0
sh600288,大恒科技,2020-03-20,11.56,11.68,11.4,11.52,11.48,3158578.0,36241543.0,5031936000.0,5031936000.0
sh600288,大恒科技,2020-03-23,11.2,11.39,11.12,11.19,11.52,2834000.0,31816892.0,4887792000.0,4887792000.0
sh600288,大恒科技,2020-03-24,11.51,11.51,11.15,11.37,11.19,2580666.0,29149187.0,4966416000.0,4966416000.0
sh600288,大恒科技,2020-03-25,11.61,11.62,11.39,11.44,11.37,3427194.0,39318422.0,4996992000.0,4996992000.0
sh600288,大恒科技,2020-03-26,11.44,11.48,11.22,11.24,11.44,2534495.0,28668842.0,4909632000.0,4909632000.0
sh600288,大恒科技,2020-03-27,11.32,11.4,11.08,11.09,11.24,2958881.0,33271386.0,4844112000.0,4844112000.0
sh600288,大恒科技,2020-03-30,10.9,11.15,10.88,11.03,11.09,2994012.0,32970533.0,4817904000.0,4817904000.0
sh600288,大恒科技,2020-03-31,11.08,11.13,10.9,10.91,11.03,1872924.0,20586980.0,4765488000.0,4765488000.0
sh600288,大恒科技,2020-04-01,10.99,11.07,10.9,10.94,10.91,1747177.0,19187584.0,4778592000.0,4778592000.0
sh600288,大恒科技,2020-04-02,10.94,11.17,10.89,11.16,10.94,2072864.0,22918183.0,4874688000.0,4874688000.0
sh600288,大恒科技,2020-04-03,11.22,11.22,11.0,11.07,11.16,1721367.0,19064906.0,4835376000.0,4835376000.0
sh600288,大恒科技,2020-04-07,11.21,11.33,11.17,11.3,11.07,2737070.0,30825091.0,4935840000.0,4935840000.0
sh600288,大恒科技,2020-04-08,11.21,11.49,11.21,11.41,11.3,2347334.0,26673088.0,4983888000.0,4983888000.0
sh600288,大恒科技,2020-04-09,11.41,11.54,11.41,11.43,11.41,2447453.0,28100138.0,4992624000.0,4992624000.0
sh600288,大恒科技,2020-04-10,11.54,11.54,11.15,11.2,11.43,2681434.0,30373226.0,4892160000.0,4892160000.0
sh600288,大恒科技,2020-04-13,11.13,11.18,11.0,11.1,11.2,1366200.0,15148446.0,4848480000.0,4848480000.0
sh600288,大恒科技,2020-04-14,11.1,11.27,11.1,11.24,11.1,1211584.0,13556788.0,4909632000.0,4909632000.0
sh600288,大恒科技,2020-04-15,11.29,11.29,11.07,11.11,11.24,1976900.0,22091562.0,4852848000.0,4852848000.0
sh600288,大恒科技,2020-04-16,11.13,11.14,10.97,11.1,11.11,2764923.0,30549513.0,4848480000.0,4848480000.0
sh600288,大恒科技,2020-04-17,11.15,11.23,11.06,11.08,11.1,3089125.0,34398032.0,4839744000.0,4839744000.0
sh600288,大恒科技,2020-04-20,10.99,11.27,10.99,11.21,11.08,2514963.0,28111073.0,4896528000.0,4896528000.0
sh600288,大恒科技,2020-04-21,11.24,11.26,10.94,11.04,11.21,2500636.0,27642637.0,4822272000.0,4822272000.0
sh600288,大恒科技,2020-04-22,11.02,11.13,10.96,11.08,11.04,2839091.0,31323884.0,4839744000.0,4839744000.0
sh600288,大恒科技,2020-04-23,11.05,11.12,10.92,10.93,11.08,2310741.0,25380911.0,4774224000.0,4774224000.0
sh600288,大恒科技,2020-04-24,10.93,11.0,10.77,10.82,10.93,2622001.0,28532083.0,4726176000.0,4726176000.0
sh600288,大恒科技,2020-04-27,10.78,10.89,10.72,10.81,10.82,1591801.0,17189473.0,4721808000.0,4721808000.0
sh600288,大恒科技,2020-04-28,10.82,10.86,10.02,10.35,10.81,3916123.0,40701181.0,4520880000.0,4520880000.0
sh600288,大恒科技,2020-04-29,10.22,10.65,10.22,10.53,10.35,3330181.0,35126810.0,4599504000.0,4599504000.0
sh600288,大恒科技,2020-04-30,10.6,11.02,10.53,10.93,10.53,3889276.0,42116650.0,4774224000.0,4774224000.0
sh600288,大恒科技,2020-05-06,10.87,11.1,10.79,10.94,10.93,3020800.0,32963364.0,4778592000.0,4778592000.0
sh600288,大恒科技,2020-05-07,10.9,10.96,10.79,10.81,10.94,2010647.0,21840794.0,4721808000.0,4721808000.0
sh600288,大恒科技,2020-05-08,10.93,10.97,10.79,10.88,10.81,2348621.0,25540280.0,4752384000.0,4752384000.0
sh600288,大恒科技,2020-05-11,10.92,10.95,10.74,10.79,10.88,1806909.0,19562797.0,4713072000.0,4713072000.0
sh600288,大恒科技,2020-05-12,10.75,10.81,10.51,10.66,10.79,2079938.0,22180249.0,4656288000.0,4656288000.0
sh600288,大恒科技,2020-05-13,10.69,10.72,10.58,10.68,10.66,1453311.0,15482865.0,4665024000.0,4665024000.0
sh600288,大恒科技,2020-05-14,10.63,10.64,10.51,10.52,10.68,1594438.0,16821430.0,4595136000.0,4595136000.0
sh600288,大恒科技,2020-05-15,10.54,10.62,10.5,10.54,10.52,1308800.0,13822918.0,4603872000.0,4603872000.0
sh600288,大恒科技,2020-05-18,10.52,10.53,10.3,10.42,10.54,1759886.0,18346851.0,4551456000.0,4551456000.0
sh600288,大恒科技,2020-05-19,10.5,10.85,10.4,10.68,10.42,3138951.0,33443953.0,4665024000.0,4665024000.0
sh600288,大恒科技,2020-05-20,10.68,10.69,10.52,10.57,10.68,1252302.0,13269715.0,4616976000.0,4616976000.0
sh600288,大恒科技,2020-05-21,10.59,11.09,10.42,10.9,10.57,4660724.0,50425451.0,4761120000.0,4761120000.0
sh600288,大恒科技,2020-05-22,10.84,11.35,10.84,11.03,10.9,6309544.0,70148109.0,4817904000.0,4817904000.0
sh600288,大恒科技,2020-05-25,10.93,11.11,10.89,10.96,11.03,2025559.0,22220809.0,4787328000.0,4787328000.0
sh600288,大恒科技,2020-05-26,11.16,11.31,10.93,11.23,10.96,3871618.0,43096591.0,4905264000.0,4905264000.0
sh600288,大恒科技,2020-05-27,11.14,11.47,11.11,11.23,11.23,5137672.0,58056678.0,4905264000.0,4905264000.0
sh600288,大恒科技,2020-05-28,11.15,11.24,10.93,11.06,11.23,2878934.0,31856735.0,4831008000.0,4831008000.0
sh600288,大恒科技,2020-05-29,11.02,11.17,10.92,10.97,11.06,2155100.0,23774076.0,4791696000.0,4791696000.0
sh600288,大恒科技,2020-06-01,11.5,11.77,11.27,11.33,10.97,7290552.0,83469579.0,4948944000.0,4948944000.0
sh600288,大恒科技,2020-06-02,11.33,12.2,11.26,12.05,11.33,12770772.0,150905104.0,5263440000.0,5263440000.0
sh600288,大恒科技,2020-06-03,11.99,12.15,11.79,12.04,12.05,7269614.0,86902177.0,5259072000.0,5259072000.0
sh600288,大恒科技,2020-06-04,12.04,12.09,11.78,11.82,12.04,4098039.0,48768270.0,5162976000.0,5162976000.0
sh600288,大恒科技,2020-06-05,11.82,12.08,11.77,12.03,11.82,4925411.0,58847204.0,5254704000.0,5254704000.0
sh600288,大恒科技,2020-06-08,12.05,12.19,11.8,11.86,12.03,3248300.0,38743778.0,5180448000.0,5180448000.0
sh600288,大恒科技,2020-06-09,11.86,11.92,11.65,11.7,11.86,3135601.0,36790623.0,5110560000.0,5110560000.0
sh600288,大恒科技,2020-06-10,11.63,11.72,11.52,11.63,11.7,1473701.0,17086347.0,5079984000.0,5079984000.0
sh600288,大恒科技,2020-06-11,11.65,11.74,11.55,11.65,11.63,1786523.0,20784330.0,5088720000.0,5088720000.0
sh600288,大恒科技,2020-06-12,11.46,11.62,11.36,11.53,11.65,1882189.0,21658598.0,5036304000.0,5036304000.0
sh600288,大恒科技,2020-06-15,11.7,11.88,11.47,11.6,11.53,2131950.0,24838099.0,5066880000.0,5066880000.0
sh600288,大恒科技,2020-06-16,11.58,11.68,11.52,11.67,11.6,1935200.0,22470081.0,5097456000.0,5097456000.0
sh600288,大恒科技,2020-06-17,11.68,11.7,11.49,11.58,11.67,1437000.0,16645106.0,5058144000.0,5058144000.0
sh600288,大恒科技,2020-06-18,11.58,11.62,11.49,11.5,11.58,1942713.0,22394718.0,5023200000.0,5023200000.0
sh600288,大恒科技,2020-06-19,11.51,11.57,11.42,11.46,11.5,2163300.0,24831559.0,5005728000.0,5005728000.0
sh600288,大恒科技,2020-06-22,11.5,11.58,11.4,11.52,11.46,2553201.0,29362864.0,5031936000.0,5031936000.0
sh600288,大恒科技,2020-06-23,11.56,11.56,11.35,11.38,11.52,2898724.0,33064997.0,4970784000.0,4970784000.0
sh600288,大恒科技,2020-06-24,11.38,11.81,11.26,11.53,11.38,5205671.0,60047196.0,5036304000.0,5036304000.0
sh600288,大恒科技,2020-06-29,11.4,11.44,11.21,11.31,11.53,2934222.0,33246812.0,4940208000.0,4940208000.0
sh600288,大恒科技,2020-06-30,11.31,11.5,11.31,11.44,11.31,2272406.0,25950056.0,4996992000.0,4996992000.0
sh600288,大恒科技,2020-07-01,11.45,11.78,11.44,11.55,11.44,2959178.0,34307606.0,5045040000.0,5045040000.0
sh600288,大恒科技,2020-07-02,11.53,11.68,11.44,11.56,11.55,4184715.0,48297980.0,5049408000.0,5049408000.0
sh600288,大恒科技,2020-07-03,11.53,12.04,11.48,11.91,11.56,6853908.0,80572381.0,5202288000.0,5202288000.0
sh600288,大恒科技,2020-07-06,12.09,12.39,11.89,12.3,11.91,10766900.0,130952561.0,5372640000.0,5372640000.0
sh600288,大恒科技,2020-07-07,12.3,12.38,12.0,12.18,12.3,8490435.0,103883856.0,5320224000.0,5320224000.0
sh600288,大恒科技,2020-07-08,12.23,12.32,12.07,12.28,12.18,5396452.0,65897625.0,5363904000.0,5363904000.0
sh600288,大恒科技,2020-07-09,12.3,12.55,12.25,12.45,12.28,7611138.0,94365989.0,5438160000.0,5438160000.0
sh600288,大恒科技,2020-07-10,12.46,12.57,12.25,12.37,12.45,6828763.0,84437134.0,5403216000.0,5403216000.0
sh600288,大恒科技,2020-07-13,12.48,12.65,12.37,12.57,12.37,6159840.0,77178729.0,5490576000.0,5490576000.0
sh600288,大恒科技,2020-07-14,12.68,12.95,12.41,12.67,12.57,7573163.0,96084700.0,5534256000.0,5534256000.0
sh600288,大恒科技,2020-07-15,12.61,12.7,12.09,12.1,12.67,8769532.0,108229732.0,5285280000.0,5285280000.0
sh600288,大恒科技,2020-07-16,12.14,12.25,11.72,11.78,12.1,7019575.0,84095416.0,5145504000.0,5145504000.0
sh600288,大恒科技,2020-07-17,11.72,11.94,11.51,11.69,11.78,4294886.0,50119918.0,5106192000.0,5106192000.0
sh600288,大恒科技,2020-07-20,11.72,11.94,11.65,11.92,11.69,2883791.0,34078064.0,5206656000.0,5206656000.0
sh600288,大恒科技,2020-07-21,11.98,12.15,11.9,12.06,11.92,3173041.0,38145152.0,5267808000.0,5267808000.0
sh600288,大恒科技,2020-07-22,12.06,12.14,12.0,12.01,12.06,2703654.0,32611488.0,5245968000.0,5245968000.0
sh600288,XD大恒科,2020-07-23,12.0,12.04,11.6,11.82,12.0,3404399.0,40115447.0,5162976000.0,5162976000.0
sh600288,大恒科技,2020-07-24,11.77,11.96,11.36,11.38,11.82,3983613.0,46270939.0,4970784000.0,4970784000.0
sh600288,大恒科技,2020-07-27,11.6,11.68,11.17,11.23,11.38,2605381.0,29478338.0,4905264000.0,4905264000.0
sh600288,大恒科技,2020-07-28,11.33,11.41,11.19,11.33,11.23,2270709.0,25696150.0,4948944000.0,4948944000.0
sh600288,大恒科技,2020-07-29,11.3,11.55,11.23,11.54,11.33,2506563.0,28618434.0,5040672000.0,5040672000.0
sh600288,大恒科技,2020-07-30,11.48,11.84,11.37,11.71,11.54,4095727.0,47594439.0,5114928000.0,5114928000.0
sh600288,大恒科技,2020-07-31,11.68,11.8,11.48,11.67,11.71,2615017.0,30468609.0,5097456000.0,5097456000.0
sh600288,大恒科技,2020-08-03,11.68,11.88,11.59,11.83,11.67,5393274.0,63386208.0,5167344000.0,5167344000.0
sh600288,大恒科技,2020-08-04,11.81,11.86,11.6,11.68,11.83,4482328.0,52547779.0,5101824000.0,5101824000.0
sh600288,大恒科技,2020-08-05,11.78,11.83,11.61,11.7,11.68,3135530.0,36681315.0,5110560000.0,5110560000.0
sh600288,大恒科技,2020-08-06,11.7,11.71,11.47,11.69,11.7,3636800.0,42181556.0,5106192000.0,5106192000.0
sh600288,大恒科技,2020-08-07,11.73,11.73,11.23,11.36,11.69,4019922.0,45831453.0,4962048000.0,4962048000.0
sh600288,大恒科技,2020-08-10,11.21,11.53,11.21,11.44,11.36,2389750.0,27340528.0,4996992000.0,4996992000.0
sh600288,大恒科技,2020-08-11,11.42,11.74,11.37,11.51,11.44,4733904.0,54761867.0,5027568000.0,5027568000.0
sh600288,大恒科技,2020-08-12,11.57,11.58,11.22,11.34,11.51,3847910.0,43521582.0,4953312000.0,4953312000.0
sh600288,大恒科技,2020-08-13,11.37,11.51,11.35,11.39,11.34,2664200.0,30411041.0,4975152000.0,4975152000.0
sh600288,大恒科技,2020-08-14,11.39,11.41,11.29,11.39,11.39,2653500.0,30118027.0,4975152000.0,4975152000.0
sh600288,大恒科技,2020-08-17,11.38,11.54,11.36,11.52,11.39,2199674.0,25253294.0,5031936000.0,5031936000.0
sh600288,大恒科技,2020-08-18,11.5,11.65,11.47,11.56,11.52,3139000.0,36309046.0,5049408000.0,5049408000.0
sh600288,大恒科技,2020-08-19,11.57,11.66,11.46,11.53,11.56,2392600.0,27584869.0,5036304000.0,5036304000.0
sh600288,大恒科技,2020-08-20,11.42,11.55,11.36,11.47,11.53,1706011.0,19559950.0,5010096000.0,5010096000.0
sh600288,大恒科技,2020-08-21,11.48,11.59,11.4,11.5,11.47,1435720.0,16508784.0,5023200000.0,5023200000.0
sh600288,大恒科技,2020-08-24,11.52,11.72,11.46,11.69,11.5,3164390.0,36789509.0,5106192000.0,5106192000.0
sh600288,大恒科技,2020-08-25,11.75,11.8,11.52,11.56,11.69,3067153.0,35769641.0,5049408000.0,5049408000.0
sh600288,大恒科技,2020-08-26,11.52,11.78,11.51,11.58,11.56,3828755.0,44528161.0,5058144000.0,5058144000.0
sh600288,大恒科技,2020-08-27,11.58,11.84,11.48,11.7,11.58,3230127.0,37783808.0,5110560000.0,5110560000.0
sh600288,大恒科技,2020-08-28,11.73,12.05,11.65,11.93,11.7,5176098.0,61587416.0,5211024000.0,5211024000.0
sh600288,大恒科技,2020-08-31,11.94,12.09,11.73,11.74,11.93,3599719.0,42740118.0,5128032000.0,5128032000.0
sh600288,大恒科技,2020-09-01,11.74,11.82,11.7,11.81,11.74,1916178.0,22517525.0,5158608000.0,5158608000.0
sh600288,大恒科技,2020-09-02,11.83,11.94,11.68,11.92,11.81,3160025.0,37493903.0,5206656000.0,5206656000.0
sh600288,大恒科技,2020-09-03,11.97,11.97,11.75,11.9,11.92,2810388.0,33322129.0,5197920000.0,5197920000.0
sh600288,大恒科技,2020-09-04,11.8,11.93,11.69,11.89,11.9,2859246.0,33762575.0,5193552000.0,5193552000.0
sh600288,大恒科技,2020-09-07,11.99,12.09,11.68,11.83,11.89,3734410.0,44402706.0,5167344000.0,5167344000.0
sh600288,大恒科技,2020-09-08,11.78,11.85,11.58,11.75,11.83,3687692.0,43139932.0,5132400000.0,5132400000.0
sh600288,大恒科技,2020-09-09,11.69,11.82,11.5,11.54,11.75,3197552.0,37182980.0,5040672000.0,5040672000.0
sh600288,大恒科技,2020-09-10,11.52,11.67,11.26,11.3,11.54,2928781.0,33526027.0,4935840000.0,4935840000.0
sh600288,大恒科技,2020-09-11,11.29,11.42,11.22,11.34,11.3,1477314.0,16729190.0,4953312000.0,4953312000.0
sh600288,大恒科技,2020-09-14,11.36,11.53,11.34,11.43,11.34,1536908.0,17564687.0,4992624000.0,4992624000.0
sh600288,大恒科技,2020-09-15,11.4,11.48,11.32,11.38,11.43,1367100.0,15559763.0,4970784000.0,4970784000.0
sh600288,大恒科技,2020-09-16,11.31,11.39,11.28,11.32,11.38,1111426.0,12575903.0,4944576000.0,4944576000.0
sh600288,大恒科技,2020-09-17,11.32,11.42,11.25,11.38,11.32,1273942.0,14420462.0,4970784000.0,4970784000.0
sh600288,大恒科技,2020-09-18,11.34,11.44,11.32,11.41,11.38,1993828.0,22710621.0,4983888000.0,4983888000.0
sh600288,大恒科技,2020-09-21,11.39,11.47,11.33,11.42,11.41,1342370.0,15296168.0,4988256000.0,4988256000.0
sh600288,大恒科技,2020-09-22,11.33,11.39,11.26,11.3,11.42,1320625.0,14948086.0,4935840000.0,4935840000.0
sh600288,大恒科技,2020-09-23,11.4,11.4,11.27,11.32,11.3,1160301.0,13122514.0,4944576000.0,4944576000.0
sh600288,大恒科技,2020-09-24,11.28,11.29,10.95,10.97,11.32,2753785.0,30589818.0,4791696000.0,4791696000.0
sh600288,大恒科技,2020-09-25,10.93,11.12,10.92,11.06,10.97,1250046.0,13791036.0,4831008000.0,4831008000.0
